34 
r_upper_arm 
V
-0.072149    0.011511   -0.042122
-0.071751    0.012267    0.037881
-0.071047   0.0045076    0.048145
-0.071008   0.0038621   -0.049762
-0.070458    0.010593   -0.050401
-0.069057    0.013232    0.049194
-0.06669   0.0066048   -0.056739
-0.066523    0.016719   -0.042118
-0.064827   -0.012725    0.054412
-0.063302   -0.030066    0.037914
-0.062333   -0.028507   -0.049512
-0.061122   -0.028549     0.05147
-0.060523  -0.0016532   -0.062132
-0.05862   -0.034006   -0.050061
-0.058021   -0.034722    0.048347
-0.056942   -0.029455   -0.056608
-0.052963   -0.023098   -0.062118
-0.052036   -0.035914   -0.049426
-0.051404     -0.0366    0.048102
-0.045389  -0.0065025    0.097882
-0.044048    0.028362    0.067882
-0.042792    0.013227    0.097882
-0.035446    0.029807    -0.06212
-0.034163     0.03274    0.067883
-0.027004    0.025341    0.097883
-0.023669   -0.025551    0.097883
-0.021894   -0.035938    0.067883
-0.018618   -0.032984   -0.062122
-0.013546   -0.024887    0.097883
-0.012747     0.03589   -0.060107
-0.0074441    0.037311   -0.054617
-0.0072749    0.022743    0.097883
-0.0068277   -0.031029    0.067883
-0.0055178    0.037885    -0.01616
-0.0045816   -0.033318   -0.055253
-0.0044472     -0.0204    0.097883
-0.0029127     0.03349    0.052235
-0.0010213   -0.030485   -0.061639
0.00035229    0.016054    0.097883
0.0048405   0.0069561   -0.058117
0.0054635    0.030125    0.048158
0.0055025   -0.003167    0.097883
0.0061841   -0.028949   -0.058214
0.010668   -0.027741   -0.049912
0.010672   -0.020423    0.050239
0.014657     0.02375    0.000658
0.01652    0.018337    0.048247
0.01809    0.018458    0.037885
0.018913    0.016352   -0.006117
0.02068  -0.0067473    0.037876
0.021694   0.0064653     0.03788
0.02185  0.00074501  0.00089514
F
28  23  38
28  17  23
28  16  17
23   7   5
23  13   7
9   3  10
9  10  12
12  20   9
9  20   3
15  20  12
15  26  20
10  15  12
10   3   4
10  14  15
10   4  11
10  11  14
27  15  19
27  26  15
27  19  18
27  18  35
27  29  26
24  21  25
24  23   8
24   8  21
24  34  31
24  31  30
24  30  23
21   6  22
21   2   6
21   8   2
21  22  25
3  22   6
3  20  22
6  2  3
2  8  1
15  14  19
19  14  18
5  7  4
5  4  1
1  3  2
1  4  3
1  8  5
8  23   5
23  17  13
23  30  38
14  16  18
14  11  16
18  16  28
18  28  35
7  11   4
7  16  11
7  17  16
7  13  17
40  49  52
40  52  43
40  31  49
40  43  38
40  38  30
40  30  31
35  44  27
27  33  29
27  44  33
33  44  45
33  36  29
52  50  44
38  43  35
35  43  44
45  50  36
45  36  33
46  49  31
49  51  52
49  46  48
49  48  51
52  44  43
51  50  52
45  44  50
46  31  34
46  34  41
41  47  48
41  48  46
37  34  24
24  32  37
24  25  32
35  28  38
51  47  39
51  48  47
51  42  50
51  39  42
37  32  41
47  41  32
47  32  39
37  41  34
50  42  36
36  42  39
39  32  22
39  22  36
32  25  22
22  20  26
22  26  36
26  29  36
