36 
r_forearm 
V
-0.059639   -0.010213    0.047395
-0.059589    0.011291    0.047396
-0.056822  0.00049187    -0.01966
-0.0563   -0.016939    0.048099
-0.0563     0.01792      0.0481
-0.055367  -0.0089743     -0.0195
-0.055221    0.010383   -0.019485
-0.051228   -0.016528   -0.019097
-0.05067    0.018174   -0.019046
-0.045511   0.0081546   -0.053028
-0.044034    0.028729    0.047458
-0.044034   -0.027747    0.047458
-0.043799    -0.02284   -0.018481
-0.043157    0.024196   -0.018433
-0.037416   -0.012671   -0.064334
-0.03642     0.01874   -0.058271
-0.035869   -0.019141    -0.05622
-0.035674  0.00049075       0.066
-0.035673  0.00049163      -0.074
-0.034151  -0.0071628       0.066
-0.032513   -0.028207   -0.009258
-0.030749   -0.030884    0.048125
-0.030181    0.031999    0.048104
-0.025167    0.025786   -0.049356
-0.023327    0.018968       0.066
-0.023326   -0.017986      -0.074
-0.023326    0.018969      -0.074
-0.022013   -0.025318   -0.049157
-0.015674   -0.019509       0.066
-0.015673    -0.02987   -0.011701
-0.015672     0.03053   -0.017149
-0.010778    0.033005    0.046676
-0.010774   -0.032021    0.046674
-0.0080191   -0.017986      -0.074
-0.0069908   -0.031717    0.043665
-0.0057708   -0.024697   -0.049242
-0.0057699    0.025692   -0.049272
-0.0052964     0.03267    0.039811
-0.0018941   -0.030911    0.025366
-0.0015316   -0.013651       0.066
-0.0015315    0.014633       0.066
-0.0015307    0.014634      -0.074
0.0020225   -0.020503   -0.052128
0.0034469    0.019831   -0.053627
0.0043264  0.00049075       0.066
0.0043273  0.00049163      -0.074
0.0082965    -0.02604   0.0034568
0.0083592    0.026998   0.0033769
0.010249  -0.0081866   -0.050331
0.010249   0.0091692   -0.050331
0.017653    0.014224  -0.0091858
0.019085  -0.0071835    -0.01086
F
4  20   1
12  20   4
12  29  20
30  33  22
30  22  21
33  29  22
22  12  21
22  29  12
12  13  21
12   4   8
12   8  13
2   1  18
2  18   5
4  1  6
4  6  8
1  3  6
1  2  3
2  7  3
2  5  7
1  20  18
7  5  9
30  21  28
13  17  21
21  17  28
3   7  10
3  15   6
3  10  15
7   9  16
7  16  10
8   6  15
8  17  13
8  15  17
11   5  25
5  18  25
23  11  25
17  26  28
15  10  19
10  16  19
15  26  17
15  19  26
23  31  14
23  32  31
23  14  11
14  31  24
31  37  24
14   9  11
11   9   5
23  25  32
14  24  16
14  16   9
24  27  16
16  27  19
37  27  24
26  34  36
26  46  34
26  19  46
26  36  28
34  43  36
34  46  43
46  19  42
46  49  43
46  50  49
46  42  44
46  44  50
42  27  37
42  19  27
42  37  44
39  35  30
39  28  36
39  30  28
39  36  47
30  35  33
47  35  39
47  36  43
47  40  35
43  49  52
43  52  47
47  52  40
35  40  33
33  40  29
32  41  38
32  25  41
49  50  51
49  51  52
50  44  51
51  45  52
38  41  48
32  38  31
38  37  31
38  48  37
48  44  37
48  51  44
48  41  51
52  45  40
51  41  45
29  18  20
29  40  41
29  41  18
40  45  41
41  25  18
