6 
head 
V
-0.10701  0.00070171  -0.0087809
-0.10651    0.010705    0.017171
-0.10588   -0.016468      0.0161
-0.096467 -2.9492e-07     0.05212
-0.093258   -0.042609    0.035609
-0.089595    0.022771     0.05918
-0.089594   -0.022772     0.05918
-0.088029    0.057832    0.016406
-0.086612     0.01801   -0.056359
-0.086158    0.046147   -0.039636
-0.086157   -0.046148   -0.039635
-0.082862   -0.022864   -0.059708
-0.073895    0.029348   -0.065405
-0.073307    0.057842    0.051294
-0.073306   -0.057842    0.051294
-0.067852    0.010794    0.085115
-0.067852   -0.010794    0.085115
-0.065131    0.033016   -0.068879
-0.065131   -0.033016   -0.068879
-0.054103    0.044484    0.079498
-0.054102   -0.044484    0.079499
-0.043873     0.08959   -0.034665
-0.043872   -0.089591   -0.034664
-0.041121    0.024654    0.094619
-0.04112   -0.024654     0.09462
-0.03906    0.089572    0.015339
-0.039059   -0.089572     0.01534
-0.029145  4.4832e-07     0.10113
-0.027732    0.058376    0.079135
-0.027731   -0.058376    0.079135
-0.0024912    0.032675     0.09717
-0.0024907   -0.032674     0.09717
0.034725    0.069797    0.059522
0.034726   -0.069795    0.059523
0.036053    0.012487    0.096341
0.047814    0.059948    0.068414
0.047815   -0.059946    0.068415
0.060496   -0.024744    0.083046
0.069358  1.2007e-06    0.081601
0.069517    0.050497   -0.068555
0.069518   -0.050496   -0.068554
0.074916    0.061861   -0.051341
0.074917   -0.061859    -0.05134
0.074993  6.5093e-07   -0.080889
0.075339    0.042466    0.056963
0.07534   -0.042463    0.056963
0.083563     0.05449   -0.048717
0.083564   -0.054489   -0.048716
0.085327  1.2619e-06    0.061892
0.090389  8.0791e-07   -0.073219
0.092544    0.016007    0.038283
0.10306  1.0654e-06   -0.031976
F
1   8  10
1  2  8
2  4  6
2  6  8
3  2  1
4  2  3
4  3  5
4  5  7
1   9  12
1  12   3
3  12  11
23   5  11
22  10   8
23  34  27
23  43  34
23  41  43
22  42  40
22  26  33
22  33  42
23  27   5
22   8  26
27  34  30
26  29  33
27  30  15
26  14  29
23  19  41
22  40  18
23  11  19
22  18  10
26   8  14
27  15   5
12   9  13
12  13  19
13  18  19
28  25  32
28  31  24
17  25  28
16  28  24
28  16  17
17  16   7
16   6   7
7  6  4
19  44  41
18  40  44
19  18  44
15   7   5
6  14   8
10   9   1
11   5   3
6  16  14
19  11  12
13   9  10
10  18  13
21   7  15
21  17   7
20  14  16
21  15  30
20  29  14
21  25  17
20  16  24
21  30  25
20  24  29
30  32  25
29  24  31
46  43  48
42  51  47
42  45  51
38  28  32
38  35  28
31  28  35
46  37  34
46  34  43
45  42  33
45  33  36
30  37  32
29  31  36
32  37  38
31  35  36
37  30  34
36  33  29
35  39  45
39  35  38
39  38  46
39  46  49
39  49  45
36  35  45
38  37  46
46  48  52
46  52  49
51  52  47
51  49  52
45  49  51
44  50  41
44  40  50
41  48  43
40  42  47
41  50  48
40  47  50
50  52  48
50  47  52
