10 
l_upper_leg 
V
-0.052255    0.013369     0.13545
-0.050124   -0.019089     0.12246
-0.048257 -0.00038526    0.040099
-0.048052    0.026761     0.13832
-0.043421   -0.033754     0.11548
-0.037079    0.038679     0.13923
-0.035439 -0.00038909     0.15943
-0.032851     -0.0134     0.15943
-0.030542    0.038109   -0.076625
-0.030542   -0.038891   -0.076624
-0.02548    0.023653     0.15943
-0.024827   -0.047294    0.049371
-0.023714    0.038108   -0.086844
-0.022706    0.048441    0.072769
-0.015279   -0.048042     0.10941
-0.015249    0.050791    -0.01556
-0.013494   -0.038892   -0.093672
-0.0025856    0.052183   -0.029124
-0.0024532   -0.048601   -0.015571
-0.0014399    0.038108    -0.09607
-0.001439     0.04753     0.13883
-0.0014389    0.033611     0.15943
-0.0014387   -0.034389     0.15943
0.010615   -0.038891   -0.093672
0.0142   -0.047976     0.10931
0.019721    0.050251    0.061301
0.020834    0.038109   -0.086844
0.020834   -0.038891   -0.086844
0.022603   -0.024431     0.15943
0.027476    0.048462   -0.033377
0.030158   -0.045737    -0.01057
0.032561 -0.00038891     0.15943
0.038421    0.039524     0.13923
0.04197    0.043305    0.049624
0.046722   -0.039256    -0.01057
0.048496   -0.041502    0.049606
0.048889     0.03624   -0.031471
0.052282   -0.033358     0.11566
0.053081    0.027011     0.13836
0.057729   -0.021077   -0.030199
0.058258    0.025112   -0.014359
0.059108    0.018095   -0.029974
0.059335    0.013674     0.13553
0.059504    0.025379    0.063121
0.059709   -0.030135    0.056141
0.059785   -0.018227     0.12287
0.060841   -0.025593    0.008431
0.061624 -0.00039093   -0.029576
0.061934    -0.01495   -0.015579
0.064394   -0.013346    0.071723
0.064478   0.0044758   0.0084287
0.064521   0.0081436    0.072766
F
15  12  25
15   5  12
15  23   5
25  12  19
15  25  23
5   2  10
12  10  19
2   3  10
3  1  9
3   9  10
1  7  4
5  8  2
5  23   8
2  1  3
2  8  1
12   5  10
1  8  7
4  6  9
4  9  1
4  11   6
4   7  11
6  14   9
6  21  14
6  11  22
6  22  21
14  21  18
14  18  16
16  18   9
14  16   9
19  10  17
18  13   9
10  13  17
10   9  13
28  48  40
28  40  35
28  35  31
28  24  20
28  27  48
28  20  27
28  31  19
28  19  24
24  17  20
24  19  17
17  13  20
27  42  48
27  30  37
27  37  42
27  20  18
27  18  30
20  13  18
43  44  39
43  52  44
50  45  47
50  47  49
33  21  22
33  26  21
21  26  18
40  48  49
46  43  29
46  50  43
46  29  38
43  50  52
43  32  29
31  36  25
31  25  19
31  35  36
35  40  47
35  47  36
44  37  34
33  39  34
33  22  39
39  32  43
39  22  32
39  44  34
52  51  41
40  49  47
33  34  26
52  50  51
44  52  41
50  49  51
38  45  46
38  29  23
51  49  48
41  51  42
44  41  37
36  38  25
36  45  38
36  47  45
42  51  48
26  30  18
26  34  30
46  45  50
38  23  25
42  37  41
37  30  34
11   7  32
11  32  22
7   8  23
7  23  32
23  29  32
