10
l_upper_leg 
V
-0.178518 0.0429032  0.417426
-0.133486 0.0393618  0.376054
-0.167795 0.0427111  0.424503
-0.128621  0.130261   0.32089
-0.113218  0.134393  0.313624
-0.123897  0.129551  0.319613
-0.151674 0.0411744  0.362902
-0.10126 0.046806 0.331558
-0.105922 0.0465326   0.33687
-0.105266 0.0470841  0.337352
-0.11477 0.041694 0.330834
-0.110079 0.0413038  0.334168
-0.105844 0.0412686  0.328586
 -0.16806 0.0438546   0.42484
-0.167824 0.0428255  0.424551
-0.153913 0.0459309  0.392553
-0.153741 0.0435499  0.392782
-0.153155  0.043362  0.388278
-0.122681  0.136274  0.363255
-0.122681  0.137536  0.363196
-0.123835  0.136348  0.364887
-0.098803 0.0382514  0.326959
-0.133488 0.0403589  0.376011
-0.0945465  0.0382518   0.320928
-0.196735 0.0504975  0.404222
-0.163719  0.049915  0.353731
-0.127523 0.0420805  0.324845
-0.111682 0.0397082  0.317784
-0.111764  0.131997  0.330695
-0.110779  0.131745  0.331403
-0.114849  0.135557  0.328351
-0.113366 0.0403869  0.317944
-0.113376 0.0410799  0.317751
-0.111872 0.0402325  0.317252
-0.145053  0.136578  0.386639
-0.144891  0.137685  0.384252
-0.143899  0.136504  0.385007
-0.205241 0.0648662  0.397555
-0.159786 0.0619226  0.338061
-0.149003 0.0508914  0.334097
-0.127217 0.0438988  0.366693
-0.128749 0.0420013  0.365696
-0.126316 0.0419918  0.367417
-0.140636  0.046377  0.330559
-0.208086 0.0895571  0.394422
-0.165467 0.0870741    0.3397
-0.164624 0.0773722  0.339938
-0.106442 0.0456841  0.326123
-0.105581 0.0463632  0.326701
-0.109569 0.0417582   0.32409
-0.120637 0.0420695  0.321064
-0.130562 0.0441357  0.325603
-0.123549 0.0449157  0.322792
-0.126063 0.0438247  0.365061
-0.125163 0.0419307  0.365784
-0.127593 0.0419362  0.364065
-0.153923  0.132841  0.388598
-0.155517  0.132901  0.389921
-0.160457   0.13263  0.383987
-0.153141  0.116806  0.332881
-0.143467  0.123142  0.328114
-0.153179  0.115144   0.33306
-0.16891 0.108869 0.347157
-0.205123  0.112785  0.395462
-0.111641  0.132579   0.32982
-0.114709  0.135443  0.327269
-0.113979  0.135496  0.327131
-0.223752  0.104242  0.414567
-0.221369 0.0903088  0.411136
-0.205008 0.0566602  0.405508
-0.214512 0.0713922  0.406673
-0.193004 0.0473354  0.409187
-0.179617 0.0434094   0.41665
-0.167824 0.0428265  0.424551
-0.173683 0.0428789  0.420528
-0.167729  0.045947  0.426009
-0.167244 0.0438819  0.425416
 -0.16806 0.0438546   0.42484
-0.101894  0.131931   0.32726
-0.105326  0.131697  0.333441
-0.105929  0.132196  0.332974
-0.097318 0.0392339   0.32481
-0.110422 0.0428076  0.341852
-0.109268 0.0427335   0.34022
-0.111413 0.0415629  0.341207
-0.101879 0.0462683  0.331162
-0.105842 0.0412915  0.328585
-0.105918 0.0465277  0.336873
-0.098803 0.0382494   0.32696
-0.111718 0.0395364  0.317771
-0.0959181   0.038268   0.322871
-0.106425 0.0392702  0.315404
-0.105994  0.131627  0.322536
-0.109025  0.135122  0.320233
-0.104854  0.136117  0.323138
-0.153547   0.04575  0.388576
-0.156816 0.0456446  0.386269
-0.158853 0.0456602  0.386619
-0.111631 0.0458508  0.333783
-0.114764 0.0417081  0.330836
-0.115547 0.0417299  0.330921
-0.13999 0.136544 0.387769
-0.13999 0.137807 0.387712
-0.141144  0.136618  0.389401
-0.161173  0.132719  0.385929
-0.153196 0.0458426   0.39061
-0.111648  0.136013  0.313411
-0.111667  0.134691  0.312886
-0.113242  0.134394  0.313573
-0.130102 0.0428034  0.325866
-0.113215 0.0398852  0.318401
-0.120502 0.0410008  0.321733
-0.161116  0.102712  0.337483
-0.157406  0.105875  0.337472
 -0.16105 0.0969559  0.339781
-0.163324 0.0775708  0.339754
-0.163986 0.0870681  0.339656
-0.161424 0.0769772  0.340904
-0.159517 0.0621129  0.338261
-0.140873 0.0463645  0.330549
-0.15761 0.132535 0.382214
-0.154629  0.136751   0.38257
-0.15399 0.132625 0.383745
-0.109278  0.135041   0.33847
-0.105779  0.135043  0.338494
-0.106933  0.135117  0.340126
-0.127569 0.0418791  0.364085
-0.125119 0.0419361  0.365815
-0.111413 0.0413151  0.341218
-0.106738  0.045543  0.326851
-0.110583 0.0417367  0.324544
-0.110489 0.0417441  0.325278
-0.162261  0.103233  0.337671
-0.109906  0.135225  0.321444
-0.105483  0.136215  0.324527
-0.109529  0.136505  0.330232
-0.105371  0.135556  0.338759
-0.105371  0.136819  0.338702
-0.106525   0.13563  0.340391
-0.218976 0.0903875  0.412814
-0.221444 0.0903104  0.411072
-0.221228  0.104261  0.416327
-0.211348 0.0702106   0.40824
 -0.20112 0.0560719   0.40788
-0.186019 0.0477118  0.414183
-0.221976  0.117837  0.418723
-0.197602  0.127503  0.400112
-0.143707  0.125033  0.327734
-0.213541  0.130065  0.425248
-0.186018  0.136498  0.407896
-0.0956838  0.0472895   0.334271
-0.0998578  0.0471828   0.331937
-0.100877  0.047624  0.341614
-0.163455  0.137733  0.378864
-0.168056  0.140565  0.420414
-0.185019  0.139764  0.444488
-0.168056  0.140602  0.420413
-0.200746  0.137059  0.433709
-0.110153  0.134906  0.320975
-0.114397  0.135274  0.326995
-0.149626  0.133774  0.360129
-0.165357 0.0870876  0.339718
-0.133493  0.139864  0.371472
-0.169746  0.140531  0.422811
-0.169746  0.139536  0.422857
-0.133506  0.140859  0.371444
-0.110894   0.13194  0.329474
-0.109574  0.136526  0.330199
-0.109913  0.131689  0.330179
-0.0954065   0.136179   0.329816
-0.0954059   0.131684   0.330021
-0.105009  0.131374  0.323244
-0.185071  0.138763  0.444607
-0.199271  0.134474  0.435054
-0.184341  0.136781  0.445398
-0.0968177  0.0471237   0.341607
-0.101165  0.047142  0.342045
-0.101227 0.0426623  0.342569
-0.184254  0.138789  0.445184
-0.185071  0.138763  0.444607
-0.185019  0.139764  0.444488
-0.211238  0.128369  0.426905
-0.219329  0.117369  0.420518
-0.148463 0.0519221  0.333734
-0.140393   0.04747  0.330092
-0.202775  0.111985  0.397159
-0.205495 0.0896421  0.396262
-0.205619 0.0896338  0.396163
-0.218806 0.0903925  0.412933
-0.156826  0.132555  0.382313
-0.153558   0.13266   0.38462
-0.153208  0.132753  0.386655
-0.203535 0.0682216  0.398584
-0.184542 0.0883513  0.367854
-0.157699  0.105929   0.33729
-0.205791 0.0895995  0.396031
-0.133943 0.0475608   0.32789
-0.197625 0.0554631  0.403245
-0.159241 0.0678938  0.339709
-0.162433 0.0871107  0.340753
-0.186402 0.0480073   0.41146
-0.161764 0.0516799  0.355201
-0.108124  0.134967  0.336839
-0.161277 0.0441466  0.390981
-0.167159 0.0458453  0.425203
-0.167157 0.0458683  0.425203
-0.160561 0.0441042  0.387934
-0.150584 0.0439461  0.363577
-0.106922 0.0435058  0.344295
-0.105768 0.0434317  0.342663
-0.108113 0.0433561  0.341008
-0.132577 0.0403802  0.376455
-0.149425 0.0437407  0.400175
-0.167723 0.0459446  0.426001
-0.0946738   0.131276   0.332068
-0.100887  0.131536  0.337795
-0.0956944   0.131203   0.330451
-0.167244 0.0438809  0.425416
-0.159606 0.0439778  0.393733
-0.156476 0.0437571  0.394484
-0.146033 0.0431716  0.390189
-0.143584 0.0431578  0.391924
-0.15798 0.132903 0.390543
-0.161422  0.136074  0.386844
-0.161285  0.132737  0.386703
-0.157871 0.0438049  0.386232
-0.110349 0.0417889  0.324172
-0.13564 0.124863 0.325533
-0.112248  0.132043  0.329777
-0.110707  0.131506  0.331326
-0.112338   0.13238  0.330455
-0.107318  0.131734   0.32282
-0.109782  0.134992  0.320316
-0.10703 0.131715 0.322412
-0.167141  0.137599  0.420988
-0.184341  0.136819  0.445396
-0.162222  0.103375  0.337654
-0.16893 0.139562 0.423433
-0.17092 0.137474 0.426349
-0.184341  0.136781  0.445398
-0.184726  0.133879  0.408757
-0.0989253  0.0471653    0.34255
-0.0969948  0.0470696   0.341277
-0.0990103  0.0476434   0.342035
-0.105591  0.131837  0.333229
-0.149493  0.138002  0.395963
-0.195694  0.125601  0.401463
-0.14604  0.13784 0.385881
-0.167143  0.137635  0.420985
-0.159668  0.136747  0.389673
-0.156425  0.137259  0.390402
-0.144892  0.137862  0.384243
-0.160681  0.135747  0.383686
-0.110454 0.0428665  0.341827
-0.109267 0.0434302   0.34264
-0.108125 0.0434247  0.340997
-0.0941805   0.131772   0.331961
-0.16044 0.123751 0.352837
-0.111923 0.0463619  0.333246
-0.115572 0.0417808  0.330874
-0.115876 0.0417799  0.331272
-0.107307 0.0460655  0.326719
-0.107019 0.0460469  0.326311
-0.110679  0.041831  0.324527
-0.141133 0.0435704  0.393636
-0.143583 0.0432286  0.391919
-0.142429 0.0431276  0.390288
-0.0973924  0.0475972   0.341015
-0.0946631  0.0473632   0.335888
-0.0943658   0.131877    0.33426
-0.0951252   0.136171    0.32965
-0.0946873   0.136369   0.333993
-0.141226 0.0451887  0.393497
-0.143625 0.0432233  0.391889
-0.144527 0.0450912  0.391166
-0.115109  0.135295  0.327859
-0.110628  0.136494  0.331294
-0.0908029   0.043726   0.316463
-0.0884575  0.0438016   0.318119
-0.0896489  0.0436519   0.314832
-0.139979 0.0434693  0.392006
-0.126104 0.0419534   0.36721
-0.142429 0.0431256  0.390288
 -0.13267 0.0423811  0.376495
-0.106525   0.13688  0.340334
-0.0947379   0.131913   0.334203
-0.142471 0.0431232  0.390259
-0.140072 0.0451146  0.391865
-0.158924 0.0681329  0.340035
-0.143373 0.0450171  0.389535
-0.112223  0.132049  0.329755
-0.115031  0.135393  0.327617
-0.11474 0.135371 0.327211
-0.103554   0.13718  0.309656
-0.103721  0.135943  0.309021
-0.106539  0.135567  0.310309
-0.0869074   0.135356   0.312606
-0.0880608   0.135521   0.314233
-0.0880612   0.134166   0.314295
-0.107359    0.1317   0.32282
-0.107318  0.132115  0.323416
-0.110017   0.13508  0.320728
-0.153653 0.0459368  0.392879
 -0.15829 0.0439174  0.394557
-0.0948145   0.046918   0.338049
-0.0941697    0.04686   0.335826
-0.0950844   0.047448   0.337752
-0.116054  0.041583  0.331609
-0.112271 0.0431346  0.317519
-0.126273 0.0419932  0.367448
-0.128723 0.0419392  0.365717
-0.146045  0.137759  0.385884
-0.123823 0.0436146  0.369106
-0.123823 0.0423389  0.369165
-0.122669 0.0435405  0.367475
-0.105604  0.130805  0.324074
-0.107077  0.131625  0.322383
-0.105297  0.130893  0.323675
-0.0964626  0.0392608   0.325332
-0.123916 0.0439972  0.369023
-0.114867  0.135701  0.328339
-0.110271  0.136851  0.335235
 -0.15851 0.0628388  0.338063
-0.122669 0.0422778  0.367532
-0.126273 0.0419972  0.367447
-0.125119 0.0419361  0.365815
-0.106859  0.131683   0.32376
-0.105536  0.136265  0.324488
-0.109901  0.135191  0.321449
-0.0998685   0.131096   0.328117
-0.104484  0.131392  0.334645
-0.162263 0.0871255  0.340871
-0.113053 0.0432331  0.317882
-0.122762 0.0439231  0.367392
-0.0953952  0.0467715   0.333886
-0.104942  0.041294  0.327383
-0.0919896  0.0431623    0.31565
-0.089661 0.0437204   0.31482
-0.0908039  0.0430293   0.314043
-0.162576 0.0871346  0.340606
-0.106065 0.0413079  0.338845
-0.144539  0.136115  0.387023
-0.143697  0.137997  0.387533
-0.146057  0.137831  0.385872
-0.160446 0.0457202  0.387942
-0.108963 0.0413192  0.342951
-0.101149 0.0470928  0.341909
-0.106606 0.0434021  0.344523
-0.109028 0.0413541  0.342903
-0.106513 0.0417029  0.344666
-0.109908 0.0433037  0.342193
-0.0990866   0.136433   0.307303
-0.103745  0.136312  0.309074
-0.0949586   0.136822   0.306414
-0.101534   0.13155  0.327587
-0.105441  0.131651  0.323845
-0.105359 0.0416817  0.343032
-0.108963 0.0413622  0.342949
-0.107809  0.041341  0.341315
-0.147662  0.117234  0.331929
-0.126589  0.135759  0.362966
-0.125435  0.135685  0.361334
-0.123089  0.135761  0.362989
-0.101183  0.132091  0.338127
-0.0990209   0.131556   0.338215
-0.105359 0.0416827  0.343032
-0.107877 0.0413328  0.341267
-0.105452  0.043328  0.342891
-0.0873036  0.0437275   0.316487
-0.108754 0.0432296  0.340561
-0.109919  0.135127  0.338013
-0.109118  0.137069  0.338492
-0.111443  0.136873  0.336857
-0.105802  0.131191   0.32439
-0.107344  0.131728  0.322841
-0.105826  0.130323  0.324228
-0.101197  0.131424  0.327733
-0.106065 0.0424887  0.338791
-0.111351 0.0467337   0.33486
-0.106065 0.0413139  0.338844
-0.110876 0.0413096  0.335442
-0.100295 0.0412671  0.330671
-0.100295 0.0421182  0.330632
-0.101165 0.0426467  0.342249
-0.100295   0.04127   0.33067
-0.0953946  0.0422762    0.33409
-0.0941696  0.0423646    0.33603
-0.0946753  0.0424663   0.338267
-0.160811 0.0459012  0.391919
-0.157543 0.0460066  0.394226
-0.155506 0.0459909  0.393876
-0.133419 0.0472639  0.327589
-0.149213 0.0552293  0.335581
-0.0922699  0.0413391   0.319296
-0.139979  0.044732  0.391948
-0.112298 0.0429581  0.317491
-0.0980536   0.041271   0.327494
-0.0951803  0.0411247   0.323413
-0.164617 0.0773252  0.339915
-0.107355 0.0461538   0.32668
-0.105575 0.0469984  0.327902
-0.105305 0.0470843  0.327477
-0.141541 0.0452924  0.393269
-0.140387 0.0452183  0.391637
-0.142732 0.0451427  0.389982
-0.107434  0.132065  0.323521
-0.158864   0.13257  0.382663
-0.0929494  0.0415151   0.315047
-0.0951745  0.0412879   0.323414
-0.0904965   0.041481   0.316778
-0.157457  0.137178  0.390709
-0.097056   0.13206  0.337334
-0.098936  0.132077  0.338685
-0.097403  0.131509  0.337196
-0.0952421  0.0419336   0.310723
-0.107169 0.0423896  0.315013
-0.155851 0.0456161  0.386388
 -0.09071 0.0394958   0.31717
-0.104474 0.0474802  0.338464
 -0.16124 0.0458982  0.391128
-0.158532 0.0459722  0.394112
-0.0863099  0.0400413    0.31091
-0.0881421  0.0436979   0.318346
-0.0906378  0.0415056   0.316681
-0.0880489  0.0418618   0.318496
-0.0914436  0.0435995   0.316016
-0.10666 0.131907 0.322204
-0.105278  0.130881   0.32365
-0.107163  0.131201   0.32206
-0.11019 0.131163 0.330595
-0.105514    0.1318  0.333215
-0.0868949  0.0419775   0.316855
-0.0904991  0.0415181   0.316778
-0.0893451  0.0416368   0.315138
-0.0862744   0.042049   0.310768
-0.110695  0.131855  0.329619
-0.111812   0.13242  0.329595
-0.0917952  0.0416217   0.313406
-0.0893451  0.0416337   0.315137
-0.0862733  0.0420608   0.310763
-0.154871 0.0456773  0.386983
-0.0868949  0.0419795   0.316855
-0.0894908  0.0416211   0.315036
-0.0869881  0.0436238   0.316715
-0.126076   0.13577  0.360877
-0.127602  0.137532  0.359718
-0.125249  0.137725  0.361371
-0.0902896  0.0435254   0.314384
-0.111734  0.132932  0.313646
-0.157554  0.132917   0.39027
-0.160822  0.132811  0.387963
-0.127763 0.0434616  0.366327
-0.126576 0.0440253   0.36714
-0.125435 0.0440207  0.365497
-0.111346  0.045999  0.333058
-0.110112 0.0412678  0.334146
-0.105359 0.0429454  0.342974
-0.110282 0.0413502  0.339565
-0.0959398  0.0391814    0.32286
-0.0863072  0.0399972   0.310908
-0.0951257  0.0392878   0.323436
-0.0874145  0.0399696   0.310744
-0.110209 0.0473982  0.334412
 -0.11226 0.0464698  0.333616
-0.161162 0.0458085  0.389884
-0.145073 0.0446531    0.3908
-0.142745 0.0452122   0.38997
-0.143887   0.04452  0.389194
-0.11073 0.130637 0.331163
-0.0988257  0.0392448   0.326946
-0.0951257  0.0392868   0.323436
-0.0980089  0.0392722   0.327522
-0.0959424  0.0392615    0.32286
-0.0919578  0.0431034   0.315675
-0.0929493  0.0418587    0.31503
-0.143886 0.0452168  0.391614
-0.168024  0.043254  0.424819
-0.0980044  0.0386753   0.327539
-0.167203 0.0438753  0.425359
-0.0988257  0.0392458   0.326946
-0.143898   0.13603   0.38748
-0.140399  0.136031  0.387504
-0.141553  0.136105  0.389136
-0.101238  0.132069    0.3385
-0.0969947   0.132022   0.337461
-0.0968295    0.13653   0.337538
-0.107967  0.136652  0.311684
-0.108038  0.135333   0.31111
-0.111718  0.134695  0.312783
-0.143931  0.136443  0.384987
-0.14391 0.135959 0.387475
-0.127581  0.137581   0.35973
-0.128731  0.137598  0.361363
-0.105586  0.130912  0.324083
-0.168021  0.139598  0.420409
-0.184254  0.138816  0.445182
-0.167204  0.139598  0.420987
-0.126115  0.137773  0.362848
-0.132641   0.13989  0.371998
-0.107809  0.041337  0.341315
-0.106066  0.041272  0.338846
-0.110259  0.041296  0.339584
-0.110259 0.0414888  0.339575
-0.153032 0.0434201  0.389641
-0.152851  0.137269  0.385355
-0.153597  0.132855  0.388709
-0.100307  0.136551  0.326334
-0.0934661   0.138089    0.31657
-0.0988215   0.138814   0.322389
-0.167216  0.140044  0.420983
-0.0980007   0.138392   0.322982
-0.141144  0.137809  0.389347
-0.101177  0.136549  0.337975
-0.106077  0.136909  0.334493
-0.0969834  0.0426146   0.341531
-0.095095  0.131361  0.333932
-0.124231 0.0441009  0.368796
-0.123077 0.0440268  0.367164
-0.125422 0.0439512  0.365509
-0.112212 0.0460546  0.334282
-0.115675 0.0417063   0.33203
-0.11026 0.131308 0.330797
-0.110497 0.0473266  0.334863
-0.112287 0.0462077  0.334083
-0.110866 0.0469015  0.335379
-0.168021  0.139571  0.420411
-0.0988175   0.138365   0.322405
-0.0951175   0.138186   0.318906
-0.110434   0.13559  0.337629
-0.110271  0.136696  0.335242
-0.10928 0.135515 0.335997
-0.0937699   0.136085   0.317092
-0.105511 0.0469389  0.337087
-0.110335 0.0465569  0.334667
-0.160722 0.0456954  0.387595
-0.111981   0.13194  0.329317
-0.110509  0.131121   0.33101
-0.0959342    0.13816   0.318329
-0.0878123   0.135318   0.308685
-0.0863811    0.13703   0.306579
-0.0874372   0.137049    0.30634
-0.0951161   0.138285   0.318898
-0.0863922   0.137021   0.306521
-0.110191 0.0472958  0.334429
-0.0917954  0.0417845   0.313398
-0.0959328    0.13822   0.318325
-0.0946759  0.0469617   0.338063
-0.110479 0.0473144  0.334837
-0.113261  0.134399  0.313518
-0.129268  0.131331  0.321461
-0.126577 0.0433286   0.36472
-0.127569 0.0420838  0.364075
-0.128723 0.0421579  0.365707
-0.0969953   0.136517   0.337257
-0.144903 0.0431287  0.388538
-0.104922  0.131294  0.323097
-0.0869074   0.135356   0.312606
-0.0893575   0.135539   0.310865
-0.0905116   0.135706   0.312492
-0.111912 0.0463685  0.333215
-0.109966 0.0470074   0.33414
-0.111279 0.0460555  0.332891
-0.0870001   0.133704   0.312615
-0.0895505   0.135544   0.310728
-0.0869074   0.135355   0.312606
-0.0903016   0.133589   0.310286
-0.115379  0.041897  0.330721
-0.110739 0.0418017  0.325006
-0.110568 0.0417626  0.324299
-0.0951137   0.046764    0.33372
-0.0943549  0.0424692   0.338329
-0.0907005   0.135711   0.312359
-0.088154  0.133778  0.314247
-0.127229  0.135845  0.362509
-0.126403  0.137756  0.363007
-0.128751  0.137578  0.361354
-0.0914556   0.133663   0.311918
-0.10572 0.135238 0.317705
-0.0951538    0.13652   0.318974
-0.0980045   0.136396   0.323078
-0.11049 0.131227 0.331018
-0.100312  0.136677  0.326323
-0.0980045   0.136395   0.323078
-0.100307  0.136021  0.326358
-0.100307  0.136549  0.326334
-0.106077  0.136391  0.334517
-0.106077  0.136905  0.334494
-0.101176  0.132054   0.33818
-0.0989371   0.136573   0.338481
-0.107821  0.137008   0.33696
-0.0919699   0.134126   0.311533
-0.0908477   0.133991   0.309881
-0.0908269   0.133508   0.312369
-0.153596  0.137437   0.38862
-0.105464  0.135167  0.338711
-0.107966  0.137007  0.336858
-0.105371  0.136818  0.338702
-0.108765  0.135053  0.336382
-0.107821  0.137002  0.336961
-0.108975  0.137064  0.338593
-0.111426   0.13692  0.336866
-0.108976  0.137085  0.338592
-0.106643 0.0397167  0.314855
-0.108165 0.0405264   0.31534
-0.106689  0.040387  0.314649
-0.106618  0.135241  0.340343
-0.0896608   0.133504   0.310743
-0.146054 0.0432219  0.390172
-0.125131   0.13772  0.361455
-0.0955308   0.131729    0.33008
-0.127744  0.136308  0.362124
-0.126621  0.136172  0.360473
-0.126601  0.135689  0.362961
-0.122774  0.135885  0.363207
-0.123835  0.137568  0.364831
-0.125131   0.13772  0.361455
-0.126285  0.137751   0.36309
-0.110079 0.0413028  0.334168
-0.123928  0.135959  0.364839
-0.111641 0.0458579  0.333785
-0.115781 0.0416876  0.331288
-0.0908148   0.133578   0.312375
-0.0873155    0.13358   0.312398
-0.0954458   0.046734   0.333898
-0.126286  0.137804   0.36309
-0.142441   0.13799  0.385971
-0.15793  0.13606 0.381892
-0.144879 0.0432753  0.388549
-0.146033 0.0433494  0.390181
-0.101541 0.0466479  0.331383
 -0.10645 0.0464166  0.327922
 -0.10588 0.0412514   0.32856
-0.140083  0.136155  0.387721
-0.142544  0.137995  0.385898
-0.143385  0.136041  0.385392
-0.143595  0.137993  0.387606
-0.107307 0.0457397  0.327347
-0.141144  0.137809  0.389347
-0.141237  0.136229  0.389353
-0.141133 0.0448061   0.39358
-0.0884695   0.133654    0.31403
-0.144879 0.0430705  0.388558
-0.11029 0.136806 0.335224
-0.142744  0.135956  0.385849
-0.112577  0.132515  0.314163
-0.0916716  0.0394567   0.316799
-0.0876655  0.0390457   0.311141
-0.0874123  0.0399544   0.310741
-0.109311  0.135454  0.335977
-0.109291  0.134971  0.338465
 -0.08648 0.0420503  0.310732
-0.0874219  0.0399051   0.310801
-0.0931901  0.0418674   0.310319
-0.0863716  0.0400377   0.310896
-0.0976424   0.039948   0.311244
-0.0874192   0.039831   0.310756
-0.0876892  0.0393647   0.311486
-0.095602 0.0397346  0.310708
 -0.10384 0.0398111  0.313292
-0.0946867   0.131874   0.334198
-0.111687  0.039776  0.317757
-0.111888 0.0409108  0.317066
-0.108185 0.0405044  0.315298
-0.0935749  0.0387738   0.311519
-0.103536 0.0391508  0.314069
-0.0879968  0.0388252   0.311622
-0.0959288  0.0380518   0.322872
-0.112263  0.132015  0.329755
-0.112223   0.13243  0.330351
-0.114973  0.135456  0.327625
-0.111425   0.13677  0.336874
-0.0943019   0.138059   0.316021
-0.0945397   0.139067   0.316312
-0.111644  0.136136  0.313433
-0.0988159   0.139356   0.322358
-0.108132 0.0398518   0.31554
-0.105587 0.0470441  0.327916
 -0.10153 0.0466893  0.331459
-0.110202  0.131208   0.33061
-0.165352 0.0870641  0.339736
-0.0929617   0.135307   0.310778
-0.0918077   0.135233   0.309146
-0.111657  0.136159  0.313419
-0.0959488    0.13932    0.31827
-0.145041 0.0445942  0.390825
-0.111888 0.0409108  0.317068
-0.0951619   0.137923   0.307258
-0.0959309   0.139149   0.318279
-0.08823 0.138226 0.307156
-0.110372 0.0418361  0.324131
-0.106399  0.137004  0.310987
-0.0876924   0.137959    0.30666
-0.111443 0.0413851  0.341194
-0.0880501   0.138152   0.307158
-0.0875881   0.137747   0.306483
-0.087432  0.137055  0.306332
-0.103533  0.137129  0.309694
-0.105874   0.13143  0.324468
-0.0962746   0.136731   0.306554
-0.0874358   0.137118   0.306455
-0.0955058   0.134756   0.306663
-0.106513 0.0430195  0.344606
-0.0864893   0.137093   0.306601
-0.154882  0.132587  0.383029
-0.106939 0.0396983  0.315024
-0.106751 0.0403404  0.314528
-0.103562 0.0390666  0.314023
-0.106413 0.0393433  0.315403
-0.107914 0.0394715  0.316093
-0.103557   0.13713    0.3097
-0.105062 0.0466925  0.327205
-0.107008 0.0460525  0.326279
-0.105254 0.0475506   0.32721
-0.106346  0.136796  0.311026
-0.112617 0.0468909  0.333632
-0.106351  0.136789  0.311022
-0.101552  0.131578  0.327518
-0.105414 0.0469031  0.327787
-0.107016 0.0456891  0.326763
-0.105863 0.0465175  0.328333
-0.106737  0.132265  0.322886
-0.109752   0.13506  0.320371
-0.103836 0.0401394  0.313291
-0.111611  0.135955  0.313464
-0.106644 0.0463025   0.32779
-0.0918136  0.0416751    0.31339
-0.0917918  0.0416684   0.313399
-0.0929493   0.041511   0.315046
-0.0908591  0.0418926   0.310381
-0.0929909  0.0416096   0.315012
-0.107136 0.0426058  0.315035
-0.0969839  0.0471099   0.341326
-0.103768 0.0423584  0.313307
-0.108159 0.0405259  0.315352
-0.107922 0.0426771  0.315416
 -0.10371 0.0423533  0.313283
-0.159498  0.132884  0.389556
-0.154733 0.0434954  0.386947
-0.103842 0.0401429  0.313281
-0.103831 0.0401518    0.3133
-0.103708 0.0423595  0.313287
-0.144912  0.137808  0.384232
-0.109526  0.136479  0.330235
 -0.15315 0.0458085  0.389289
-0.109931 0.0416752  0.323916
-0.0980567  0.0408724   0.327492
-0.127731 0.0434027  0.366352
-0.100298 0.0411821  0.330674
-0.113373 0.0410783   0.31776
-0.113052 0.0432302  0.317885
-0.107926 0.0426747  0.315408
-0.143947  0.124164  0.328437
-0.111934   0.13203  0.329347
-0.110485 0.0466781  0.333636
-0.108172 0.0405187  0.315325
-0.105286 0.0469799  0.327494
-0.110159 0.0478655  0.334145
-0.0951328   0.136423   0.318975
-0.0918077   0.135364    0.30914
-0.0929618   0.135531   0.310768
-0.0905125   0.135716   0.312491
-0.0929888   0.135466   0.310751
-0.0863093      0.135   0.306565
-0.0893587   0.135541   0.310865
-0.110074  0.135015  0.320722
-0.0941239   0.134834   0.306564
-0.128736  0.137488  0.361369
-0.127582  0.137414  0.359737
-0.0918234   0.135325   0.309131
-0.0864273   0.135015   0.306547
-0.0985651   0.134463   0.307583
 -0.10558 0.0469082  0.337095
-0.12659 0.136233 0.360492
-0.106563   0.13354  0.311126
-0.10361 0.133857 0.309531
-0.103307  0.133936  0.309412
-0.159487 0.0459738  0.393511
-0.103712  0.135933  0.309036
-0.108016  0.135328  0.311152
-0.103311  0.133944  0.309407
-0.107493  0.133407  0.311601
-0.103715  0.135943  0.309033
-0.124243  0.135835  0.364621
-0.106562  0.133538  0.311128
-0.0869072   0.134092   0.312663
-0.10189 0.131937 0.327263
-0.109466  0.135009  0.320077
-0.0908159   0.134052   0.309901
-0.111658  0.132707  0.313704
-0.107034 0.0460792  0.326272
-0.113213    0.1344  0.313639
-0.107501  0.133408  0.311587
-0.112576  0.132521  0.314169
-0.108029  0.135332  0.311128
-0.106374 0.0457406  0.325956
-0.128812  0.131416  0.321333
-0.113197  0.135657  0.314194
-0.113196  0.135659  0.314195
-0.15395 0.116005 0.333311
-0.112212 0.0463804  0.333654
-0.0864735   0.107806   0.266336
-0.0668348  0.0844229   0.281286
-0.0924915  0.0965934   0.262589
-0.0946043  0.0835274   0.261688
-0.0924881  0.0705973   0.263772
-0.0864672  0.0597728   0.268522
-0.0774576  0.0527009   0.275214
-0.0668303  0.0504583   0.282832
-0.0562035  0.0533863   0.290214
-0.0471958  0.0610391   0.296237
-0.0411778  0.0722528   0.299983
-0.0390658  0.0853184   0.300883
-0.0411812  0.0982479     0.2988
-0.0472021   0.109072   0.294051
-0.0562125   0.116145   0.287357
-0.0668392   0.118388    0.27974
-0.0774658    0.11546   0.272358
-0.0721692  0.0445501   0.252024
-0.0668296  0.0459629   0.283036
-0.0836437  0.0447499   0.256427
-0.092558 0.0451334   0.26488
-0.0975541  0.0456431   0.276096
-0.0978735  0.0462016   0.288371
-0.093467 0.0467238  0.299832
-0.0850051  0.0471301   0.308737
-0.0737761  0.0473587   0.313729
 -0.06149 0.0473748  0.314048
-0.0500155   0.047176   0.309646
-0.0411026  0.0467925   0.301193
-0.0361052  0.0462827   0.289976
-0.0357858  0.0457242   0.277701
-0.0401923  0.0452021    0.26624
-0.0486542  0.0447948   0.257335
-0.0598832  0.0445662   0.252344
-0.0668399   0.122883   0.279536
-0.0721801    0.12147   0.248524
-0.0836532    0.12167   0.252926
-0.0925675   0.122054   0.261379
-0.0975641   0.122564   0.272596
-0.0978835   0.123122   0.284871
-0.093477  0.123644  0.296332
-0.0850153    0.12405   0.305237
-0.0737861   0.124279   0.310229
-0.0615001   0.124295   0.310548
-0.050027  0.124096  0.306146
-0.0411127   0.123713   0.297692
-0.036116  0.123203  0.286475
-0.0357958   0.122645   0.274201
-0.0402023   0.122123    0.26274
-0.0486644   0.121715   0.253835
-0.0598932   0.121487   0.248843
-0.0940148   0.133291   0.321336
-0.0910296   0.133322    0.32201
-0.0893959    0.13344   0.324595
-0.117576  0.113257  0.457353
-0.0907407   0.116503   0.419426
-0.0899624   0.118138    0.41663
-0.0423071   0.087154    0.35856
-0.0355559  0.0873793   0.346168
-0.0405066   0.087449   0.355184
-0.0594139  0.0747322   0.378897
-0.0569996  0.0748101   0.380601
-0.0761541  0.0731256   0.408336
-0.136912  0.133547  0.404063
-0.139896  0.133516  0.403389
-0.14153 0.133398 0.400804
-0.0429875  0.0871387   0.353738
-0.040534 0.0872528  0.355509
-0.0405252  0.0883859   0.355422
-0.0403179  0.0877865   0.355114
-0.0922558  0.0416269   0.333605
-0.0941074   0.041539   0.333681
-0.100296 0.0412762  0.330673
-0.0894944  0.0607826   0.414199
-0.086603 0.0608757  0.416236
-0.0855334  0.0611078   0.409344
-0.0586667   0.088294   0.378809
-0.0575167  0.0883946   0.377167
-0.0575319  0.0858872    0.37727
-0.0359977  0.0969995   0.345296
-0.0405375  0.0882361    0.35524
-0.062956  0.061081  0.377012
-0.0602885   0.061167   0.378894
-0.0721152  0.0601333   0.395745
-0.166837  0.138546  0.457598
-0.167239  0.140597  0.420991
-0.184203  0.139831  0.445063
-0.0355196  0.0873806   0.346188
-0.100295 0.0418185  0.330645
 -0.08736 0.0422356  0.339774
-0.0362265  0.0763796   0.346002
-0.0406979  0.0782971   0.355094
-0.0380394     0.0873   0.344417
-0.0355598  0.0873798   0.346167
-0.0597623  0.0722136   0.378765
-0.0582346  0.0748327   0.377275
-0.0405002  0.0808084   0.355167
-0.040393 0.0828175  0.355184
-0.0576874  0.0813698   0.377365
-0.0575823    0.08388   0.377325
-0.0553409  0.0814453   0.379021
-0.0403124  0.0853255   0.355148
-0.0423109  0.0851337   0.358646
-0.13848 0.133567  0.40405
-0.138836  0.137731   0.40452
-0.0384282  0.0962262   0.343621
-0.0426279  0.0672149   0.353824
-0.0383386  0.0665903   0.344375
-0.0405254  0.0680764   0.342789
-0.0421225  0.0692317   0.354191
-0.106065  0.042189  0.338805
-0.097754 0.0417657  0.344701
-0.0415933  0.0717548   0.354552
-0.0433408  0.0733634   0.358448
-0.0669726   0.120427   0.371475
-0.0665895   0.120439   0.371745
-0.0654873   0.120364   0.370078
-0.0429672  0.0760858   0.358593
-0.0409054  0.0762844   0.354987
-0.0386382  0.0771055   0.344274
-0.0452741  0.0601144    0.35187
-0.0416713  0.0589093   0.341545
-0.0435118  0.0609932   0.340182
-0.0703758  0.0648489   0.391092
-0.0763519  0.0641904   0.404883
-0.0844795  0.0636467   0.410052
-0.0441545  0.0626589   0.352701
-0.0464155  0.0624539    0.35678
-0.0434098  0.0646794   0.353258
-0.116883 0.0924336  0.458556
-0.0944547  0.0781774   0.429014
-0.0942758  0.0761994   0.428398
-0.0571467  0.0482889    0.34983
-0.0489518  0.0496118   0.335255
-0.0480827  0.0547858   0.336169
-0.0466383  0.0522954   0.337291
-0.0475478  0.0598996   0.356088
-0.124981  0.075163  0.470319
-0.114537 0.0925729  0.460442
-0.128221 0.0933166  0.476862
-0.0518825  0.0479203   0.332894
-0.127572 0.0753934   0.46866
-0.128236 0.0933161  0.476851
-0.130695 0.0932377  0.475115
-0.0530158  0.0506297   0.331965
-0.0567358  0.0451425   0.328951
-0.0727797  0.0411457     0.3391
-0.064105 0.0422231  0.323199
-0.0576463  0.0479678   0.328169
-0.0614678  0.0431819   0.325233
-0.0738345   0.120461   0.383228
-0.0707319   0.120551   0.385334
-0.0788524   0.122153   0.395483
-0.0622242   0.046071   0.324556
-0.0674084   0.041416   0.320737
-0.0950992  0.0382492   0.323446
-0.0737325  0.0401519   0.316163
-0.0932515  0.0693184   0.424855
-0.091189 0.0718442  0.428198
-0.0906901  0.0694148   0.426637
-0.0679113  0.0443834   0.320242
-0.0586822  0.0882936   0.378798
-0.0562565  0.0883718    0.38051
-0.0759066   0.086632   0.409422
-0.0739864  0.0402243   0.316018
-0.078432 0.0840432  0.407769
-0.0759029   0.084129   0.409393
-0.0562831   0.085864   0.380605
-0.079934 0.0395329  0.312786
-0.0742122    0.04324   0.315722
-0.0861593  0.0389597   0.310414
-0.0863283  0.0390316   0.310982
-0.0922061  0.0997746   0.430971
-0.0922437   0.101709   0.430356
-0.0864018   0.122048    0.39981
-0.0862802   0.121452   0.407454
-0.0893664   0.121342   0.405274
-0.133544 0.0530666  0.448488
-0.124492 0.0610158  0.454467
-0.0942584  0.0506468   0.403339
-0.0861787  0.0420134   0.310447
-0.0862738  0.0420629   0.310767
-0.0907064  0.0384936    0.31721
-0.0924453  0.0413374   0.319544
-0.0964526  0.0382602   0.325363
-0.0931657  0.0384338   0.329368
-0.0951013  0.0382883   0.323447
-0.0979863  0.0382708   0.327536
-0.0575208  0.0883945   0.377164
-0.0551596  0.0884706    0.37883
-0.0551544  0.0859487   0.378948
-0.0595341   0.100932   0.377622
-0.0592096  0.0984359   0.377965
-0.0570186   0.101009   0.379398
-0.0721798  0.0419569   0.345619
-0.0586521  0.0488675   0.354872
-0.0475604  0.0598953   0.356082
-0.0820206   0.122051   0.393248
-0.0797155   0.122208     0.3967
-0.0828861   0.122106   0.394463
-0.0482584   0.060024   0.349759
-0.0488953  0.0597668   0.358432
-0.0452612  0.0601205   0.351873
-0.0500893  0.0596577   0.360436
-0.0884469   0.120134    0.41247
-0.0862351   0.121369   0.407358
-0.151877  0.132898  0.468728
 -0.1394 0.120752 0.477037
-0.12608  0.12778  0.45068
-0.0524392  0.0596161   0.357352
-0.0832157   0.122155   0.401983
-0.0555635  0.0982733   0.378099
-0.0559239   0.100764   0.377731
-0.0562215   0.102759    0.37743
-0.0620725   0.114101   0.372777
-0.0583405   0.111726   0.375524
-0.0610774   0.111628   0.373593
-0.0469668  0.0625652   0.350716
-0.0452534  0.0601219   0.351881
-0.0482725  0.0600234   0.349748
-0.0643722   0.118535   0.370949
-0.0601191   0.116168   0.374065
-0.0629809   0.116079   0.372045
-0.0469769   0.062568   0.350711
-0.0470601  0.0623746   0.357989
-0.132657  0.107488  0.478939
-0.0958149  0.0414482   0.332966
-0.0970588  0.0413727   0.331596
-0.0805544   0.115665   0.399611
-0.0595748   0.111963   0.377092
-0.0622398   0.111877   0.375212
-0.114464  0.136717  0.385098
-0.0959946   0.136683   0.341346
-0.0904623   0.136217   0.333662
-0.0489419  0.0621932   0.361134
-0.0463843  0.0624385   0.356796
-0.0456226  0.0644622   0.357246
-0.0846053  0.0423414   0.341829
-0.0919666  0.0650249   0.420892
-0.0705058  0.0668104   0.392444
-0.0512238  0.0621563   0.358328
-0.0456119  0.0644734    0.35725
-0.0481755  0.0642337   0.361582
-0.0911126  0.0630979   0.418316
-0.0884089  0.0631337    0.42026
-0.089515 0.0607469  0.414206
-0.079701  0.109527  0.403507
-0.0917159   0.112534   0.423954
-0.0943588   0.112449   0.422089
-0.0928234   0.118046    0.41461
-0.0777089   0.115739   0.401456
-0.0764269  0.0661589   0.406104
-0.0582246  0.0677508   0.380055
-0.0503631  0.0641898   0.358841
-0.0463011  0.0644045   0.358465
-0.0461352  0.0645974    0.35133
-0.0434089  0.0646853   0.353254
-0.0729152  0.0620265   0.398457
-0.0703068  0.0782568   0.395645
-0.0760223  0.0776221   0.409035
-0.0814295  0.0772899   0.411299
-0.0452681  0.0671268   0.351962
-0.0433954  0.0646868   0.353266
-0.0426342  0.0672137   0.353821
-0.0461466   0.064597   0.351322
-0.0944884  0.0826535   0.430117
-0.0473719   0.086814   0.361323
-0.0473738  0.0848115   0.361414
-0.0452739  0.0671286   0.351958
-0.0455074  0.0669367   0.358937
-0.0448024      0.067    0.35771
-0.0623019   0.111858   0.375169
-0.0632259   0.114352   0.374402
-0.0641673   0.116327   0.373645
-0.094596  0.110168   0.42403
-0.0920078   0.110251   0.425856
-0.0767807   0.107178   0.406226
-0.140845 0.0463523  0.401776
-0.141021 0.0438761  0.401763
-0.141725 0.0441127  0.404896
-0.0658189   0.120353   0.369844
-0.0473809  0.0667578    0.36203
-0.0448001   0.067003    0.35771
-0.0442731  0.0690211   0.357994
-0.0948809  0.0871375   0.430288
-0.0946672  0.0851342   0.430326
-0.0600295  0.0657512   0.376418
-0.0576258  0.0658287   0.378115
-0.0584169  0.0632958    0.37767
-0.049479 0.0667253  0.359342
-0.0442646  0.0690282   0.357997
-0.094899 0.0927581  0.430173
-0.0818761  0.0906259   0.417615
-0.0843272  0.0905469   0.415885
-0.0468505  0.0687878   0.362312
-0.0948999   0.101629   0.428447
-0.0924195   0.101709   0.430197
-0.0760022  0.0983169   0.408368
-0.147764 0.0479729  0.438774
-0.133431 0.0440095  0.403485
-0.13416 0.044463 0.406589
-0.0575258  0.0891795   0.377125
-0.0545707  0.0891208   0.377898
-0.0570258  0.0890417   0.376166
-0.0796152   0.068365   0.411477
-0.0766802  0.0706299   0.408158
-0.0958939   0.136703   0.341334
-0.10048 0.136032 0.326603
-0.0904769   0.136355   0.333662
-0.044693 0.0691508  0.352375
-0.0449783  0.0689583   0.359233
-0.0421216  0.0692336   0.354187
-0.0738319   0.118982   0.392111
-0.0581871    0.06776   0.380081
-0.0576933  0.0702754   0.380316
-0.0606675   0.067673   0.378331
-0.0441325  0.0716719    0.35276
-0.0421115  0.0692339   0.354196
-0.0447188  0.0691498   0.352354
-0.0437104  0.0715515   0.358274
-0.0441206  0.0716734   0.352771
-0.0444283  0.0714828   0.359515
-0.0587388  0.0837781   0.378964
-0.0576857  0.0813693   0.377366
-0.0588708  0.0812679   0.378984
-0.0939909  0.0737331   0.427436
-0.0694788  0.0624703   0.388006
-0.0463066  0.0713068   0.362583
-0.0437055  0.0715517   0.358278
-0.0433516  0.0735651   0.358439
-0.057579 0.0838801  0.377328
-0.0587423  0.0837792    0.37896
-0.0552083  0.0839566   0.378999
-0.154261  0.130928  0.467107
 -0.05802 0.0768466  0.377335
-0.055676 0.0769222   0.37899
-0.0461454  0.0777848   0.364217
-0.0586979  0.0894278   0.378736
-0.0459486  0.0733292   0.362744
-0.0949248  0.0952476   0.429903
-0.0924708  0.0928364   0.431887
-0.0949227  0.0927573   0.430156
-0.142024  0.137558  0.438961
-0.0793565    0.11194   0.407023
-0.0913734   0.114318   0.422126
-0.0784789  0.0982396   0.406643
-0.0563855  0.0940149   0.380163
-0.141519  0.046488   0.40476
-0.043752 0.0736886  0.353013
-0.0440702  0.0734996   0.359684
-0.0412508  0.0737691   0.354776
-0.0793586   0.107103    0.40448
-0.057029 0.0678668  0.378444
-0.0589323  0.0702989   0.376988
-0.0565825  0.0703747   0.378646
-0.0437659  0.0736891   0.353004
-0.0412432  0.0737704   0.354783
-0.0409091  0.0762851   0.354982
-0.0922507   0.097325   0.431472
-0.0799858   0.111446   0.402553
-0.0582772   0.107491   0.378213
-0.0608418   0.107408   0.376403
-0.0824051   0.122028   0.393708
-0.0995487    0.13146   0.395901
-0.0434083  0.0762045   0.353218
-0.0947187  0.0972464   0.429744
-0.094928 0.0952472  0.429897
-0.119722   0.11206  0.455633
-0.0838022  0.0656729   0.410492
-0.0679248  0.0894753   0.392604
-0.0455926  0.0758432   0.362882
-0.0429767  0.0760875   0.358587
-0.042757 0.0780976  0.358652
-0.141197  0.138009  0.397363
-0.141927  0.137965  0.400648
-0.0433877  0.0762053   0.353234
-0.0408901  0.0762858   0.354997
-0.0464312  0.0757662   0.364251
-0.100468 0.0421293  0.330877
-0.0869996  0.0430867   0.351879
-0.0846623  0.0426389   0.342031
-0.0427507  0.0781017   0.358655
-0.118953 0.0732338  0.457891
-0.0937048  0.0717722   0.426404
-0.093249 0.0693282  0.424873
-0.045366 0.0778594   0.36295
-0.0779924   0.115793   0.401812
-0.077892  0.113949  0.403314
-0.0893125  0.0427292   0.350627
-0.0940703   0.114231   0.420223
-0.077306  0.111519  0.404337
-0.0431631  0.0782167   0.353353
-0.0406794  0.0782969   0.355106
-0.0770714   0.109601    0.40527
-0.136867 0.0445314  0.408297
-0.140005 0.0443742  0.407602
-0.0770615   0.107237   0.406606
-0.0767176   0.105258   0.407068
-0.0573529   0.103009    0.37907
-0.106086  0.137285  0.334477
-0.138345  0.137982  0.395555
-0.043177 0.0782167  0.353343
-0.0406908  0.0782968   0.355098
-0.0620799  0.0631161   0.377539
-0.0587406  0.0657292   0.379782
-0.0612365  0.0656488    0.37802
-0.0424162   0.082625   0.358688
-0.0425368  0.0806143   0.358694
-0.0550805  0.0895258   0.378838
-0.0575972   0.091684    0.37696
-0.055196 0.0917617  0.378655
-0.0429749  0.0807285   0.353421
-0.0615527   0.109893   0.375788
-0.0759813  0.0796216   0.409222
-0.0785225  0.0795354   0.407598
-0.133636 0.0464272  0.403402
-0.135269 0.0463094  0.400817
-0.138254 0.0462783  0.400142
-0.0947255   0.105935   0.426764
-0.059212 0.0984363  0.377963
-0.0946074    0.10406   0.427798
-0.0450413  0.0823802   0.362975
-0.0451548   0.080371   0.362985
-0.0425409  0.0806141   0.358691
-0.0429557  0.0807291   0.353437
-0.0404828  0.0808088   0.355181
-0.0458749  0.0803044   0.364158
-0.0956352  0.0448101    0.33258
-0.097393 0.0413243  0.331238
-0.093236 0.0415824  0.333862
-0.0622324   0.111566   0.375231
-0.058082 0.0982118  0.376372
-0.0587828   0.093945   0.378466
-0.0924664  0.0897177   0.432044
-0.0818509   0.090628   0.417616
-0.0926614   0.133649   0.329213
-0.0972803     0.1335   0.325953
-0.0966052   0.133365   0.322969
-0.0424107   0.082624    0.35869
-0.0828861   0.122106   0.394463
-0.0457009  0.0824667   0.358344
-0.0443113  0.0824473    0.36181
-0.0403752  0.0828171   0.355195
-0.0926502  0.0448412   0.333255
-0.0575175  0.0883946   0.377166
-0.0570312  0.0884444    0.37619
-0.0655308   0.118789   0.372569
-0.0625652   0.118885   0.374662
-0.0428608  0.0827369    0.35344
-0.0427714  0.0852462   0.353414
-0.0403875   0.082817   0.355187
-0.0946394  0.0996994   0.429273
-0.0820444  0.0727559   0.411139
-0.0911852  0.0718535   0.428182
-0.0803343   0.113812   0.401087
-0.0615608   0.109893   0.375782
-0.0775717   0.113885   0.402901
-0.0875222  0.0589598   0.409904
-0.0562427  0.0889398   0.380494
-0.0562575  0.0895065   0.380458
-0.0654484  0.0895784   0.394326
-0.0427766   0.085246   0.353409
-0.040295 0.0853261  0.355161
-0.0456044  0.0849769   0.358301
-0.0818677   0.115881   0.401156
-0.0935288   0.116409   0.417456
-0.0773154   0.109651   0.405592
-0.0442157  0.0849574   0.361761
-0.0449071  0.0868971   0.362865
-0.0449373  0.0848921   0.362934
-0.0423292  0.0851342   0.358635
-0.084492  0.057811  0.404362
-0.0944779   0.110134   0.424259
-0.042288 0.0871406  0.358572
-0.116919 0.0924836  0.458528
-0.0429918  0.0872281   0.353809
-0.0441835  0.0869639     0.3617
-0.0405309  0.0873074   0.355546
-0.184346   0.13678  0.445406
-0.184203  0.139794  0.445064
-0.169125  0.137552  0.423803
-0.138822  0.051684  0.448654
-0.126947 0.0595829    0.4608
-0.129772 0.0608359  0.459505
-0.133962  0.133291  0.398132
-0.134243  0.137795  0.396786
-0.134033  0.137528  0.402451
-0.0589464   0.109977   0.377627
-0.0575782  0.0838801   0.377328
-0.055205 0.0839548  0.379002
-0.0449565  0.0848895   0.362923
-0.055195 0.0859639   0.37892
-0.0775174  0.0796226   0.406191
-0.0764681  0.0777062   0.404571
-0.0448725  0.0868996   0.362887
-0.0918556   0.136485   0.332332
-0.0940733   0.136528   0.329326
-0.0922009   0.136443   0.329231
-0.0956465   0.133618   0.328538
-0.0551579  0.0859637   0.378944
-0.047958 0.0867625  0.362118
-0.0947444   0.101637   0.428583
-0.142084  0.120142  0.475069
-0.0474129  0.0803107   0.360912
-0.140127  0.137826  0.403491
-0.0949226  0.0972249   0.429568
-0.0924634  0.0973042   0.431304
-0.0758352  0.0938369   0.408923
-0.0701801  0.0712969   0.393893
-0.0825342  0.0702315    0.41097
-0.0762404  0.0706332   0.407724
-0.0594786   0.063209   0.379374
-0.0554413  0.0794347    0.37904
-0.0451723  0.0803705   0.362975
-0.0553512   0.081447   0.379015
-0.105108 0.0458119  0.395914
-0.0449979  0.0823815   0.363002
-0.13517 0.107333 0.477145
-0.0603531   0.105419   0.376839
-0.0598537   0.102928   0.377305
-0.0553141  0.0814462   0.379039
-0.0939967  0.0737286   0.427423
-0.0917972  0.0762741   0.430164
-0.0914931  0.0738154    0.42917
-0.0945986   0.110178   0.424043
-0.0917233    0.11255   0.423972
-0.0479044  0.0757803   0.360847
-0.134321  0.133473  0.402431
-0.0783698  0.0962499   0.406916
-0.0924454  0.0997599    0.43076
-0.0949144  0.0996803   0.429018
-0.0589792   0.079259   0.378999
-0.0556727  0.0769263   0.378992
-0.0558703  0.0749079   0.378942
-0.0456087  0.0758447   0.362872
-0.135152 0.0438959  0.400752
-0.138292 0.0437781  0.400041
-0.0453748  0.0778571   0.362945
-0.168217  0.135728  0.456946
-0.184341  0.136781  0.445398
-0.0884401  0.0428635   0.351222
-0.106063 0.0411632  0.338854
-0.0949179  0.0996832   0.429035
-0.0924454  0.0997618   0.430772
-0.057348 0.0722924  0.380469
-0.0476516  0.0777947   0.360896
-0.12757  0.12548 0.449461
-0.0603588   0.105419   0.376835
-0.0487085  0.0712395   0.360584
-0.116953 0.0924825  0.458505
-0.130661  0.093239   0.47514
-0.0948651   0.104041   0.427548
-0.0923674   0.104127   0.429328
-0.0948986   0.101631   0.428459
-0.0565534  0.0703756   0.378665
-0.0562487  0.0724014    0.37879
-0.0565681  0.0703751   0.378655
-0.0463244  0.0713093   0.362572
-0.0690978  0.0605462    0.38567
-0.0459582   0.073326   0.362738
-0.0570447   0.101013   0.379379
-0.0765657   0.105226   0.406859
-0.0562106  0.0723925   0.378816
-0.0483076  0.0732593    0.36073
-0.0784718   0.086543   0.407851
-0.0606741  0.0676708   0.378326
-0.0589266  0.0702971   0.376992
-0.0594817  0.0677738   0.376714
-0.0771384  0.0661707   0.406806
-0.0582173   0.067749    0.38006
-0.0748661   0.070874   0.400759
-0.0757563  0.0688283   0.401144
-0.184208  0.139794  0.445072
-0.0575911  0.0658297   0.378137
-0.0576517  0.0658429   0.378097
  -0.0474 0.0667633  0.362019
-0.057141 0.0678754  0.378368
-0.0468601  0.0687836   0.362307
-0.0575251   0.109822   0.376187
-0.0618003   0.119457   0.372726
-0.0622989   0.119091   0.374837
-0.0570799  0.0678522   0.378407
-0.0493259  0.0687104   0.360332
-0.0924682  0.0953263   0.431632
-0.0810099  0.0923428   0.411143
-0.0924684  0.0953256   0.431622
-0.0949236  0.0952464   0.429889
 -0.05837 0.0633461  0.377699
-0.0489509  0.0621989   0.361127
-0.0481856  0.0642205   0.361578
-0.0591236  0.0612679    0.37726
-0.0592393  0.0613136   0.377186
-0.0893948   0.121315   0.405311
-0.0590165   0.096437   0.378192
-0.0565516  0.0965165   0.379932
-0.0761668   0.100795   0.407938
-0.0768524   0.118904   0.390136
-0.0613357   0.116418   0.375644
-0.0583692  0.0632972   0.377701
-0.0579048  0.0961868   0.376538
-0.0577838  0.0949414    0.37668
-0.0582378  0.0748336   0.377273
-0.0558913  0.0749093   0.378929
-0.056243 0.0723915  0.378794
-0.0944567   0.078175   0.429028
-0.0921683  0.0807351   0.431341
-0.0919841  0.0782571   0.430758
-0.103606 0.0431919  0.397112
-0.122439 0.0402315  0.389636
-0.0610918  0.0572766   0.376052
-0.0500997  0.0596544    0.36043
-0.0775404  0.0574244   0.400332
-0.0919246  0.0489001   0.405094
-0.0584085   0.100682   0.375978
-0.0580962  0.0981861   0.376312
-0.060859  0.063219  0.375947
-0.0602654  0.0587236   0.376567
-0.0602648  0.0587576   0.376565
-0.0924718  0.0953266   0.431632
-0.142609  0.134662  0.438433
-0.0587144  0.0906894   0.378667
-0.0575554  0.0904402   0.377046
-0.0914063   0.120061   0.410375
-0.0972048   0.038299   0.328088
-0.132672 0.0393873  0.376635
-0.0979863  0.0382728   0.327536
-0.0947341  0.0826472   0.429919
-0.0551597  0.0892558   0.378794
-0.0935157   0.116392   0.417395
-0.0907459   0.116505   0.419371
-0.0940838   0.114255   0.420239
-0.0429966  0.0882744   0.353721
-0.0657343   0.120442   0.369893
-0.0621624   0.114307   0.372687
-0.06139 0.058635  0.37823
-0.0642943  0.0585354   0.376181
-0.0913986   0.119973   0.410165
-0.088441  0.120095  0.412264
-0.0928635   0.118114   0.414621
-0.0403126  0.0902406   0.354927
-0.0422978  0.0887434   0.358494
-0.0830045  0.0682097   0.410757
-0.0762922   0.068645   0.407061
-0.0901762   0.067477   0.425101
-0.0951658   0.136565   0.329072
-0.0925357  0.0928472   0.431834
-0.0429919  0.0882234   0.353764
-0.0405311  0.0883027     0.3555
-0.0456407  0.0895523   0.363946
-0.075694 0.0732984  0.402584
-0.0773191   0.117241   0.392952
-0.0632276   0.114357     0.3744
-0.0552317  0.0839559   0.378984
-0.0423283  0.0907479   0.358381
-0.0422882  0.0887433   0.358499
-0.042334 0.0907477  0.358377
-0.0449124  0.0893749   0.362749
-0.0449472  0.0913795   0.362632
-0.0456045  0.0908711   0.358019
-0.0456936  0.0915579   0.363833
-0.0402965  0.0902409   0.354937
-0.0972691  0.0446923   0.329995
-0.0484216  0.0895508   0.362736
-0.0552009  0.0917613   0.378652
-0.133983 0.0424544  0.378352
-0.042778 0.0901608  0.353185
-0.0403139  0.0902403   0.354924
-0.0403934  0.0927419   0.354733
-0.0403917  0.0927418    0.35473
-0.062097 0.0631136  0.377527
-0.0608762  0.0632165   0.375935
-0.0428602  0.0926622   0.352991
-0.0885088  0.0632168   0.420193
-0.0789494  0.0639948   0.408181
-0.0893216  0.0650781   0.422691
-0.138265  0.133188  0.396187
-0.0424356  0.0932516   0.358191
-0.0870565  0.0429959   0.351886
-0.105838 0.0421645  0.338484
-0.0428662  0.0926622   0.352985
-0.0403798  0.0927426   0.354741
-0.0457119  0.0933735   0.357821
-0.0812459   0.113901   0.402054
-0.0615535   0.109896   0.375787
-0.0665903   0.120439   0.371745
-0.0655243   0.118796   0.372573
-0.0405081   0.094741   0.354532
-0.0458234  0.0940637   0.363654
-0.0965934  0.0445565    0.32701
-0.0590116  0.0964378   0.378196
-0.0425633  0.0952528    0.35801
-0.0598595   0.102928   0.377301
-0.0796316   0.105227   0.405711
-0.0424252  0.0932515   0.358198
-0.0425682  0.0952527   0.358007
-0.0450706  0.0938824   0.362432
-0.139029 0.0444563  0.408303
-0.138246 0.0466292  0.408162
-0.045205 0.0958835  0.362245
-0.0458482  0.0953736   0.357623
-0.0459815  0.0960676   0.363479
-0.040492 0.0947411  0.354542
-0.100334 0.0420528   0.33069
-0.0551597  0.0892558   0.378794
-0.0575291  0.0891794   0.377122
-0.0573423  0.0722906   0.380473
-0.0429833  0.0946606   0.352782
-0.0405094  0.0947403   0.354528
-0.0407039   0.097235   0.354228
-0.0407098   0.097235   0.354223
-0.0431876  0.0971549   0.352476
-0.0428035  0.0977475   0.357728
-0.0980135   0.139924   0.322906
-0.122186  0.140234  0.393879
-0.0931858   0.139409   0.324771
-0.133274  0.137642   0.39919
 -0.13431 0.0465629  0.406386
-0.0431936  0.0971549    0.35247
-0.0406916  0.0972357   0.354237
-0.0460876  0.0978705   0.357321
-0.0786604   0.100718   0.406211
-0.092365  0.104122  0.429313
-0.0409214  0.0992282   0.353934
-0.0462526   0.098571   0.363222
-0.116996 0.0715646  0.459657
 -0.04304 0.0997501  0.357469
-0.0947212   0.108315   0.425347
-0.0427884  0.0977528   0.357736
-0.0430433    0.09975   0.357467
-0.0454583  0.0983826   0.361954
-0.0457085   0.100379   0.361686
-0.0463386   0.099866   0.357032
-0.0465314   0.100573   0.362979
-0.0409037  0.0992287   0.353945
-0.0594703  0.0677751   0.376722
-0.167723 0.0459476  0.426001
-0.136475 0.0491591  0.449081
-0.158413 0.0465557  0.432717
-0.0900707   0.133575   0.327579
-0.0896736   0.136298   0.327771
-0.0434179  0.0991476    0.35217
-0.0409227   0.099228    0.35393
-0.0412532   0.101714   0.353508
-0.0373473   0.105766   0.343572
-0.0412523   0.101715   0.353505
-0.0578385  0.0681257   0.380306
-0.0553927  0.0783938   0.379123
-0.0562103  0.0862553    0.38064
-0.0437673   0.101633   0.351732
-0.100307  0.136583  0.326332
-0.095806   0.13657  0.328607
-0.0437749   0.101634   0.351726
-0.0412594   0.101715   0.353501
-0.0441571   0.102422   0.358281
-0.0434258   0.102245   0.357083
-0.0467336   0.102356   0.356605
-0.0582368  0.0962609   0.377033
-0.0415888   0.103702   0.353107
-0.0978226   0.136834   0.340311
-0.0437977   0.104238   0.356729
-0.0619601   0.118765   0.373857
-0.0434146   0.102245   0.357089
-0.0438002   0.104239   0.356727
-0.0461123   0.102875   0.361287
-0.0678548  0.0894813   0.392427
-0.0785623  0.0924226   0.412878
-0.0464989   0.104866   0.360924
-0.0911679  0.0719074   0.428288
-0.0763899   0.075112   0.409004
-0.047121  0.104345  0.356208
-0.0445233   0.104412   0.357902
-0.0415917   0.103701   0.353102
-0.0441277   0.103619   0.351313
-0.0420843   0.106179   0.352538
-0.0420921   0.106179    0.35253
-0.0604531   0.114435   0.376359
-0.0446548   0.106096   0.350723
-0.0443687   0.106717   0.356214
-0.044664  0.106097  0.350715
-0.0450713   0.106896   0.357358
-0.149194 0.0480215  0.439758
-0.105892 0.0424776  0.338546
-0.047705  0.106827  0.355633
-0.0589178   0.109973   0.377647
-0.0425663    0.10816   0.352012
-0.0544856  0.0890648    0.37777
-0.0551588  0.0888632   0.378813
-0.0544207  0.0888119   0.377683
-0.140856  0.133262   0.39782
-0.0569033  0.0889941   0.376071
-0.0679792  0.0894856    0.39253
-0.0448927   0.108714   0.355752
-0.0588431  0.0939357   0.378429
-0.0443504   0.106729   0.356224
-0.0448927   0.108717   0.355751
-0.0470832   0.107357   0.360397
-0.134172 0.0463393  0.401932
-0.133441 0.0441882  0.403473
-0.0476323   0.109341   0.359919
-0.168964  0.140562  0.423437
-0.0482594   0.108809   0.355103
-0.0455893   0.108881   0.356859
-0.0425684   0.108159   0.352008
-0.0451771   0.108075   0.350167
-0.0432592   0.110627   0.351276
-0.0397932   0.113915    0.34084
-0.0432577   0.110629   0.351272
-0.0921627   0.108399   0.427155
-0.0920523   0.110242    0.42584
-0.0459253   0.110541   0.349394
-0.106026 0.0424182  0.338738
-0.045937  0.110541  0.349384
-0.0432695   0.110627   0.351267
-0.0463473   0.111356    0.35615
-0.0456731   0.111199   0.355087
-0.0490716   0.111281   0.354333
-0.0895244  0.0607359    0.41447
-0.0439196   0.112601   0.350602
-0.0975646   0.136536   0.326358
-0.0785002  0.0820363   0.407775
-0.075928 0.0821257  0.409345
-0.0566294   0.105247   0.377029
-0.0463978   0.113177   0.354485
-0.045661    0.1112  0.355094
-0.0463961   0.113182   0.354485
-0.0484346   0.111826   0.359238
-0.0759045  0.0963276   0.408642
-0.0491847   0.113802   0.358618
-0.0580143  0.0768468   0.377339
-0.0578129    0.07936   0.377368
-0.0556082  0.0769194   0.379038
-0.0577959   0.105497   0.378644
-0.0498441   0.113255   0.353644
-0.0470523   0.113332   0.355504
-0.0439241   0.112598   0.350596
-0.0949149  0.0896394   0.430303
-0.0924647  0.0897185   0.432041
-0.0948822  0.0871375   0.430297
-0.0466529    0.11251   0.348671
-0.0448636   0.115055   0.349662
-0.0448763   0.115055   0.349651
-0.0791954   0.122058   0.395788
-0.0619609   0.118764   0.373856
-0.0618088   0.119449   0.372723
-0.0476879   0.114964   0.347669
-0.0448321   0.123568   0.335636
-0.0474476   0.115648    0.35363
-0.0477039   0.114964   0.347655
-0.0480727   0.115796   0.354587
-0.0593208   0.114191   0.374719
-0.0509633   0.115715   0.352646
-0.0564794    0.12811   0.346675
-0.0632357   0.114351   0.374395
-0.0744962   0.117337   0.394987
-0.0612229   0.135143   0.321183
-0.0719726   0.136598   0.335333
-0.0717275   0.135805   0.341676
-0.092441 0.0897192  0.432049
-0.0948921  0.0896401   0.430319
-0.0502705   0.116278   0.357738
-0.0474416   0.115653   0.353631
-0.0583694   0.127612   0.351495
-0.0620905  0.0631098   0.377532
-0.0600229  0.0657474   0.376423
-0.0951141   0.139184   0.318855
-0.0863391   0.138023   0.306474
-0.0951128   0.139276    0.31885
-0.0799331   0.137795   0.308316
-0.0740026   0.137383   0.311593
-0.0842129  0.0905661   0.416019
-0.0949207  0.0896386   0.430311
-0.0979991   0.139392   0.322934
-0.0972168   0.139413   0.323486
-0.0587481  0.0919326   0.378587
-0.0562338  0.0895113   0.380475
-0.0924203   0.135968   0.315185
-0.0933883   0.139077   0.316415
-0.086648 0.0608744  0.416208
-0.0893841  0.0446315   0.328637
-0.094003 0.0444826  0.325377
-0.0863081   0.135012   0.306568
-0.0799656   0.134783   0.308399
-0.0742578    0.13438   0.311549
-0.0649746   0.135862   0.318303
-0.0655437   0.132916   0.318033
-0.0566908   0.132854   0.325008
-0.0575662   0.130007   0.324525
-0.0490273    0.12768   0.331757
-0.0502908   0.125023   0.331016
-0.0433682   0.120964   0.337161
-0.0450983     0.1187   0.336079
-0.0418291   0.112032   0.339527
-0.0396192   0.104341    0.34206
-0.0911344   0.063139   0.418383
-0.105878  0.136784  0.334218
-0.0959739   0.136823   0.341281
-0.0993943   0.136892   0.339267
-0.0791112    0.10515   0.405123
-0.0948156   0.105957   0.426677
-0.092169  0.108401  0.427143
-0.0922967   0.106034   0.428443
-0.0448698  0.0893746   0.362775
-0.0449663  0.0913792   0.362621
-0.0552112  0.0917596   0.378645
-0.0595268  0.0631965   0.379341
-0.0783446  0.0937698    0.40727
-0.070225 0.0737783  0.394681
-0.0569836   0.101875   0.379383
-0.0552511  0.0937674   0.378524
-0.0919721   0.082731   0.431917
-0.0563352  0.0838568    0.38066
-0.0562807  0.0858641   0.380607
-0.0588569  0.0939366   0.378419
-0.0565263  0.0965129    0.37995
-0.0590337  0.0964414    0.37818
-0.0601198  0.0701971   0.378604
-0.0701137  0.0693189   0.393056
-0.0597583  0.0722147   0.378768
-0.0450198  0.0938844   0.362465
-0.0452233  0.0958828   0.362235
-0.0554511  0.0962639   0.378271
-0.0587562  0.0919329   0.378581
-0.0565673  0.0793368   0.380701
-0.0556037  0.0982677    0.37807
-0.0559295   0.100756   0.377729
-0.0454591  0.0983823   0.361953
-0.0457246   0.100379   0.361676
-0.058746   0.10268  0.375648
-0.0592233    0.10517   0.375198
-0.0702709  0.0757665    0.39519
-0.0760953  0.0751227    0.40871
-0.0567794  0.0768231   0.380665
-0.092159  0.104133  0.429522
-0.0921602   0.106022   0.428599
-0.0568726  0.0887321   0.375952
-0.0569131  0.0884712     0.3761
-0.060489   0.11444  0.376333
-0.0567389  0.0985161   0.379709
-0.0563027   0.092012   0.380312
-0.0591847  0.0767455   0.378968
-0.0567557  0.0768279   0.380682
-0.0562174   0.102758   0.377433
-0.0567002   0.105239    0.37698
-0.0461147   0.102873   0.361286
-0.0465125   0.104865   0.360915
-0.105904   0.13638  0.334272
-0.0587173   0.102692   0.375669
-0.0566615   0.105252   0.377004
-0.0586966   0.085788   0.378902
-0.0562595  0.0858688   0.380622
-0.0947189    0.10831   0.425323
-0.0571068   0.107243   0.376599
-0.152063 0.0473253   0.43727
-0.0571401   0.107235   0.376577
-0.057527 0.0858876  0.377273
-0.0544929  0.0885482   0.377809
-0.0544207  0.0888119   0.377683
-0.0578107    0.10971   0.375992
-0.0470864   0.107354   0.360395
-0.0476435   0.109341   0.359912
-0.0788412   0.102694   0.405781
-0.0763269    0.10277   0.407511
-0.0577671   0.109729   0.376019
-0.0583864   0.111714   0.375491
-0.0584358   0.111694    0.37546
-0.0554615  0.0794359   0.379027
-0.0576841  0.0813698   0.377367
-0.0588623  0.0812684   0.378988
-0.0593361   0.114164   0.374711
-0.0484404   0.111824   0.359235
-0.0491942   0.113802   0.358613
-0.0565483  0.0965172   0.379934
-0.055118 0.0937256   0.37862
-0.0592884   0.114192   0.374741
-0.135097  0.137952  0.375566
-0.132979  0.140895  0.372431
-0.0844986  0.0592087   0.411538
-0.0865386  0.0607928   0.416373
-0.0785852  0.0884045   0.413116
-0.0810349  0.0883254   0.411386
-0.0601242   0.116171    0.37406
-0.0601921   0.116132   0.374017
-0.092376 0.0852188  0.431915
-0.0873192  0.0590086   0.409547
-0.0843656  0.0591039   0.411632
-0.106038  0.136458  0.334458
-0.0919817  0.0649924   0.420814
-0.0578773  0.0961874   0.376556
-0.0554407  0.0962662   0.378277
-0.0613458   0.118624   0.373083
-0.092166 0.0807376  0.431329
-0.0946285  0.0806582   0.429591
-0.0613333   0.118639   0.373093
-0.0972761   0.133448   0.397492
-0.139886 0.0466058  0.407345
-0.136901 0.0466369  0.408019
-0.0797163   0.122208     0.3967
-0.0907347   0.116482   0.419358
-0.0924471  0.0928372   0.431903
-0.0448915  0.0886766    0.35696
-0.0380356  0.0873008   0.344418
-0.0429667  0.0880496   0.353417
-0.0429899  0.0946603   0.352781
-0.136844  0.137624  0.404227
-0.0428665  0.0926613   0.352988
-0.091974 0.0807341  0.431494
-0.0448974  0.0906999    0.35686
-0.0427804  0.0877073   0.353376
-0.0379976  0.0873012   0.344439
-0.0573186  0.0722984   0.380489
-0.097059  0.136556  0.327215
-0.0428321  0.0873007   0.353586
-0.0427761  0.0852461   0.353412
-0.0448784  0.0870493   0.357042
-0.0583826   0.100683   0.375995
-0.0584608  0.0938493   0.377858
-0.0587939    0.09294   0.378509
-0.0449079  0.0850426   0.357115
-0.0474531  0.0868098   0.361272
-0.0448705  0.0870496   0.357046
-0.0449145  0.0850424    0.35711
-0.0474834  0.0848031   0.361344
-0.100346  0.136092   0.32641
-0.0428545  0.0827374   0.353443
-0.0450132  0.0825319   0.357162
-0.0429728  0.0807283   0.353425
-0.058753 0.0919331  0.378583
-0.0451372  0.0805223   0.357173
-0.0475936  0.0822924   0.361388
-0.0450036  0.0825325   0.357167
-0.0451413   0.080522    0.35717
-0.0578245   0.105501   0.378624
-0.047716 0.0802828    0.3614
-0.0431829  0.0782161   0.353338
-0.0453774   0.078012   0.357132
-0.0455958  0.0759915   0.357079
-0.0479466  0.0777689   0.361364
-0.0453736  0.0780071   0.357133
-0.0456165   0.075993   0.357066
-0.065521  0.118791  0.372576
-0.0976051  0.0413201   0.329827
-0.0434076  0.0762037   0.353222
-0.0588626    0.08127    0.37899
-0.0587543  0.0837787   0.378953
-0.0481855  0.0757538     0.3613
-0.0438267  0.0737078   0.352974
-0.061625 0.0582177   0.37808
-0.0580859  0.0635922   0.377892
-0.0441416  0.0716708   0.352757
-0.0460139  0.0734727   0.356921
-0.0585965  0.0623569   0.377586
-0.0489615  0.0712132   0.360996
-0.046009 0.0734718  0.356924
-0.0464024   0.071455   0.356755
-0.0464078  0.0714559   0.356752
-0.0485766  0.0732357   0.361158
-0.135058  0.137852  0.396309
-0.0577087   0.093686   0.376789
-0.0552795  0.0937644   0.378505
-0.0446939  0.0691393   0.352366
-0.0470402  0.0689395    0.35645
-0.089339  0.121313  0.405289
-0.0928355   0.067402   0.423262
-0.0501427  0.0666599   0.360414
-0.0470159   0.068924   0.356463
-0.0476074  0.0669019   0.356155
-0.0452811  0.0671266   0.351958
-0.0476153  0.0669047    0.35615
-0.0944835  0.0806679   0.429737
-0.0495647  0.0686915    0.36071
-0.0922138   0.085212    0.43207
-0.0654458  0.0895552   0.394305
-0.0924282  0.0872167   0.432019
-0.0461266  0.0645914   0.351331
-0.0485196  0.0643613   0.355653
-0.0862549   0.121413   0.407465
-0.0975929   0.136495   0.325423
-0.0469821  0.0625619    0.35071
-0.0518971  0.0620871   0.359427
-0.0485147  0.0643595   0.355657
-0.0493855  0.0623291   0.355148
-0.0493989  0.0623378    0.35514
-0.0856763  0.0428587   0.346864
-0.0510382  0.0641318   0.359921
-0.0883814   0.063186   0.420243
-0.0488931  0.0537625    0.33544
-0.0507238  0.0597935   0.354337
-0.0586754  0.0507646    0.34909
-0.0532153  0.0595461    0.35863
-0.0507281  0.0597803   0.354334
-0.0603049   0.046795   0.326052
-0.0713662  0.0446346   0.340225
-0.0730961  0.0447853   0.345104
-0.0917052  0.0782652   0.431023
-0.0564394  0.0813461     0.3807
-0.0900594  0.0447672   0.331621
-0.0910179  0.0445136   0.326051
-0.0609137  0.0507484    0.35358
-0.0736501  0.0432349    0.31605
-0.089634 0.0415686  0.327324
-0.0890674  0.0416701   0.329641
-0.0898885   0.041706   0.332016
-0.0799937  0.0425613   0.312571
-0.0908662   0.041476   0.325973
-0.0894916  0.0417397   0.332028
-0.0901183  0.0415241   0.326501
-0.0925577  0.0413902    0.32526
-0.0940788  0.0413275   0.325007
-0.0606798  0.0676716   0.378322
-0.094942 0.0413209  0.325503
-0.0925572  0.0413902    0.32526
-0.0907155   0.041501   0.317086
-0.0973522  0.0412956   0.327989
-0.0969026  0.0412919   0.327072
-0.0980536    0.04127   0.327495
-0.133647  0.133337  0.399446
-0.0510306  0.0641211   0.359928
-0.0519069  0.0620938    0.35942
-0.0562565  0.0883718    0.38051
-0.0617204  0.0611843    0.37543
-0.0843009  0.0905449   0.415888
-0.116763 0.0925309  0.458649
-0.0591912  0.0767453   0.378963
-0.0495598  0.0686857   0.360713
-0.0501508  0.0666636   0.360408
-0.0914985  0.0738155   0.429194
-0.0803828   0.109612   0.404254
-0.0603531   0.105421   0.376839
-0.0585838  0.0723161   0.377142
-0.0597656  0.0722145   0.378763
-0.0591879  0.0767444   0.378965
-0.0578096  0.0793598    0.37737
-0.167141  0.137636  0.420986
-0.0485756  0.0732328    0.36116
-0.0489695   0.071216   0.360991
-0.0587048  0.0857857   0.378896
-0.0744944  0.0753891   0.401405
-0.0479466  0.0777669   0.361364
-0.0481928  0.0757536   0.361295
-0.0558954  0.0749092   0.378926
-0.0947366  0.0826462   0.429929
-0.0923774  0.0852179   0.431924
-0.0922765  0.0827265   0.431653
-0.0913639   0.119974   0.410187
-0.0883861    0.12007   0.412288
-0.0554648  0.0794358   0.379025
-0.0472032  0.0822795   0.361635
-0.0477313  0.0802818    0.36139
-0.0591656  0.0612667   0.377233
-0.0810059   0.111636   0.403823
-0.0932455  0.0693325   0.424835
-0.0968259  0.0412934   0.326994
-0.0969955  0.0412919   0.326895
-0.0980536    0.04127   0.327495
-0.0973522  0.0412956   0.327989
-0.0906069  0.0416873   0.332752
-0.0595178  0.0631918   0.379348
-0.0898426  0.0416855   0.331916
-0.0552035  0.0937744   0.378558
-0.0578795  0.0961831   0.376556
-0.055435 0.0962667  0.378281
-0.0580678  0.0981869   0.376331
-0.0556231  0.0982659   0.378057
-0.0927702  0.0673934    0.42327
-0.0661851  0.0583695   0.378722
-0.053224 0.0595438  0.358625
-0.0630677  0.0586335   0.374593
-0.0800811    0.05718   0.397566
-0.0809221   0.057236   0.398799
-0.0870769  0.0431062   0.351934
-0.0441382   0.103617    0.35131
-0.0948304  0.0851397   0.430183
-0.043767   0.10163   0.35173
-0.0434133  0.0991488   0.352175
-0.0454145  0.0976888   0.356177
-0.0917946  0.0762794   0.430149
-0.0431629  0.0971849   0.352484
-0.0466483   0.112513   0.348676
-0.0459382   0.110546   0.349385
-0.0470585   0.106727   0.354586
-0.0446561   0.106093    0.35072
-0.0468597   0.121987   0.334175
-0.0575243  0.0858874   0.377276
-0.0587121  0.0857857   0.378891
-0.0503932    0.11558    0.35179
-0.0580648   0.125712    0.34582
-0.0708139    0.13309   0.336379
-0.0617626    0.13221   0.320933
 -0.06436 0.0585279   0.37615
-0.0898305   0.136214   0.322747
-0.0951236   0.136188   0.319005
-0.0922706   0.136245    0.32102
-0.0921649   0.108392   0.427125
-0.0908948   0.136223   0.321661
-0.0907112   0.135731   0.312774
-0.0564198  0.0813509   0.380714
-0.0948919   0.136288   0.321172
-0.0951236   0.136177   0.319006
-0.0922694   0.136239   0.321022
-0.0968835   0.136371   0.322742
-0.0973046   0.136419   0.323572
-0.093526  0.136247  0.320509
-0.0903782   0.136207   0.321896
-0.0587022   0.102679   0.375678
-0.0562264   0.102759   0.377427
-0.0898322   0.133403   0.323457
-0.0890987   0.136228   0.325274
-0.0896294   0.136263   0.327643
-0.0727111   0.133007   0.341159
-0.0899153   0.136297   0.327672
-0.0905591   0.136346   0.328347
-0.0606139    0.12584   0.350103
-0.0503948   0.115582   0.351789
-0.0817403  0.0747716   0.411241
-0.053212  0.116202   0.35583
-0.0484583   0.111135   0.353382
-0.0492508   0.113113   0.352723
-0.0512085   0.111756   0.357463
-0.0492419   0.113119    0.35273
-0.0484583   0.111136   0.353382
-0.0520112   0.113742   0.356799
-0.047624  0.108657  0.354093
-0.0503366   0.109276   0.358197
-0.0476216   0.108661   0.354095
-0.0497514   0.107298   0.358705
-0.0470509   0.106672   0.354595
-0.100538  0.136359  0.326669
-0.093534  0.136527  0.331061
-0.0904944   0.136486   0.333655
-0.090187 0.0674568  0.425119
-0.0919919  0.0649673   0.420835
-0.046065  0.102196  0.355505
-0.0464572   0.104185   0.355134
-0.049125  0.104804  0.359264
-0.0464564   0.104187   0.355134
-0.0487175   0.102817   0.359645
-0.0460568   0.102193   0.355511
-0.0654038  0.0895603   0.394157
-0.0456558  0.0996989   0.355911
-0.0654864   0.120363   0.370078
-0.0482898    0.10032   0.360062
-0.0456572  0.0996999   0.355911
-0.0480268  0.0983252   0.360341
-0.045397 0.0977027  0.356187
-0.0450183  0.0932007   0.356663
-0.0451569  0.0952036   0.356472
-0.0477619  0.0958246   0.360642
-0.0451593  0.0952038   0.356471
-0.0476201  0.0938248   0.360834
-0.0450167  0.0932033   0.356664
-0.0474924   0.091321   0.361038
-0.0449181   0.090699   0.356848
-0.0474543  0.0893167   0.361157
-0.0448707  0.0886947   0.356972
-0.0629469    0.11608   0.372068
-0.0630213   0.116033   0.372021
-0.0520273   0.113732   0.356789
-0.0620668   0.114099   0.372781
-0.0564426  0.0813463   0.380698
-0.0511013   0.111802   0.357529
-0.0620269   0.114104   0.372808
-0.0578187   0.105502   0.378628
-0.0610458   0.111628   0.373614
-0.0610992   0.111604    0.37358
-0.050347  0.109275  0.358191
-0.0604202   0.109623    0.37415
-0.0497514   0.107291   0.358706
-0.0603766   0.109645   0.374178
-0.0625456   0.118884   0.374676
-0.059669   0.10716  0.374791
-0.0562995  0.0920122   0.380315
-0.0597047    0.10715   0.374767
-0.0491386   0.104803   0.359256
-0.0592329   0.105156   0.375193
-0.0487175   0.102813   0.359645
-0.0591934    0.10517   0.375218
-0.056885  0.088719  0.375939
-0.0587232   0.102676   0.375665
-0.0483042   0.100319   0.360053
-0.0584167   0.100675   0.375972
-0.0480277   0.098323   0.360341
-0.0585773  0.0723163   0.377147
-0.0582367  0.0962594   0.377029
-0.0581296  0.0981978   0.376388
-0.0478143  0.0958215   0.360609
-0.0939932  0.0737348   0.427406
-0.0475694   0.093826   0.360866
-0.0570406   0.101015   0.379382
-0.0587084   0.091926   0.378538
-0.0474812  0.0913188   0.361045
-0.047427 0.0893182  0.361174
-0.0584473  0.0938484   0.377861
-0.0545706  0.0885237   0.377925
-0.0948171   0.105952   0.426664
-0.0968205   0.136371   0.322679
-0.0967977   0.136397   0.322686
-0.0980045   0.136395   0.323078
-0.0973046   0.136414   0.323572
-0.100508 0.0417133  0.330953
-0.0847022  0.0425416   0.342004
-0.0613682   0.118637   0.373069
-0.0916267  0.0762804   0.430304
-0.0589407    0.10998   0.377631
-0.0642899   0.118543   0.371006
-0.0642899   0.118527   0.371007
-0.13528 0.133219 0.396861
-0.154384 0.0437418  0.434333
-0.167007 0.0428488  0.425128
-0.0939204  0.0415955   0.335164
-0.0567753  0.0768222   0.380668
-0.0603251  0.0587219   0.376528
-0.0630318  0.0586396   0.374618
-0.0902388  0.0674705   0.425067
-0.0610591  0.0572797   0.376075
-0.134829 0.0425037  0.379548
-0.167007 0.0428488  0.425128
-0.134656 0.0493285  0.448178
-0.081447 0.0579094  0.406516
 -0.12369 0.0580035  0.455539
-0.0576119  0.0916839   0.376953
-0.0643196  0.0585206   0.376164
-0.0617041  0.0611729   0.375442
-0.087353  0.058968  0.409536
-0.0843889  0.0590774   0.411623
-0.0595284   0.100935   0.377626
-0.0778389  0.0573354   0.400975
-0.0769946  0.0572796   0.399744
-0.0800803  0.0571801   0.397567
-0.0604817   0.114445   0.376338
-0.0769954  0.0572795   0.399744
-0.0690791  0.0579534   0.389143
-0.0618564  0.0573706   0.377306
-0.0614422  0.0586224   0.378194
 -0.06151 0.0585835  0.378198
-0.0577362  0.0936852   0.376771
-0.0618361  0.0573367   0.377309
-0.0609954  0.0572787    0.37612
-0.151246 0.0443242  0.436673
-0.159082 0.0433146  0.430809
-0.167723 0.0459426  0.426001
-0.062956  0.061081  0.377012
-0.0562599  0.0889446   0.380482
-0.196082 0.0927248  0.464049
-0.215721  0.116109  0.449098
-0.22174 0.104895 0.445351
-0.223852 0.0918293  0.444451
-0.221736    0.0789  0.446534
-0.215715 0.0680745  0.451284
-0.206705 0.0610026  0.457977
-0.196078 0.0587599  0.465594
-0.185452 0.0616879  0.472976
-0.176443 0.0693408  0.478999
-0.170425 0.0805545  0.482746
-0.168313 0.0936203  0.483646
-0.170429   0.10655  0.481563
-0.17645 0.117375 0.476813
-0.18546 0.124447  0.47012
-0.196087   0.12669  0.462503
-0.206713  0.123762  0.455121
F
1 2 3
   1    3 2150
1 7 2
 1 72  7
   1 2149   72
   1 2150 2149
  2   7 667
   2  667 1425
   2 1425    3
   3 1409 2139
   3 1425 1409
   3 2139 2150
 7 25 26
  7  26 120
 7 27 90
 7 72 25
  7  90 667
  7 110  27
  7 120 110
25 70 26
25 72 70
26 38 39
 26  39 821
26 70 38
 26 821 120
 27 110 821
 27 821  90
38 70 71
38 71 39
 39  71 399
 39 399 821
 46  68 133
 46 133 838
 46 141  68
 46 399 141
 46 804 399
 46 838 804
 63  68 146
 63 133  68
 63 146 799
 63 237 133
 63 799 838
 63 838 237
  68  141 2146
  68 2146  146
  70   72 2149
  70 2148   71
  70 2149 2148
 71 141 399
  71 2147  141
  71 2148 2147
 90 707 667
 90 820 707
 90 821 820
110 120 821
133 237 838
 141 2147 2146
146 147 148
146 148 838
146 149 147
146 838 799
 146 2144  149
 146 2145 2144
 146 2146 2145
147 149 550
147 550 148
148 550 838
149 150 154
149 154 550
149 158 150
 149 2144 2159
 149 2159  158
150 158 154
154 157 166
154 158 157
 154  166 1513
154 683 550
154 691 683
 154 1513  691
157 158 164
 157  164 1600
 157  886 1776
 157 1600  886
 157 1776  166
158 181 164
 158 2158  181
 158 2159 2158
164 181 887
 164  887 1600
 166 1776 1513
 181 2158  887
294 687 837
 294  691 1513
294 837 691
 294 1513  687
399 804 821
550 683 838
664 666 667
664 667 707
664 707 818
664 818 834
664 834 666
666 834 971
666 971 983
666 983 667
667 957 986
667 983 957
 667  986 1409
 667 1409 1425
683 691 838
687 689 836
687 836 837
 687 1513  689
 689 1513 1668
 689 1666  836
 689 1668 1666
691 837 838
707 820 818
804 820 821
804 837 820
804 838 837
818 820 837
818 836 834
818 837 836
830 831 888
830 888 891
830 891 908
830 908 922
830 922 936
830 933 995
830 934 933
830 936 934
830 947 831
830 995 947
831 832 849
831 848 888
831 849 848
831 947 955
831 955 957
831 957 832
832 833 849
832 957 969
832 969 971
832 971 833
833 834 850
833 850 849
833 971 834
834 836 851
834 851 850
 836 1666  851
 847  848 1655
847 880 848
 847 1544  880
 847 1606 1544
 847 1646 1690
 847 1655 1686
 847 1686 1688
 847 1688 1646
 847 1690 1606
 848  849 1669
848 880 888
 848 1669 1684
 848 1684 1655
 849  850 1668
 849 1668 1669
 850  851 1666
 850 1666 1668
855 856 857
 855  857 1008
 855 1008 1026
 855 1026 1733
 855 1076 1326
 855 1145  856
 855 1326 1145
 855 1733 1734
 855 1734 1076
 856 1005  857
 856 1051 1187
 856 1145 1188
 856 1187 1005
 856 1188 1051
 857 1005 1008
 863 1311 1546
 863 1546 1547
 863 1547 1731
 863 1731 1894
 863 1894 1311
 880 1481  888
 880 1502 1481
 880 1519 1502
 880 1534 1519
 880 1543 1534
 880 1544 1543
 884 1058 1778
 884 1778 2126
 884 1848 1058
 884 1851 1848
 884 2126 2127
 884 2127 2131
 884 2131 1851
 885  887 2158
 885 1007 1143
 885 1143 1514
 885 1514 1600
 885 1600  887
 885 2157 1007
 885 2158 2157
 886 1514 1776
 886 1600 1514
 888 1226  891
 888 1243 1226
 888 1263 1243
 888 1278 1263
 888 1448 1278
 888 1461 1448
 888 1481 1461
 891  913 1118
 891 1118  908
 891 1157  913
 891 1177 1157
 891 1193 1177
 891 1226 1193
 903 1239 1243
 903 1243 1263
 903 1263 1278
 903 1274 1295
 903 1278 1274
 903 1295 1317
 903 1317 1239
 907  908 1118
 907 1042 1063
 907 1063  908
 907 1083 1042
 907 1118 1083
 908  927 1019
 908 1019  922
 908 1063  927
 913  914 1129
 913 1091 1118
 913 1129 1091
 913 1157  914
 914  918 1171
 914 1122 1129
 914 1128 1122
 914 1139 1128
 914 1157 1177
 914 1171 1178
 914 1177  918
 914 1178 1139
 918 1177 1193
 918 1182 1186
 918 1186 1171
 918 1193 1182
 922 1019  936
 925 1052 1475
 925 1058 1848
 925 1475 1778
 925 1546 1052
 925 1778 1058
 925 1848 1546
 927 1036 1019
 927 1063 1036
933 934 996
933 996 995
934 936 996
 936 1019  996
 937  996 1019
 937 1002  996
 937 1019 1036
 937 1025 1002
 937 1036 1025
938 939 940
 938  940 2153
 938 1283 1525
 938 1525 1894
 938 1894  939
 938 2152 1283
 938 2153 2152
 939  973 1026
 939 1026  940
 939 1159  973
 939 1710 1159
 939 1894 1710
 940 1026 2154
 940 2154 2153
947 957 955
947 986 957
 947  995 1408
 947 1408 1409
 947 1409  986
 953  999 1381
 953 1381 1662
 953 1662  999
957 983 969
 960 1105 1568
 960 1525 2030
 960 1568 1525
 960 2030 1105
 964  967 1261
 964 1261 1308
 964 1308 1566
 964 1566 1779
 964 1710  967
 964 1779 1710
 967 1621 1261
 967 1710 1621
969 983 971
 973 1098 1396
 973 1159 1627
 973 1396 1733
 973 1627 1098
 973 1733 1026
 976 1005 1011
 976 1009 1005
 976 1011 1009
 995  996 1413
 995 1413 1408
 996 1002 2137
 996 2137 1413
 999 1005 1381
 999 1011 1005
 999 1662 1794
 999 1794 1011
1002 1004 2137
1002 1025 1004
1004 1025 1035
1004 1035 1851
1004 1417 2137
1004 1851 1417
1005 1009 1008
1005 1051 1654
1005 1113 1381
1005 1187 1051
1005 1654 1113
1007 1008 1009
1007 1009 1794
1007 1794 1143
1007 2156 1008
1007 2157 2156
1008 2155 1026
1008 2156 2155
1009 1011 1794
1012 1501 1708
1012 1708 1773
1012 1773 1501
1025 1036 1055
1025 1055 1035
1026 2155 2154
1035 1043 1848
1035 1055 1043
1035 1848 1851
1036 1042 1055
1036 1063 1042
1042 1083 1055
1043 1055 1070
1043 1070 1082
1043 1082 1848
1045 1475 1525
1045 1525 1778
1045 1778 1475
1051 1188 1257
1051 1257 1379
1051 1379 1576
1051 1381 1654
1051 1576 1381
1052 1105 2030
1052 1443 1105
1052 1546 1443
1052 2030 1475
1055 1083 1070
1060 1214 1894
1060 1547 1214
1060 1731 1547
1060 1894 1731
1070 1083 1111
1070 1111 1082
1076 1144 1326
1076 1267 1144
1076 1734 1267
1077 1194 1197
1077 1197 1198
1077 1198 1362
1077 1362 1708
1077 1379 1194
1077 1708 1379
1082 1095 1546
1082 1111 1095
1082 1546 1848
1083 1091 1111
1083 1118 1091
1091 1129 1111
1095 1111 1122
1095 1122 1128
1095 1128 1546
1098 1627 1773
1098 1708 1396
1098 1773 1708
1105 1311 1568
1105 1443 1311
1111 1129 1122
1113 1654 1381
1128 1139 1546
1137 1178 1186
1137 1186 1227
1137 1227 1547
1137 1547 1178
1139 1178 1546
1143 1794 1514
1144 1145 1326
1144 1188 1145
1144 1191 1257
1144 1257 1188
1144 1267 1191
1159 1235 1566
1159 1308 1627
1159 1566 1308
1159 1710 1235
1171 1186 1178
1178 1547 1546
1182 1193 1226
1182 1208 1186
1182 1226 1208
1186 1208 1223
1186 1223 1227
1191 1194 1379
1191 1267 1194
1191 1379 1257
1194 1267 1197
1197 1267 1734
1197 1733 1198
1197 1734 1733
1198 1733 1762
1198 1762 1362
1208 1226 1239
1208 1239 1317
1208 1317 1223
1209 1261 1548
1209 1295 1702
1209 1548 1295
1209 1702 1773
1209 1773 1261
1214 1547 1621
1214 1621 1710
1214 1710 1894
1223 1317 1227
1226 1243 1239
1227 1317 1547
1235 1710 1779
1235 1779 1566
1261 1547 1548
1261 1621 1547
1261 1773 1308
1274 1278 1448
1274 1448 1455
1274 1455 1702
1274 1702 1295
1283 1537 2117
1283 1778 1525
1283 2117 2119
1283 2119 1778
1283 2151 1537
1283 2152 2151
1290 1317 1548
1290 1547 1317
1290 1548 1547
1295 1548 1317
1308 1773 1627
1311 1443 1546
1311 1894 2102
1311 2102 1568
1362 1762 1708
1379 1381 1576
1379 1567 1580
1379 1580 1602
1379 1602 1614
1379 1614 1626
1379 1626 1628
1379 1628 1381
1379 1708 1567
1381 1628 1649
1381 1646 1662
1381 1649 1646
1396 1708 1762
1396 1762 1733
1408 1413 2117
1408 1537 2138
1408 2117 1537
1408 2138 1409
1409 2107 2139
1409 2138 2107
1413 2118 2119
1413 2119 2117
1413 2126 2118
1413 2127 2126
1413 2137 2127
1417 1435 2137
1417 1851 1435
1435 1851 2131
1435 2131 2137
1448 1461 1455
1454 1455 1461
1454 1461 1481
1454 1481 1494
1454 1494 1719
1454 1702 1455
1454 1719 1702
1460 1702 1719
1460 1719 1773
1460 1773 1702
1475 2030 1525
1481 1502 1494
1491 1494 1502
1491 1502 1519
1491 1519 1528
1491 1528 1719
1491 1719 1494
1499 1501 1719
1499 1528 1501
1499 1719 1528
1501 1524 1708
1501 1528 1524
1501 1773 1719
1513 1514 1515
1513 1515 1669
1513 1669 1668
1513 1776 1514
1514 1656 1515
1514 1657 1656
1514 1794 1657
1515 1656 1669
1519 1534 1528
1524 1526 1531
1524 1528 1526
1524 1531 1533
1524 1533 1708
1525 1568 2102
1525 2102 1894
1526 1528 1534
1526 1534 1562
1526 1554 1531
1526 1562 1554
1531 1554 1533
1533 1554 1564
1533 1564 1708
1534 1543 1562
1537 2150 2138
1537 2151 2150
1543 1544 1558
1543 1558 1562
1544 1574 1558
1544 1585 1574
1544 1606 1607
1544 1607 1585
1554 1562 1571
1554 1571 1564
1558 1560 1562
1558 1574 1560
1560 1571 1562
1560 1574 1594
1560 1594 1571
1564 1567 1708
1564 1571 1567
1567 1571 1580
1571 1594 1580
1574 1585 1594
1580 1594 1602
1585 1595 1594
1585 1607 1595
1594 1595 1602
1595 1607 1624
1595 1624 1602
1602 1624 1614
1606 1618 1607
1606 1640 1618
1606 1690 1640
1607 1618 1624
1614 1624 1634
1614 1634 1626
1618 1625 1624
1618 1640 1625
1624 1625 1634
1625 1640 1634
1626 1634 1628
1628 1634 1649
1634 1640 1661
1634 1661 1649
1640 1690 1661
1646 1649 1661
1646 1652 1662
1646 1661 1690
1646 1688 1652
1652 1657 1794
1652 1686 1657
1652 1688 1686
1652 1794 1662
1655 1656 1657
1655 1657 1686
1655 1684 1656
1656 1684 1669
1778 1785 2118
1778 2118 2126
1778 2119 1785
1785 2119 2124
1785 2124 2118
2107 2138 2150
2107 2150 2139
2118 2124 2119
2127 2137 2131
2144 2145 2146
2144 2146 2155
2144 2155 2157
2144 2157 2159
2146 2147 2148
2146 2148 2150
2146 2150 2155
2148 2149 2150
2150 2151 2155
2151 2152 2153
2151 2153 2155
2153 2154 2155
2155 2156 2157
2157 2158 2159
