11
l_lower_leg 
V
-0.0452261  0.0623908   0.287021
-0.0670635  0.0844387   0.281613
-0.0552428  0.0554768   0.285315
-0.0670594  0.0529715   0.283044
-0.0788765  0.0552563   0.280556
-0.088895 0.0619851  0.278229
-0.0955907  0.0721314   0.276417
-0.097943 0.0841518  0.275396
-0.0955938  0.0962157   0.275321
-0.0889007   0.106486   0.276204
-0.078884  0.113401  0.277911
-0.0670676   0.115906   0.280181
-0.0552503   0.113621   0.282669
-0.0452318   0.106892   0.284996
-0.0385361  0.0967457   0.286809
-0.0361848  0.0847255    0.28783
-0.038533 0.0726615  0.287904
-0.0672318  0.0413977   0.284435
-0.0668661  0.0400407   0.282681
-0.0674279  0.0453598   0.285226
-0.0447448   0.120455   0.169084
-0.0514612    0.12455   0.202265
-0.0544012   0.124457   0.201677
-0.0844724   0.127991   0.296543
-0.0797702   0.128682   0.304363
-0.0847073   0.130226   0.296598
-0.0393715   0.108016  0.0921106
-0.0295613   0.109016  0.0941465
-0.0395314   0.111648   0.111095
-0.0907744  0.0451349   0.289502
-0.0869044  0.0453143   0.295656
-0.0911609  0.0462436   0.290109
-0.0685994   0.118501   0.254735
-0.0713719   0.118689   0.258859
-0.0785703   0.118196   0.248046
-0.0898415   0.129345   0.286667
-0.0840635   0.130692   0.296186
-0.0837692   0.131253   0.296026
-0.0681908  0.0403339   0.253885
-0.0696452  0.0409481   0.251635
-0.0675988  0.0405476   0.258448
-0.0680426    0.04102   0.258404
-0.0681003  0.0480797   0.258038
-0.0710881  0.0482815   0.262481
-0.0741999    0.13094   0.309847
-0.0905625   0.111059   0.216758
-0.0908385   0.106013    0.21668
-0.0894643   0.110979   0.218142
-0.0304923  0.0398712    0.10006
-0.0322973  0.0393518   0.101762
-0.0308729  0.0398905   0.102025
-0.0733162   0.128913   0.310618
-0.0733197   0.130914   0.310536
-0.0690673   0.127523   0.304778
-0.0694625   0.128744   0.306685
-0.0694624   0.127612   0.306737
-0.069144  0.130798  0.284742
-0.0741998   0.130914   0.309848
-0.0733184   0.130985   0.310533
-0.0390239   0.113843   0.131737
-0.0375995   0.113331   0.132048
-0.0380092    0.11335   0.134007
-0.0494283  0.0402438   0.123548
-0.0518204  0.0413922   0.119842
-0.0525053  0.0408869   0.119958
-0.0619101   0.128403   0.238785
-0.0589707   0.128501   0.239373
-0.0686264   0.131292   0.272018
-0.0627456   0.129956   0.273266
-0.0631409   0.131282   0.275168
-0.0631408   0.130045   0.275224
-0.0759231  0.0411848   0.249507
-0.0735259  0.0413164   0.250104
-0.071292 0.0404877  0.250498
-0.0732269   0.127821   0.245707
-0.0691412   0.118767   0.249559
-0.0762653   0.118624    0.24625
-0.031911  0.108179 0.0966678
-0.0308962   0.107687  0.0989373
-0.032268  0.108329 0.0986313
-0.0724112   0.128964   0.306111
-0.0797872   0.128773   0.304356
-0.0690226   0.131454   0.273974
-0.0820587   0.130385   0.275324
-0.0879827   0.110417   0.218242
-0.0903337  0.0977108   0.217089
-0.0561954   0.100216  0.0992714
-0.0275678  0.0394217   0.102713
-0.0275676   0.038186   0.102769
-0.0271725  0.0382358   0.100805
-0.0675414   0.128611   0.281948
-0.0803872   0.127702   0.279316
-0.0749491   0.128938   0.303527
-0.0885244   0.126742   0.289594
-0.0847347   0.130275    0.29655
-0.0844205  0.0448044   0.300306
-0.0742075  0.0450328   0.313589
-0.0808676  0.0452801   0.306679
-0.0797515  0.0474118   0.308073
-0.0847709  0.0451524   0.300495
-0.0741357  0.0456704   0.313676
-0.0676511    0.13387   0.277183
-0.0672456     0.1329   0.280281
-0.0666668   0.133737   0.277368
-0.0334836    0.10967   0.098322
-0.0401276   0.115055    0.13146
 -0.039 0.11244 0.11541
-0.0418975   0.118361   0.167714
-0.0422926    0.11845   0.169672
-0.0457242   0.118418   0.168981
-0.084462 0.0473149  0.300214
-0.088846 0.0478755  0.292748
-0.0851448  0.0449776   0.300703
-0.0723768  0.0491684   0.307674
-0.0741817   0.048649   0.309375
-0.0727574  0.0491877   0.309638
-0.0660819   0.131518   0.274564
-0.0864058  0.0465698    0.28127
-0.0888363  0.0477461   0.292807
-0.0686274     0.1312   0.272022
-0.0678321   0.130088   0.274276
-0.0690226   0.131289   0.273981
-0.0798331   0.126535   0.248041
-0.0818336   0.118879   0.252048
-0.0733055  0.0457736   0.314401
-0.0733057  0.0477765    0.31431
-0.0753341  0.0472987   0.309204
-0.0979456  0.0517751   0.278838
-0.0964905  0.0519574   0.282841
-0.0955449  0.0517367   0.277987
-0.0660541  0.0436226   0.276524
-0.0678591  0.0431032   0.278226
-0.0664347  0.0436419   0.278489
-0.101853  0.118247  0.277202
-0.100582  0.116647  0.275846
-0.100865   0.11678  0.277468
-0.0723929   0.047294   0.309798
-0.0460359  0.0388177   0.123986
-0.0414412  0.0382234   0.122266
-0.042232 0.0514148  0.122283
-0.0695475  0.0483527   0.253043
-0.0736795   0.048226    0.25027
-0.0785625   0.048269   0.251229
-0.0387638   0.113518   0.133847
-0.0348007   0.113563   0.134644
-0.0405995   0.115392   0.133391
-0.0305141  0.0350101  0.0972636
-0.0630982   0.036054   0.183724
-0.039469 0.0355577 0.0953758
-0.0716661   0.129584   0.259453
-0.0771251   0.128941   0.259834
-0.0710981   0.119208   0.259255
-0.071998 0.0471001  0.307844
-0.0749386  0.0471067   0.307251
-0.0304778  0.0398014   0.100066
-0.028058 0.0399166  0.102592
-0.0792569  0.0415548   0.205532
-0.049565 0.0387157  0.101802
-0.0467963  0.0375881   0.100221
-0.0425681  0.0367672  0.0957862
-0.0447022  0.0393047   0.170743
-0.0422825  0.0394199   0.173268
-0.0418873  0.0393308    0.17131
-0.0487161  0.0344512   0.187684
-0.0884793  0.0408983   0.277148
-0.0676341  0.0386679   0.281465
-0.0312556   0.107766  0.0968188
-0.0329766   0.109408  0.0963969
-0.0272925   0.107811  0.0976164
-0.0674751   0.129938   0.272312
-0.0664602   0.129445   0.274582
-0.0870071   0.112892   0.221161
-0.0753376   0.117918   0.193754
-0.0519508  0.0423861    0.11599
-0.049553 0.0514222  0.122578
-0.0522017   0.051109   0.115593
-0.0733055  0.0456587   0.314406
-0.0677576  0.0433103   0.286958
-0.0621141  0.0765084   0.107332
-0.0642878  0.0695934    0.10495
-0.0650657  0.0764811   0.106738
-0.0612905  0.0832092   0.104933
-0.0642458  0.0831905   0.104332
-0.0660506   0.129426   0.272623
-0.0632357   0.129452    0.27319
-0.0664457   0.129515   0.274582
-0.0494272  0.0509217   0.111468
-0.0522006  0.0423211   0.115992
-0.0518291  0.0401255    0.20603
-0.0536341  0.0396061   0.207731
-0.0522097  0.0401448   0.207994
-0.091766  0.106514  0.215335
-0.0626336  0.0871663  0.0985373
-0.0655764  0.0764807   0.106604
-0.0414458   0.112453   0.118884
-0.0460479   0.112227   0.120558
-0.0447268   0.102926   0.121225
-0.0918002  0.0565833   0.217622
-0.0629454   0.065067   0.099464
-0.0601653  0.0511352   0.100657
-0.10083 0.116529 0.271952
-0.0897366   0.114376   0.224623
-0.0880348   0.114391   0.224965
-0.0937975  0.0814525   0.216073
-0.0551631  0.0431263   0.102083
-0.0900361  0.0518752    0.21957
-0.0910924   0.124355   0.276573
-0.098342  0.116607  0.273676
-0.0927265    0.12578   0.273381
-0.0480823   0.124552   0.185481
-0.0518212   0.124792   0.204041
-0.0428555   0.119182   0.159767
-0.0414075   0.119929   0.167741
-0.0443484   0.120164   0.167137
-0.0447435   0.120425   0.169088
-0.0372254  0.0373112    0.13558
-0.0376206  0.0373224   0.137542
-0.0295561  0.0360161  0.0975459
-0.0731314  0.0489856    0.30753
-0.0691683  0.0490154   0.308328
-0.0749717  0.0470605   0.307246
-0.0397831  0.0353092   0.143309
-0.0428654  0.0343297   0.158665
-0.0305163  0.0350155  0.0972946
-0.0678321   0.130861   0.283288
-0.0733165   0.131028   0.310522
-0.0675256   0.128693   0.281866
-0.0490592  0.0357139   0.189366
-0.0530683  0.0351501   0.209305
-0.0388166  0.0353184   0.143575
-0.0305164  0.0360094  0.0972493
-0.0324549  0.0380573  0.0966559
-0.0305138    0.03501  0.0972851
-0.0324611  0.0350606  0.0968185
-0.0668404   0.131804   0.278319
-0.0324615  0.0380685  0.0966816
-0.0393095  0.0357482  0.0954055
-0.0993118   0.116507   0.272423
-0.0393236  0.0389178  0.0952585
-0.0393232   0.035841  0.0953985
-0.0448149  0.0370761  0.0974112
-0.0480734   0.106662  0.0979762
-0.051044  0.108431  0.109249
-0.0529437   0.108437   0.112777
-0.0393059  0.0388141  0.0952668
-0.0532116   0.123257    0.20197
-0.0536067   0.123346   0.203929
-0.054402  0.124465  0.201675
-0.0446636  0.0403171  0.0974475
-0.0446034   0.040287  0.0975345
-0.0446029  0.0370394  0.0976823
-0.0690817  0.0438342   0.288444
-0.0672417  0.0417596   0.284467
-0.0681113  0.0436298     0.2887
-0.0480475  0.0414832   0.100931
-0.0520165  0.0442384   0.102161
-0.0551638  0.0484678    0.10184
-0.0603266  0.0534746   0.100571
-0.0580802  0.0566273    0.10088
-0.0623554  0.0651467  0.0996305
-0.059391 0.0651742  0.100227
-0.0613303  0.0696125   0.105541
-0.0938075  0.0814531   0.216072
-0.0316508   0.107855  0.0987774
-0.0276877     0.1079  0.0995749
-0.0334862   0.109728  0.0983219
-0.10116 0.118747 0.279831
-0.100863  0.116775  0.277459
-0.0993756   0.116552   0.278412
-0.0660395  0.0435528    0.27653
-0.0636198   0.043668   0.279056
-0.0632246   0.043579   0.277097
-0.0740889   0.129927   0.260329
-0.0721285   0.129483    0.25994
-0.0699356   0.130067    0.25841
-0.0668404   0.131803   0.278319
-0.0978809  0.0500324   0.284384
-0.0944115  0.0501411   0.286917
-0.0964778  0.0518237   0.282849
-0.0518146  0.0400557   0.206036
-0.0493948  0.0401709   0.208561
-0.0885889   0.049137   0.223716
-0.0463678   0.118552   0.166803
-0.047292  0.120151  0.166544
-0.0415184   0.118478   0.167785
-0.0998764  0.0500648   0.274432
-0.0787266  0.0418966   0.263444
-0.0803132   0.042921   0.262289
-0.081957 0.0426601  0.259881
-0.0485203   0.124314   0.202869
-0.0518564   0.124775   0.204217
-0.0489155   0.124539   0.204821
-0.0472892   0.120081   0.166548
-0.0694077   0.124554   0.213811
-0.0450643   0.113175   0.120898
-0.0524717   0.109871   0.116877
-0.0678464  0.0400315   0.282484
-0.0679036  0.0390825   0.282811
-0.058341 0.0372217  0.235399
-0.0925357  0.0684297   0.218068
-0.0937628  0.0814533   0.216083
-0.0932402  0.0684616   0.216767
-0.0556331   0.128047   0.238026
-0.0589691   0.128471   0.239376
-0.0560282   0.128236    0.23998
-0.0930534  0.0815167   0.217381
-0.0676141   0.129753   0.254442
-0.0443477    0.12022   0.167131
-0.091443 0.0566988  0.217717
-0.0489046   0.039676   0.208682
-0.0485093  0.0383812   0.206779
-0.0485094  0.0395869   0.206724
-0.0736873   0.118153   0.247087
-0.0695565   0.118279   0.249861
-0.0683226      0.132   0.280605
-0.0681561   0.130531   0.284913
-0.0673621    0.13218   0.280893
-0.0902385   0.128352   0.287398
-0.0958404   0.125052   0.282395
-0.0936365   0.124056   0.284212
-0.0271816   0.109187  0.0975762
-0.0305177   0.109759  0.0989194
-0.0275768   0.109521  0.0995236
-0.0342947   0.114888   0.132644
-0.0376307   0.115422   0.133989
-0.0346898   0.115185   0.134593
-0.0318729    0.10824  0.0966728
-0.0329876   0.109363  0.0964162
-0.053702  0.036153  0.212407
-0.0666452  0.0388989   0.281634
-0.0887217  0.0495845   0.227765
-0.0895217  0.0479187   0.227656
-0.0999411  0.0500247   0.274431
-0.0892815  0.0487133   0.223558
-0.0894523  0.0478994   0.227671
-0.0885009  0.0492215   0.227729
-0.0450974  0.0393937   0.172702
-0.101277    0.1176  0.275632
-0.101543  0.117469  0.273287
-0.100671   0.11658  0.273074
-0.0683423    0.13217   0.280695
-0.068212  0.132765  0.280021
-0.0935642  0.0814193   0.215732
-0.0929858  0.0815081   0.217288
-0.0924543  0.0950667   0.216779
-0.0470913   0.118972    0.16868
-0.0476839   0.120413   0.168495
-0.100195 0.0494555  0.277367
-0.0907548  0.0422847   0.276626
-0.0865792  0.0422402   0.281116
-0.0677474   0.129266   0.254259
-0.0997343  0.0501734   0.274486
-0.0785645  0.0392741   0.279222
-0.0691784   0.127137   0.304773
-0.0749817   0.128981   0.303519
-0.0690675    0.12876   0.304722
-0.0731415   0.127092   0.303976
-0.0768476  0.0407769   0.283095
-0.0676289  0.0388397   0.281458
-0.0690916  0.0436207   0.288502
-0.0707093  0.0445291   0.301563
-0.0683207   0.040542   0.284816
-0.0680044  0.0393489     0.2833
-0.100422  0.116662  0.274877
-0.098342  0.116607  0.273676
-0.0668881   0.133698   0.278468
-0.067291  0.132498  0.280525
-0.0668404    0.13181   0.278319
-0.0775971   0.120196   0.194368
-0.0940353   0.129418   0.272001
-0.072392  0.129582  0.231791
-0.0676532   0.134898   0.277085
-0.0548268    0.12475   0.203619
-0.0490264   0.122916   0.204872
-0.0487088   0.125347   0.183646
-0.0999363  0.0506085   0.274456
-0.0995318  0.0524034   0.277142
-0.0987355  0.0511908     0.2746
-0.0681943  0.0410819   0.284163
-0.0676231  0.0398334   0.281384
-0.0666507  0.0397054   0.281627
-0.0817579  0.0433174   0.258994
-0.0749466  0.0418265   0.264378
-0.0782301  0.0483448   0.263189
-0.0446124   0.110389  0.0943448
-0.046742  0.110303   0.09686
-0.0425139   0.110986  0.0922596
-0.0494843   0.109589  0.0985408
-0.0992548   0.116815   0.278261
-0.098342  0.116607  0.273676
-0.0305233   0.111991  0.0937559
-0.0393647   0.111094    0.09197
-0.0505211   0.108076   0.108989
-0.0405711    0.11086   0.109931
-0.0471477   0.102325   0.107902
-0.055744  0.126524  0.238073
-0.0615277    0.12827   0.236826
-0.0592536  0.0871527  0.0992556
-0.0622288  0.0871251  0.0986566
-0.0600215  0.0973162  0.0986385
-0.0597071   0.126479   0.237275
-0.0723623  0.0490986    0.30768
-0.0699425  0.0492138   0.310205
-0.0695474  0.0491248   0.308247
-0.0551705    0.10079  0.0994592
-0.0551712    0.10574   0.099234
-0.0579027  0.0942061  0.0992074
-0.0601588  0.0985201  0.0984998
-0.0484905   0.106618  0.0974151
-0.0520818   0.104445   0.099428
-0.0905486  0.0947138    0.21718
-0.044612  0.107182 0.0944907
-0.0447803   0.107102  0.0942663
-0.0446145   0.110323  0.0943177
-0.0393329   0.111046  0.0919765
-0.0803768  0.0486782   0.260227
-0.0713629  0.0487619    0.26204
-0.0813344  0.0484562   0.255351
-0.0405706   0.115324   0.133402
-0.0393198   0.108059   0.092115
-0.0393221   0.111126  0.0919751
-0.0324706   0.108828  0.0934619
-0.0393325    0.10797  0.0921165
-0.032471  0.111851 0.0933244
-0.0417923  0.0389249    0.17339
-0.0417921  0.0376892   0.173446
-0.041397 0.0376661  0.171484
-0.0447329  0.0373992   0.172866
-0.0443378   0.037376   0.170904
-0.0295601   0.108956  0.0942077
-0.0324683   0.111854  0.0933125
-0.0305262   0.111937  0.0937945
-0.0305261   0.110937    0.09384
-0.0428569    0.12148   0.154601
-0.0305255   0.110937  0.0938381
-0.0733057  0.0477465   0.314311
-0.0342847  0.0376003    0.13616
-0.0372243  0.0373352   0.135579
-0.034396 0.0391187  0.136069
-0.0397789   0.118287    0.13946
-0.053059  0.127976  0.204975
-0.0619408   0.128451   0.238777
-0.0561392   0.126613   0.240031
-0.0905671   0.111071   0.216684
-0.0967722   0.050861   0.284508
-0.0955429  0.0517362   0.277977
-0.0631296  0.0431731   0.279177
-0.0627342  0.0418064   0.277277
-0.0627344   0.043084   0.277219
-0.0583432   0.129685   0.231144
-0.0679179   0.134676   0.278472
-0.0529895   0.122871   0.204075
-0.0678684   0.133689   0.278271
-0.0822129   0.132231   0.277925
-0.0676771   0.135326   0.277112
-0.087188  0.131647  0.273149
-0.0683611   0.133728   0.280662
-0.0823722  0.0431344   0.255456
-0.0803866   0.118605   0.257044
-0.0813434   0.118383   0.252169
-0.0376045  0.0392727   0.135415
-0.0394094  0.0387533   0.137116
-0.0379851   0.039292   0.137379
-0.0532008  0.0394575   0.205783
-0.054786 0.0383227  0.207557
-0.0535959  0.0395465   0.207742
-0.0958073   0.126232   0.275128
-0.0966101   0.126295   0.271634
-0.0489044  0.0384403   0.208739
-0.0518452  0.0381502   0.208158
-0.0601023   0.126568   0.239234
-0.0981364  0.0519106   0.281816
-0.0904183   0.115732   0.224192
-0.101624  0.117863  0.270996
-0.101578  0.117933  0.273269
-0.101702  0.118001  0.271045
-0.069057 0.0473941  0.308424
-0.0682457   0.041573   0.284396
-0.0978859  0.0500267   0.284413
-0.0906701   0.115805   0.224309
-0.10073 0.116472  0.27127
-0.101641  0.117861  0.270993
-0.05125 0.102778 0.118128
-0.0899598   0.114559    0.22022
-0.0895695   0.114503   0.224582
-0.0904821   0.115821   0.224358
-0.0347846   0.113357   0.132614
-0.0351797   0.113446   0.134573
-0.0379947    0.11342   0.134006
-0.0276629  0.0398276   0.100633
-0.0716422  0.0445003   0.301131
-0.0389859   0.113903   0.131742
-0.0393811   0.113992   0.133701
-0.0401272   0.115054   0.131471
-0.0737485  0.0485003   0.307427
-0.0753338  0.0473656   0.309201
-0.0741437  0.0485894   0.309386
-0.0985012   0.118938     0.2809
 -0.03759 0.0392029  0.135421
-0.0351702  0.0393181   0.137946
-0.034775  0.039229  0.135987
-0.091536  0.106182  0.215399
-0.0490527   0.124537   0.185235
-0.0424877   0.110724    0.10798
-0.0469762   0.109535   0.107194
-0.0981315   0.050166   0.284725
-0.0988616  0.0501881   0.281758
-0.0987256  0.0499235   0.282676
-0.0986333  0.0501346   0.280561
-0.0932645  0.0459542   0.283029
-0.0989116  0.0499843   0.282472
-0.0980332  0.0516728   0.281715
-0.043734  0.039242  0.110689
-0.0505141  0.0418054   0.112792
-0.056017 0.0411254  0.243943
-0.0560168  0.0398886      0.244
-0.0556218  0.0397946   0.242041
-0.039456 0.0381849  0.118752
-0.0394577  0.0512274   0.118158
-0.0762814   0.129069   0.259853
-0.098104 0.0490917  0.283534
-0.0907371  0.0452588   0.289432
-0.067437  0.129998  0.272317
-0.101452  0.119411  0.278496
-0.100962  0.118876  0.279549
-0.0703765  0.0425741   0.288362
-0.0863336  0.0441538   0.295099
-0.0585625  0.0395045   0.241461
-0.0532497   0.123196   0.201965
-0.0522349   0.122703   0.204235
-0.0418027    0.12019   0.169692
-0.0862337  0.0443059   0.295163
-0.0836697  0.0441629   0.299976
-0.0739774  0.0446021   0.312725
-0.0802359  0.0442554   0.306026
-0.0844598  0.0451651   0.300312
-0.0741259  0.0444893   0.312578
-0.0686786  0.0408677   0.254201
-0.0732434  0.0412459   0.250052
-0.0691327  0.0478406   0.252786
-0.0419135   0.118567   0.169743
-0.0305084  0.0378959   0.102189
-0.074009 0.0445363  0.312885
-0.068799   0.04236  0.287108
-0.0781246  0.0410879   0.283201
-0.0690932  0.0427943   0.288468
-0.0793604  0.0429555    0.28643
-0.0681094   0.119006   0.254811
-0.0271815   0.108198  0.0976212
-0.0275766   0.108287  0.0995797
-0.0687379  0.0433022    0.28676
-0.0631294  0.0419374   0.279233
-0.0656751  0.0415173   0.276697
-0.0443365   0.037402   0.170903
-0.0415082  0.0392214   0.171391
-0.0897819  0.0434504   0.280374
-0.0901737  0.0450959   0.283825
-0.0891408   0.112915   0.219927
-0.0879135   0.114392   0.224986
-0.0896194   0.114376   0.224643
-0.0898296  0.0445985   0.281956
-0.0334584   0.109531  0.0983364
-0.0994765  0.0501799   0.277223
-0.0991267  0.0496851   0.280737
-0.0900727  0.0452953   0.283785
-0.0668197   0.129525   0.272463
-0.0686483   0.131355   0.272011
-0.0628566    0.12957   0.273261
-0.0987075  0.0501467   0.279044
-0.0404227   0.102452   0.110941
-0.0394655   0.111944   0.115396
-0.0394643   0.102674   0.115817
-0.0979875  0.0519058   0.280611
-0.0986333  0.0501346   0.280561
-0.0989233  0.0501775   0.281746
-0.100863  0.116779  0.277458
-0.0992568   0.116816   0.278271
-0.0425139   0.102343   0.119548
-0.0508347   0.102266   0.117873
-0.0491589   0.101888   0.109567
-0.0802481   0.131634    0.30206
-0.0813649   0.130909     0.2822
-0.0861344   0.130624   0.291503
-0.0344056   0.113474   0.132686
-0.0401254   0.115107   0.131457
-0.0945645   0.126264    0.27887
-0.0897846   0.129272   0.286662
-0.0859798   0.130562    0.29169
-0.0958048   0.125841   0.281457
-0.0685904  0.0485746   0.257917
-0.0603133  0.0409068   0.241044
-0.0618985  0.0397721   0.242818
-0.0607084  0.0409959   0.243003
-0.101616  0.118382  0.277999
-0.0819795   0.127791   0.256009
-0.0787184   0.129097   0.259487
-0.0735366   0.127181   0.305934
-0.0695735   0.127226   0.306732
-0.0753579   0.128973   0.305485
-0.0528773   0.126917   0.204122
-0.0666629   0.134013   0.277335
-0.0442588   0.122238   0.166596
-0.101407  0.118181   0.27562
-0.0508282  0.0518179   0.120168
-0.0425066  0.0518952   0.121843
-0.0408318  0.0515175   0.113537
-0.0676471   0.133728    0.27717
-0.04534 0.118329  0.16702
-0.101625   0.11706  0.277333
-0.101853   0.11861  0.278043
-0.101723  0.118254  0.277228
-0.0411442   0.112961   0.119166
-0.0694521  0.0475871   0.310378
-0.0723929   0.047298   0.309798
-0.0719977  0.0471041   0.307844
-0.0975212   0.124386   0.274641
-0.101364  0.118212  0.275617
-0.0924272   0.128021   0.279527
-0.0888071   0.106021   0.217017
-0.0916629   0.106215   0.215415
-0.0682121  0.0413886   0.284237
-0.101406  0.118181  0.275621
-0.039948 0.0517224  0.118037
-0.0918075   0.128809   0.276145
-0.0480888  0.0357242   0.189612
-0.0514501  0.0381161   0.206197
-0.0518454  0.0381493    0.20816
-0.0674258  0.0429555   0.276278
-0.0805062   0.131052   0.282407
-0.0791672   0.132447   0.279214
-0.0920977   0.127531   0.279565
-0.0739912   0.131995   0.308759
-0.0691464    0.13171    0.28471
-0.0672317   0.132775   0.280218
-0.0684378   0.132705   0.281213
-0.0518253   0.122684   0.202276
-0.074198  0.131022  0.309833
-0.0688678   0.131834   0.283321
-0.0741131   0.131787   0.309377
-0.0688124   0.130851   0.283091
-0.0844569   0.129811   0.296433
-0.0739761   0.130912   0.309669
-0.0844574   0.132698   0.296332
-0.0694522  0.0487189   0.310326
-0.0690572  0.0486298   0.308368
-0.0485202   0.123214   0.202919
-0.0683148   0.133448   0.280459
-0.0802211   0.132314   0.279048
-0.0684788   0.132923   0.281338
-0.078717  0.129131  0.259468
-0.100892  0.118945   0.27956
-0.0684077   0.133243    0.28097
-0.0682713   0.132489   0.280328
-0.0991109   0.117643   0.280264
-0.0342945   0.113861    0.13269
-0.042208 0.0509026  0.111114
-0.0683562  0.0407348   0.284983
-0.0682969  0.0409596   0.284709
-0.0787256   0.041157   0.283158
-0.0766869  0.0407634   0.283128
-0.0889065  0.0434529   0.279876
-0.0388125   0.118306   0.139726
-0.0357523    0.11401   0.124724
-0.0295655   0.108955  0.0942271
-0.0683899  0.0409192   0.285142
-0.0805414  0.0426615   0.279466
-0.0819717  0.0427023   0.259887
-0.0824789  0.0429413   0.255372
-0.0907882   0.106003   0.216618
-0.0886358    0.10613   0.216187
-0.0795677  0.0444144   0.215425
-0.0802653  0.0422972    0.25144
-0.0762546   0.118732   0.259817
-0.0907672  0.0456766   0.277296
-0.0573688   0.129696    0.23137
-0.0604484   0.129179    0.24669
-0.0787382  0.0419454   0.263459
-0.069011 0.0418198  0.278052
-0.0678209  0.0430446   0.278236
-0.0301227   0.109429  0.0969728
-0.0329612   0.109339  0.0964032
-0.0740931  0.0412875   0.264409
-0.0762967  0.0420566   0.263807
-0.069011  0.041653   0.27806
-0.0699273  0.0408536   0.262519
-0.0589415  0.0415749   0.241291
-0.0607465  0.0410555   0.242992
-0.0593222  0.0415941   0.243255
-0.0740954  0.0412559   0.264397
-0.0676341  0.0405371   0.258482
-0.0547971   0.124698   0.203627
-0.0518549   0.124779   0.204217
-0.071324 0.0401265  0.250481
-0.0681739  0.0403677   0.253881
-0.0585924  0.0395393   0.241456
-0.0528666  0.0426713   0.116077
-0.101151  0.117414  0.278852
-0.0680994   0.041032   0.258359
-0.0489044  0.0384393   0.208739
-0.0304866   0.107668  0.0969784
-0.0276716   0.107694  0.0975452
-0.0308816   0.107757   0.098937
-0.0874374   0.113182   0.221122
-0.0759178   0.041222   0.249489
-0.0818239  0.0434179   0.255482
-0.0818245  0.0479522   0.255275
-0.0772553  0.0477339   0.249717
-0.0826485  0.0436689   0.254884
-0.0681107   0.129257   0.254345
-0.0554481  0.0387076   0.156199
-0.052512 0.0409636  0.119973
-0.0532639  0.0415468   0.115807
-0.0511205  0.0413608   0.112375
-0.0826962   0.126242   0.251914
-0.0797991   0.119172   0.259009
-0.101613  0.117934  0.273282
-0.100988  0.116226   0.27127
-0.0890564  0.0523189   0.221002
-0.0901148  0.0519369   0.219583
-0.0493788  0.0392676   0.123479
-0.0802934   0.128158   0.258035
-0.0819719   0.127834    0.25599
-0.0450122  0.0381695   0.124368
-0.0295658   0.110964  0.0941357
-0.0885783   0.107794   0.217121
-0.0443367   0.037415   0.170903
-0.0411504   0.037743   0.122618
-0.0522084   0.102556   0.113252
-0.0522091   0.108025   0.113003
-0.0405604   0.037385   0.136947
-0.0389996  0.0376913   0.118836
-0.0627458    0.13113   0.273212
-0.0393683  0.0388054  0.0952525
-0.0395303  0.0378824    0.11448
-0.0346798  0.0375865   0.138124
-0.0376206  0.0372974   0.137543
-0.0342847  0.0376003    0.13616
-0.0322749  0.0380515  0.0967037
-0.0425043  0.0384535   0.111286
-0.0958216    0.12596    0.28151
-0.049333  0.111832  0.120177
-0.0423992  0.0397669  0.0955787
-0.0470283  0.0397327   0.110395
-0.0392226   0.038127    0.11871
-0.0473647   0.120037   0.166531
-0.0457901   0.118273   0.168979
-0.0476844   0.120342   0.168498
-0.031864 0.0392031  0.099814
-0.0305188   0.109787  0.0989148
-0.0447329  0.0374002   0.172866
-0.0460885  0.0387064   0.170491
-0.0465218   0.038855   0.172439
-0.0447168  0.0393744   0.170737
-0.0408377   0.101965   0.111242
-0.0399545    0.10217   0.115742
-0.0762458  0.0488049      0.263
-0.0585739   0.128283   0.237422
-0.0615144   0.128204   0.236833
-0.0978858  0.0500278   0.284393
-0.058927 0.0415051  0.241297
-0.0565073  0.0416203   0.243822
 -0.05617 0.0490999   0.10161
-0.0372254  0.0373102    0.13558
-0.0334492  0.0379435   0.101594
-0.044651  0.101848  0.108682
-0.0295564   0.038019  0.0974548
-0.0301428  0.0380016   0.100221
-0.0295564   0.038018  0.0974548
-0.0991874   0.116552   0.272456
-0.0295549  0.0360159  0.0975421
-0.0476848   0.120345   0.168498
-0.0636308   0.129541   0.275148
-0.0749386  0.0472765   0.307243
-0.0301133  0.0379457   0.100224
-0.0271725  0.0382358   0.100805
-0.0330683  0.0379093  0.0996299
-0.0272837  0.0397182   0.100715
-0.0674427  0.0453553   0.285305
-0.0312468  0.0396884  0.0999165
-0.0514501  0.0380911   0.206199
-0.0905506  0.0568463   0.217767
-0.072008   0.12908  0.304114
-0.0690549   0.131503   0.273965
-0.0632518   0.129659   0.275219
-0.0330541  0.0379793  0.0996296
-0.0334492  0.0380684   0.101588
-0.0694521  0.0475871   0.310378
-0.0401665  0.0373859   0.134984
-0.0305087  0.0378639    0.10219
-0.0486312   0.122827   0.202914
-0.0544178   0.124535   0.201669
-0.0490103    0.12271   0.202843
-0.0494055   0.122799   0.204801
-0.0522203   0.122773   0.204235
-0.0737587   0.127566    0.30383
-0.0741539   0.127655   0.305788
-0.0749491   0.128767   0.303535
-0.0489997  0.0400819   0.206602
-0.0802639  0.0422531    0.25146
-0.0824654  0.0437182   0.255199
-0.0779457  0.0420912   0.250249
-0.0372263  0.0373382   0.135578
-0.0301225   0.109424  0.0969721
-0.0295564   0.038014   0.097455
-0.0517117  0.0516131   0.115669
-0.0276789  0.0398073   0.102673
-0.0334756  0.0378754   0.101592
-0.031642 0.0397775  0.101875
-0.100212  0.117138  0.275837
-0.101469  0.119417  0.278523
-0.0383591  0.0390899   0.135271
 -0.04017 0.0373768  0.134983
-0.0737967   0.127505   0.303825
-0.072782  0.127013  0.306094
-0.052296  0.107964  0.113042
-0.101715  0.117841  0.270958
-0.0695574   0.127019   0.304702
-0.0699525   0.127108   0.306661
-0.0727675   0.127082   0.306094
-0.0603624   0.126892   0.237124
-0.058938   0.12638  0.237435
-0.0593476   0.126399   0.239394
-0.0389762  0.0386046   0.135168
-0.0401663  0.0373808   0.134984
-0.0405615  0.0374699   0.136942
-0.0753443   0.128856   0.305493
-0.0561231   0.126406   0.238001
-0.0565182   0.126495    0.23996
-0.0593331   0.126469   0.239393
-0.042419  0.107332 0.0925041
-0.0376206  0.0373474   0.137541
-0.0387542  0.0391789   0.137229
-0.0405779  0.0373858   0.136943
-0.0376194  0.0373224   0.137543
-0.0414074   0.118865   0.167789
-0.0470209   0.102383   0.120433
-0.0347911  0.0392078   0.138027
-0.0556219  0.0410363   0.241985
-0.0598233  0.0872339  0.0990869
-0.0694625   0.128744   0.306685
-0.0981775  0.0519102   0.281808
-0.0472782  0.0374656   0.170307
-0.0874939  0.0529341   0.220878
-0.0890484  0.0569756   0.219196
-0.0598364  0.0651234   0.100101
-0.0547971   0.124548   0.203634
-0.0626753  0.0765016   0.107186
-0.0454758  0.0391906   0.170592
-0.0472893  0.0374575   0.170305
-0.0418025   0.118954   0.169748
-0.0982334  0.0518703   0.281768
-0.0986263  0.0507252   0.277084
-0.0979536  0.0502716   0.280467
-0.054786 0.0382238  0.207562
-0.0472786  0.0374706   0.170307
-0.0476737  0.0375716   0.172265
-0.0476738  0.0374797   0.172269
-0.050449   0.10804  0.109747
-0.0469404   0.108578    0.10708
-0.069936   0.04082  0.262506
-0.0721833  0.0414865   0.263761
-0.0491526  0.0514402   0.111863
-0.0543869  0.0381658   0.205603
-0.0447343  0.0374191   0.172864
-0.0458665  0.0392807   0.172552
-0.0476912  0.0374836   0.172265
-0.0447317  0.0374242   0.172865
-0.0528194   0.107838   0.112734
-0.0994159  0.0519971   0.274437
-0.0990456  0.0516193   0.275417
-0.055633   0.12691  0.238077
-0.056028     0.127  0.240036
-0.0419034  0.0393105    0.17335
-0.0514501  0.0381411   0.206196
-0.0525836  0.0399437   0.205886
-0.0514489  0.0381161   0.206198
-0.0544041  0.0381666   0.205599
-0.0486205  0.0399725   0.206684
-0.0695634  0.0491045   0.310287
-0.0735265  0.0490746   0.309488
-0.075348 0.0472476  0.309204
-0.068164  0.130724  0.284943
-0.0518453  0.0381442   0.208159
-0.0529788  0.0400328   0.207844
-0.0548045  0.0382286   0.207558
-0.0518441  0.0381752   0.208158
-0.0818346   0.126428   0.251704
-0.0490157  0.0400616   0.208642
-0.0720083   0.128995   0.304118
-0.0305211   0.111157  0.0938055
-0.0295651   0.110962  0.0941318
-0.0691611  0.0412091    0.26089
-0.0866449  0.0502422   0.224305
-0.0869336  0.0494695   0.228136
-0.0464836  0.0387954   0.172449
-0.0911133  0.0815239   0.217665
-0.0910954  0.0815257   0.217667
-0.0626191  0.0764918   0.107201
-0.0271726  0.0393326   0.100755
-0.0413971  0.0388359   0.171431
-0.0674955  0.0412208   0.258547
-0.0573666  0.0372321   0.235626
-0.0604377  0.0399522   0.250754
-0.0615034   0.039683    0.24086
-0.0615353  0.0394699   0.240863
-0.055733 0.0414219  0.241945
-0.0596961   0.041393   0.241147
-0.0543909  0.0382336   0.205599
-0.0897345   0.114403   0.224616
-0.0980511  0.0491338   0.283512
-0.0618985  0.0396142   0.242825
-0.0615148   0.128154   0.236834
-0.0607195   0.127042   0.239088
-0.0619099   0.128244   0.238793
-0.0383687   0.113429   0.131888
-0.0686158   0.041522   0.276103
-0.0589589  0.0395776    0.24342
-0.0723723   0.126993   0.304135
-0.0656753  0.0414843   0.276698
-0.0905564  0.0570566   0.218891
-0.0589576  0.0395996   0.243419
-0.0694521  0.0475881   0.310378
-0.0561282  0.0415109   0.243903
-0.0619296   0.039564   0.242821
-0.0560168  0.0398896      0.244
-0.0733162   0.128943   0.310616
-0.0600913  0.0414821   0.243105
-0.0672149   0.129614   0.274422
-0.0667972  0.0418871   0.282254
-0.0346799  0.0388232   0.138067
-0.0342849  0.0387341   0.136109
-0.0489154   0.123303   0.204877
-0.068656 0.0414776  0.276097
-0.0628455  0.0434696   0.277179
-0.0668086  0.0434408    0.27638
-0.0372355   0.115124    0.13204
-0.0671982  0.0412053   0.284277
-0.0603244   0.126953   0.237129
-0.0667992  0.0418946   0.282263
-0.0660701  0.0416443   0.278653
-0.0724034    0.12898   0.306081
-0.0686159  0.0417307   0.276093
-0.0346896    0.11395   0.134649
-0.0322591  0.0392922   0.101773
-0.0660701  0.0416473   0.278653
-0.0561121  0.0415312   0.241863
-0.0632407  0.0435587   0.279137
-0.0690438  0.0416047   0.278055
-0.0631294  0.0419374   0.279233
-0.0740813    0.12989   0.260348
-0.0672038  0.0435298   0.278339
-0.0405715   0.115194   0.133406
-0.0783449  0.0458266   0.283043
-0.0674418  0.0454518    0.28529
-0.0280668   0.107783  0.0995037
-0.0878399  0.0475394   0.280804
-0.0525968   0.122783   0.202116
-0.0955586  0.0517461   0.277973
-0.0974085  0.0516331   0.275716
-0.0976222  0.0515202   0.275678
-0.0975054  0.0516276   0.275595
-0.0470144  0.0519349   0.122729
-0.0887511  0.0494528   0.227775
-0.0883838  0.0501605   0.224099
-0.0446455  0.0514005   0.110977
-0.0886376  0.0494537   0.227794
-0.0904042  0.0568541   0.217982
-0.0883579  0.0569581   0.218742
-0.0825285   0.126119   0.251735
-0.0885498  0.0570743   0.219295
-0.0905177  0.0684232   0.218381
-0.0924754   0.068427   0.217986
-0.0910537  0.0815257   0.217677
-0.0656867   0.131364   0.272608
-0.0803292   0.126988   0.247606
-0.0824969   0.126886   0.251528
-0.0759968   0.127805   0.245532
-0.0691443   0.130715   0.284746
-0.0517182   0.102061   0.113373
-0.0713229   0.128643   0.246426
-0.0681923   0.129271   0.249785
-0.0627458    0.13113   0.273212
-0.0660817   0.131516   0.274564
-0.0676416   0.129759   0.254395
-0.0699218   0.130035   0.258422
-0.0393714  0.0386937   0.137127
-0.0249815  0.0749523  0.0730267
-0.00314346   0.0529042   0.0784353
-0.0131611  0.0459902  0.0767286
-0.0249774  0.0434849  0.0744585
-0.0367949  0.0457707  0.0719703
-0.0468133  0.0524986   0.069643
-0.053508 0.0626448 0.0678309
-0.0558603  0.0746654  0.0668097
-0.0535111  0.0867292  0.0667351
-0.0468191  0.0970005  0.0676181
-0.0368024   0.103915  0.0693246
-0.0249855    0.10642  0.0715949
-0.0131686   0.104134  0.0740829
-0.0031492  0.0974062  0.0764104
0.00354552  0.0872594  0.0782225
0.0058978 0.0752391 0.0792437
0.00354863  0.0631749  0.0793184
-0.0234242  0.0426047    0.22618
-0.0488158  0.0405235   0.285167
-0.0494739  0.0384339   0.262236
-0.0373629  0.0374143   0.223688
-0.0666487  0.0388449   0.281656
-0.0190645   0.060062   0.311358
-0.0160215  0.0604147   0.303899
-0.0278391  0.0594979   0.321622
-0.0254389  0.0365384   0.162122
-0.0201203  0.0360271   0.103218
-0.0106713  0.0401825   0.118175
-0.0443893  0.0343263    0.17131
-0.0144106   0.112498   0.276713
-0.0151739    0.11217    0.26726
-0.0152579   0.111801   0.266823
-0.029556 0.0350141 0.0975915
-0.0422846  0.0428465   0.261953
-0.0424748  0.0432354   0.261897
-0.0418265  0.0482542     0.2618
-0.0123454  0.0928763   0.138626
-0.0127722   0.093474   0.138453
-0.0126502  0.0930622    0.13851
-0.0558718  0.0411105   0.265947
-0.0555149  0.0415388   0.265634
-0.0567941  0.0406766   0.260682
-0.00284199    0.080629    0.204881
-0.000366765     0.080652     0.205379
-0.000420357    0.0781446     0.205482
9.59247e-05   0.0807062     0.20547
-0.00294911   0.0807807    0.201048
-0.000364804     0.080652     0.205379
-0.00476608   0.0874046    0.216557
-0.00448054    0.085185    0.215129
-0.00949462   0.0900009    0.251019
-0.000366849     0.081303     0.205349
-0.0127016  0.0607023   0.298153
-0.0103366  0.0613057   0.284129
6.45629e-06   0.0808082    0.201643
-0.000365826    0.0809775     0.205364
-0.000365868     0.081303      0.20535
-0.000365826    0.0809775     0.205364
7.43658e-06   0.0808082    0.201644
-0.0091688  0.0874923   0.251168
-0.00542144   0.0818302    0.224006
-0.00920397   0.0854824    0.251218
-0.0465224   0.118873     0.2644
-0.0466005    0.11947   0.264933
-0.051264    0.1189   0.26486
-0.000321189    0.0902608      0.15083
-0.000121691    0.0879433     0.152428
-0.000568687    0.0903994      0.15187
-0.0536573   0.047997   0.256181
-0.0536743  0.0410149   0.256513
-0.0563353  0.0411411   0.260725
-0.00285482   0.0812799    0.204849
7.43658e-06   0.0808082    0.201644
-0.0517138  0.0417106   0.269222
-0.0466009   0.042939    0.26842
-0.0516573  0.0421554   0.268723
-0.0250789  0.0625351    0.32197
-0.0224155  0.0715069   0.322017
-0.0302822  0.0600908   0.321174
0.00374766  0.0700087    0.13576
0.00312034   0.067137   0.144572
0.00219538  0.0646448   0.152503
0.00243022  0.0598398   0.123154
-0.00357334   0.0526761    0.165581
0.00216982  0.0646666   0.152938
0.0026325 0.0668096  0.152492
-0.0218665   0.109831   0.320365
-0.0113241   0.107515   0.303307
-0.0220852   0.109944   0.320326
-0.0461062  0.0425384   0.268788
-0.0163905   0.111208   0.307958
-0.00971879    0.108526    0.290535
-0.00815551    0.106475    0.273973
0.000179501   0.0692932    0.151884
0.00303704  0.0693207   0.152459
0.00339266  0.0710476   0.152453
-0.00027699   0.0667826    0.151906
-0.0163709   0.111237    0.30792
-0.0112547   0.109826   0.297886
-0.0164833   0.111386   0.309034
0.0022142 0.0646469  0.152506
-0.000438689    0.0667508      0.15264
0.00263839  0.0668096   0.152493
0.00311777  0.0671355   0.144584
-0.00965972    0.104734    0.261222
-0.00886287    0.103559    0.260829
-0.00923552    0.104381    0.261269
9.45671e-05   0.0671075    0.143976
-0.0209327  0.0974608   0.321095
-0.00867704   0.0854028    0.302621
-0.0198774  0.0862738   0.321786
0.000903005   0.0699168    0.135098
0.0031286 0.0670636  0.144564
0.00389382  0.0700064   0.135723
0.00327793  0.0713316   0.152417
0.00304724  0.0693208   0.152459
0.000892176   0.0699785    0.135119
0.00305763  0.0693209   0.152464
-0.0124294  0.0933583   0.136502
-0.0128245  0.0934474   0.138461
-0.0128255   0.101239   0.138106
-0.00560245   0.0644763    0.207101
-0.00514164   0.0645627    0.205147
-0.00553398   0.0645908    0.204293
0.00423996   0.072196   0.131197
-0.0101081  0.0627678   0.262294
-0.0100852  0.0633817     0.2623
-0.0104401  0.0620331    0.26375
-0.0110424  0.0620786   0.131057
-0.0106463   0.054797   0.129425
-0.0110414   0.054886   0.131384
-0.00110961   0.0916639    0.152649
0.000131453   0.0859224     0.15246
0.000393355   0.0827374    0.153353
9.98921e-06   0.0692625    0.152596
0.00298579  0.0860433   0.153731
0.000377563   0.0835124     0.15332
0.00320961  0.0835389    0.15389
0.000167738   0.0692941    0.151882
0.00327107  0.0713283   0.152415
-0.0442065   0.119715   0.270324
-0.0471474   0.119688   0.269732
-0.0385914   0.126928   0.271129
0.000653379   0.0738104    0.151774
0.00348641  0.0738374   0.152345
0.000425295   0.0713018    0.151842
-0.0446984  0.0493269   0.273942
-0.0441983  0.0555316   0.273244
-0.0441974  0.0487886   0.273551
0.00080418  0.0717137   0.141733
0.00331342  0.0713287   0.152423
0.00461011   0.077201   0.122805
0.00436613  0.0734195   0.129405
-0.0428573  0.0551092   0.263847
-0.0424201  0.0551308   0.264431
-0.0426943  0.0555384   0.263864
0.00124714  0.0721682   0.130595
0.00449234  0.0748382   0.127947
0.00147784   0.074747   0.127298
0.00424222  0.0721136   0.131139
0.00446213  0.0748322   0.127956
-0.0465343   0.118942    0.26437
-0.0550318   0.118832   0.261966
-0.0433853   0.118782   0.260831
0.00147421  0.0748045   0.127354
0.00405325  0.0743345   0.140189
0.00361164  0.0758431   0.152274
0.00352485  0.0738348   0.152346
-0.0532878   0.118439   0.253319
-0.0486949   0.118386   0.252139
-0.0445208   0.118489    0.25439
0.00452426  0.0768776   0.126914
-0.0452675  0.0556387   0.275601
-0.0447901  0.0489222   0.276489
-0.044791 0.0556652  0.276182
-0.0550235  0.0489053   0.265147
-0.0465265  0.0490159   0.267552
-0.0433763  0.0488552   0.264013
0.0010369 0.0742743  0.140383
0.00348053  0.0738372   0.152344
-0.00356559   0.0735207      0.2071
-0.00315086   0.0736068    0.205138
-0.00358295   0.0736567    0.203704
0.000644556   0.0738109    0.151773
0.00075409  0.0758173   0.151703
0.00358026  0.0758436   0.152272
0.00412651   0.076346    0.13998
0.000792157    0.077089    0.151653
0.00112344  0.0762952   0.139946
0.00452406  0.0768766    0.12692
-0.024761  0.112653  0.319816
-0.016564  0.110936  0.307946
-0.0465173   0.049082   0.267575
-0.051256 0.0491014  0.268036
-0.0465938  0.0485431   0.268162
0.00153614  0.0768488   0.126319
-0.00738773    0.101991    0.262791
-0.00757313    0.102115     0.26282
-0.00589716    0.104405    0.280418
0.00153946  0.0773774   0.126258
0.00452387  0.0768761   0.126916
0.00452659  0.0774059   0.126863
0.00453385  0.0774126   0.126862
-0.0555761   0.119312   0.262158
-0.0563995   0.119092   0.257166
-0.0558551    0.11862   0.257301
0.00451078  0.0779374   0.126872
0.00452875  0.0774128   0.126862
0.00224157  0.0936751   0.121578
-0.0451002   0.119303   0.272709
-0.0447983   0.112606   0.273591
-0.0447993   0.119849   0.273262
-0.0472696   0.119124   0.270243
-0.0476589   0.119232   0.272202
-0.0481315   0.119795   0.272081
0.000733546   0.0658628    0.122538
0.00073762  0.0874924   0.121555
0.00162121  0.0771931   0.122202
-0.0024561  0.0490176   0.122661
-0.00245689   0.0551213    0.122383
-0.0126446  0.0427261   0.164314
-0.00660247   0.0439801    0.121392
-0.0107883  0.0441135   0.118043
-0.0107928   0.040456   0.118204
-0.00638085   0.0486377    0.121297
-0.015742  0.111965  0.264163
-0.0181266   0.112273   0.257697
-0.0124451   0.100819   0.256647
-0.0137069  0.0385616   0.113208
-0.0137074  0.0419301   0.113054
-0.0201273  0.0360429   0.103214
-0.0201394  0.0391223   0.103063
-0.0419087  0.0343312    0.15898
-0.00557436   0.0975684    0.205601
-0.0051341  0.0973029    0.20366
-0.00447208   0.0948047    0.203907
-0.041959 0.0373323  0.159091
-0.0480913  0.0347248   0.189671
-0.0542891  0.0356114   0.220415
-0.0127806  0.0512786   0.227843
0.00252463  0.0667852   0.153297
0.000433291    0.065736    0.179395
-0.00306517   0.0629127    0.205641
-0.0233691     0.1196   0.277596
-0.0313276   0.123252   0.275825
-0.0148074   0.112885   0.279629
-0.0242119   0.112941   0.319822
-0.0247423   0.112938   0.319735
0.00231874  0.0667246   0.154475
0.00163857  0.0662527   0.165951
0.00257975  0.0667767   0.153288
-0.0477363   0.119706   0.270123
-0.00253897   0.0645869    0.205671
-0.024903  0.112649  0.319716
-0.0232616   0.110053   0.320114
-0.00145141   0.0661994    0.165934
0.000414144   0.0656845    0.179603
-0.0517424    0.12994   0.265202
-0.0477376   0.129493   0.269677
-0.0481328   0.129656   0.271632
0.0036796 0.0732653   0.15241
0.00212802  0.0646755   0.152958
0.00296869  0.0692792    0.15346
0.00276641  0.0692342   0.154451
-0.00679064    0.103493    0.273376
-0.0084348   0.102107   0.262646
0.00225537  0.0646473   0.152514
-0.0605967  0.0408026   0.286362
-0.0666505  0.0387298   0.281702
-0.0543895  0.0386268   0.220774
-0.0187608   0.055768   0.278366
-0.0670241   0.039356   0.283497
-0.0306667  0.0473622   0.288518
-0.0499437  0.0420065   0.288416
-0.014338  0.112364  0.279232
-0.014333  0.112274    0.2772
-0.00756939    0.100668    0.279026
-0.0129033  0.0624796   0.139876
-0.0127196  0.0553013   0.140207
-0.0124282  0.0548142   0.140808
-0.0260874  0.0481447    0.27576
-0.0515972   0.119482   0.265227
-0.0466196   0.128487    0.26453
-0.0516848   0.129428   0.264747
-0.0311342  0.0472242   0.289073
-0.0305769  0.0476842   0.290094
-0.029761 0.0478384  0.288751
-0.044446 0.0430816   0.28919
-0.0430784   0.127445   0.261009
-0.0430773   0.119308    0.26138
-0.0424284   0.119314    0.26151
-0.0388852   0.044469   0.289769
-0.00795157    0.106652    0.274228
-0.0095354   0.108821   0.290487
-0.0436917   0.127847   0.253367
-0.0418563   0.127655   0.258183
-0.0424106   0.127085   0.258029
-0.0343367   0.046019    0.28981
-0.0323174  0.0467773   0.289529
-0.0223373  0.0498473   0.269189
-0.021575  0.050446  0.270027
-0.025226 0.0486878   0.27632
-0.0265169  0.0482695   0.279164
-0.0297542  0.0478215   0.288753
-0.0306745  0.0473791   0.288516
-0.0185348  0.0524972   0.264342
-0.0179225  0.0531076   0.265524
-0.00615349   0.0635278    0.230761
-0.0114116  0.0615186   0.258429
-0.0110969  0.0619293   0.260435
-0.00729288   0.0716867    0.252688
-0.00750946   0.0736385    0.256182
-0.00723862   0.0738218    0.258669
-0.0095309  0.0651257   0.264107
-0.00833996   0.0642953    0.285322
-0.00775249   0.0696105    0.252909
-0.044695  0.056204  0.275681
-0.0180551  0.0562401    0.28104
-0.00845832   0.0670812    0.253248
-0.00915675   0.0650551    0.253557
-0.0121548   0.103371    0.30198
-0.0102137  0.0625135   0.254065
-0.0447945    0.11249   0.271044
-0.0451897    0.11258   0.273003
-0.0451906   0.119323   0.272696
-0.00622083   0.0830952    0.251919
-0.00676493    0.083259    0.255521
-0.0134922  0.0548633   0.130891
-0.00624095   0.0806803    0.252049
-0.00622525    0.078667    0.252181
-0.0110579  0.0547912   0.131389
-0.0135909  0.0543861   0.131403
 -0.01065 0.0544134  0.131995
-0.00658935   0.0761591    0.252322
-0.00685061   0.0741467    0.252476
-0.00650773   0.0833758    0.258094
-0.051591 0.0485557  0.268454
-0.0555066  0.0484134   0.265337
-0.0448349   0.112483   0.271022
-0.0442056   0.112473   0.270653
-0.0443143   0.111949   0.271167
-0.0075083  0.0936808   0.255125
-0.00676591    0.083259    0.255521
-0.00677407   0.0920368    0.251529
-0.00653474   0.0900281    0.251613
-0.00618556   0.0875244    0.251752
-0.00623547   0.0855099    0.251815
-0.00621632   0.0830953    0.251922
-0.00723942    0.093791    0.257625
-0.00679393   0.0833182    0.256823
-0.0137639  0.0634278   0.304595
-0.00916523   0.0830673    0.251329
-0.00622044   0.0830953    0.251922
-0.00625564   0.0806804    0.252041
-0.0424579   0.127925   0.261113
-0.0474358    0.12944     0.2693
-0.0445112  0.0485621   0.257574
-0.0532775  0.0485121     0.2565
-0.0558459   0.048693   0.260482
-0.00862521    0.102197     0.26183
-0.00922043    0.102927    0.261206
-0.00855267    0.102009    0.262664
-0.0092016   0.080653   0.251449
-0.0430421  0.0483443    0.26451
-0.042808 0.0487561  0.264098
-0.00920886   0.0806528     0.25145
-0.00626212   0.0806801    0.252043
-0.00428072   0.0812654    0.238309
-0.0186814  0.0516414   0.116198
-0.0235515  0.0515962   0.115218
-0.0258997  0.0516398   0.116183
-0.0158633   0.101666   0.137473
-0.0149254   0.101028   0.135651
-0.0152763   0.101217   0.137613
-0.0429811  0.0487662   0.262054
-0.0424155  0.0487714   0.262168
-0.00250734   0.0818491    0.224529
-0.00544506   0.0818217    0.223931
-0.00249635   0.0818491    0.224525
-0.00722846   0.0812379    0.237721
-0.000572698    0.0805681     0.207384
-0.0499494   0.127836   0.284828
-0.0330169   0.123927   0.285512
-0.0333059   0.123443   0.296606
-0.0428054   0.112054   0.261251
-0.0423291   0.111521   0.261352
-0.0424274   0.112072    0.26184
-0.0159246  0.0518304   0.120342
-0.0168908  0.0517235   0.117997
-0.0276995   0.051721   0.117972
-0.000574723    0.0810711      0.20736
-0.0472461   0.119211   0.270244
-0.0476413     0.1193   0.272203
-0.0135018  0.0549101   0.130885
-0.0140281  0.0543654   0.130819
-0.00323516   0.0805433    0.206848
-0.000572698    0.0805681     0.207384
-0.00310113    0.079651    0.229155
-0.00590025    0.079673    0.227396
-0.00636544   0.0786719    0.252157
-0.00931611   0.0786445    0.251563
-0.00657954    0.076159    0.252318
-0.0472371   0.049283   0.273426
-0.0476323  0.0493721   0.275384
-0.0447864  0.0493058   0.273919
-0.00954139   0.0761317    0.251724
-0.00351242   0.0751057    0.230045
-0.00048276   0.0780719    0.207503
-0.0095508  0.0761316   0.251725
-0.00323575   0.0771416    0.229276
-0.0259247  0.0521311   0.126981
-0.0235873  0.0521757   0.127955
-0.0210546  0.0521764   0.127961
-0.0106616  0.0547023   0.129435
-0.0100573  0.0542798   0.129057
-0.0130923   0.054856   0.128905
-0.00619085   0.0771159    0.228633
-0.000747588    0.0760539     0.207554
-0.0286748  0.0518271   0.120307
-0.028681 0.0519422  0.122837
-0.00418104   0.0778078    0.212249
-0.000633153    0.0780606     0.207485
-0.000832019    0.0915986     0.151278
-0.0135181  0.0546466   0.128835
-0.0129982  0.0542525   0.128465
-0.0136194  0.0542747   0.128824
-0.00333751   0.0760298    0.207032
-0.00341572    0.075133    0.229366
-0.00637806   0.0751076    0.228713
-0.010994 0.0930732   0.12964
-0.0105672  0.0924755   0.129812
-0.010655 0.0930734  0.130236
-0.00982578    0.074119    0.251877
-0.010281 0.0715993  0.252096
-0.00684021   0.0741456    0.252475
-0.0072921  0.0716273   0.252702
-0.0102928  0.0715994   0.252098
-0.00373323    0.072622    0.229432
-0.00405057   0.0706199    0.229322
-0.0038301   0.072597   0.230092
-0.023558  0.102044  0.112922
-0.0210253   0.102045   0.112929
-0.0186879   0.102089   0.113903
-0.00308193   0.0630063    0.207676
-0.00268678   0.0629172    0.205717
-4.245e-05  0.0742966   0.205733
-0.0393175   0.127233   0.274032
-0.0477414     0.1296   0.272224
-0.00670666   0.0725992    0.228718
-0.00124499   0.0715366    0.207659
-0.0286875    0.10239   0.120541
-0.0259062   0.102088   0.113887
-0.0159312   0.102278   0.118047
-0.000980573    0.0735447     0.207621
-0.000974691    0.0735441     0.207622
-0.0424041  0.0550062    0.26189
-0.0419355  0.0555469   0.261979
-0.0418274  0.0549972   0.261493
-0.00383589   0.0715125    0.207137
-0.00405592   0.0706184    0.229354
-0.0039262  0.0716203   0.204404
-0.00705807   0.0705923    0.228701
-0.00774663   0.0696091     0.25292
-0.00744299     0.10591    0.291634
-0.0127209   0.107667   0.304275
-0.0107767  0.0695809    0.25231
-0.0107626  0.0695787   0.252306
-0.00773505    0.069608    0.252918
-0.0124304    0.10115   0.136148
-0.0115374  0.0670526   0.252628
-0.00460154   0.0681026    0.229439
-0.00513265   0.0660906    0.229464
-0.00469519   0.0680809    0.230042
-0.0556865  0.0406431   0.258511
-0.0538913  0.0405571   0.256132
-0.00756014   0.0680997     0.22824
-0.00212079   0.0670161    0.207688
-0.0476558  0.0494578   0.275376
-0.0477272   0.048779    0.27335
-0.0481223  0.0488681   0.275308
-0.00167992   0.0690261    0.207685
-0.00167305   0.0690242    0.207687
-0.0124453   0.101245   0.136137
-0.0147824   0.101605   0.135142
-0.0118415   0.101632   0.135734
-0.00479011   0.0669913     0.20715
-0.00513837   0.0660894    0.229482
-0.00810927   0.0660927    0.228111
-0.00915599   0.0650537    0.253569
0.00153621   0.077909   0.126265
0.000581785   0.0813671    0.152369
0.0014657 0.0800403  0.127114
-0.012289 0.0650246  0.252938
-0.0122719  0.0650224   0.252934
-0.00914187   0.0650527     0.25357
-0.0037479  0.0885591    0.20638
-0.00307793   0.0857909    0.204598
-0.00349467   0.0860539    0.206545
-0.0109252   0.062513   0.131078
-0.010651 0.0621054  0.131645
-0.0105631  0.0626217   0.131154
-0.0134359  0.0624835   0.253417
-0.00600825   0.0635553    0.229892
 -0.01878 0.0559069  0.281419
-0.0090868  0.0635472   0.228777
-0.00327505   0.0630045    0.207637
-0.0169062  0.0520516   0.125207
-0.0159312  0.0519455   0.122872
-0.00279784   0.0645024    0.207665
-0.00279392   0.0645014    0.207666
-0.015281  0.101135   0.13764
-0.0124343   0.101766   0.138672
-0.0153751   0.101738    0.13808
-0.0481663  0.0377306   0.189905
-0.00327015   0.0630045    0.207638
-0.00558088   0.0644785    0.207105
-0.00211393   0.0670161    0.207689
-0.0124332  0.0934742   0.139049
-0.00327407   0.0630045    0.207637
-0.00306713   0.0629137    0.205641
-0.00762064     0.10544    0.287177
-0.00697092    0.103618    0.273389
-0.00813322    0.106365    0.274293
-0.00306125   0.0629137    0.205642
-0.00434793   0.0670775    0.205193
-0.00186486   0.0671005    0.205693
-0.0489045  0.0413964   0.255116
-0.00512105   0.0645649    0.205151
-0.0128361   0.055192   0.140202
-0.0153691  0.0547869   0.140216
-0.00743824    0.105323    0.287178
-0.0427102   0.118787   0.260938
-0.0428704   0.112045   0.261259
-0.00674719   0.0722568    0.280484
-0.00854582   0.0854184    0.302075
-0.00505831   0.0843675    0.279856
-0.000299227    0.0807953     0.207428
-0.000572827    0.0815686     0.207338
-0.010152 0.0625696   0.12913
-0.0106016  0.0619638   0.129126
-0.0104745  0.0623789   0.129119
-0.0266411  0.0594457   0.321836
-0.0277705  0.0595055   0.321636
-0.0421589  0.0528836   0.319453
-0.00323778   0.0780368    0.206961
-0.0472328   0.049361   0.273401
-0.0448017  0.0492141   0.273928
-0.000742686    0.0760541     0.207555
-0.00324562   0.0780363    0.206959
-0.00356069   0.0735204    0.207101
-0.00292669   0.0761153    0.205069
-0.00355481   0.0735214    0.207102
0.00298088  0.0860441    0.15373
0.00343198  0.0854113   0.151807
-0.00103907    0.071043    0.207723
-0.00123911   0.0715366     0.20766
-0.0042865  0.0690019    0.20716
-0.00429925   0.0690018    0.207158
-0.0567848    0.12982   0.256518
-0.0563429   0.129362   0.256692
-0.056622   0.12994  0.258992
-0.0447011   0.119221   0.270766
-0.0448712   0.112489   0.271004
-0.00479109   0.0669913     0.20715
-0.0124245  0.0551978   0.138239
-0.0128196  0.0552868   0.140197
-0.0128205  0.0624794    0.13987
0.000548448   0.0813665    0.152367
0.000741627    0.081243    0.151454
0.000805722   0.0783247      0.1516
0.000602831    0.078281    0.152604
0.00362797  0.0783509   0.152168
-0.00920569    0.105281    0.262063
-0.00923803    0.104621    0.261078
-0.00895457    0.104548    0.260778
-0.00745978    0.107077    0.277527
-0.00837711    0.108353    0.287086
0.00373955  0.0784486    0.14978
0.00362794  0.0785569   0.152159
0.00362694  0.0787628   0.152149
0.00362696  0.0785569   0.152158
0.00373955  0.0784486    0.14978
-0.0112393  0.0631512    0.28003
-0.012368 0.0689995   0.30349
-0.0533057   0.118375   0.253299
-0.0536689   0.118924   0.252955
-0.0488503   0.118863   0.251597
0.000763394   0.0784209    0.149181
-0.00559264   0.0644734    0.207103
-0.00433812   0.0670746    0.205195
0.00060356  0.0788694   0.152564
0.00233213  0.0774359   0.174465
0.00357844  0.0783098   0.153171
0.00357841  0.0786023   0.153158
-0.00862687    0.102231    0.262678
0.00241234  0.0795051   0.173003
-0.0450837  0.0494094   0.275888
-0.0152703  0.0552641   0.139704
0.00357942  0.0783099   0.153171
-0.0340886  0.0510357   0.299741
 -0.04921 0.0464598  0.288341
0.00337792  0.0782666   0.154164
-0.00908746    0.105074    0.262113
-0.00429336   0.0689998    0.207159
-0.00340841   0.0715975    0.205177
-0.00386687   0.0690879    0.205199
-0.0444908  0.0486321    0.25755
-0.0424748  0.0482573    0.26165
-0.0443458  0.0480369    0.25703
-0.000129027    0.0777464     0.165617
0.00287779  0.0777979   0.165638
0.00190104   0.077227   0.179448
0.000552735   0.0782404    0.153595
-0.0104632   0.062119   0.263789
-0.0105202  0.0624094   0.262934
-0.0113435  0.0621108   0.263612
-0.0113273   0.062551   0.262594
-0.0108183  0.0635886   0.262253
-0.0100628  0.0646991   0.262872
-0.0105638  0.0548201    0.12945
-0.0100583  0.0619718   0.128707
0.00359253  0.0786026   0.153158
0.00357837  0.0788947   0.153144
0.00244979  0.0794998   0.172878
0.00194132  0.0823442   0.179118
-0.0168973   0.102171   0.115701
-0.0424803  0.0482415   0.261764
-0.0424318  0.0486219   0.262226
-0.00329585   0.0761877    0.203114
-0.000528911     0.076138     0.205552
-0.0029316  0.0761157   0.205068
-0.000524009    0.0761383     0.205553
-0.000755034     0.073629      0.20562
-0.000643916    0.0709539     0.205764
-0.000524009    0.0761377     0.205553
-0.00284657    0.078122    0.204994
0.00114022  0.0788238   0.189223
-0.00283873   0.0781224    0.204995
-0.0428972  0.0551039   0.263863
-0.0424192  0.0483878   0.264737
0.00241014  0.0795004   0.172898
0.00114247  0.0816516   0.189056
-0.000555229    0.0794729     0.172301
-0.0165482  0.0630747   0.312199
-0.0238368  0.0625478   0.322179
0.00209172  0.0748544   0.176244
0.00342568  0.0737953   0.153363
0.00352838  0.0758025   0.153277
-0.0563366  0.0481889   0.260406
-0.00907181    0.102861    0.260977
-0.00807863    0.102255    0.261555
-0.0159377   0.102393   0.120577
-0.0169127   0.102499   0.122912
0.00333021  0.0757591   0.154268
0.00352857  0.0758024   0.153276
0.00342451  0.0737953   0.153363
0.00212505  0.0729805   0.173323
0.00322264  0.0737526   0.154338
0.00265293  0.0732838   0.165782
0.00321051  0.0712857   0.153453
0.0030171  0.071243   0.15441
-0.0106671   0.100844   0.127323
-0.0130042   0.101204   0.126329
-0.0100633   0.101231   0.126921
-0.0428106  0.0488605   0.264126
-0.00964173   0.0636019     0.26221
-0.000411467    0.0732069     0.166373
0.00160466  0.0727189   0.179415
0.000387648   0.0737263    0.153767
-0.0128759  0.0934479   0.138473
-0.0127395   0.101218   0.138116
-0.000259698    0.0752161     0.166256
0.00169518  0.0746824   0.180411
0.00276625  0.0752761    0.16607
0.00332531  0.0757592   0.154267
-0.018713  0.102581  0.124701
-0.0277218   0.102497   0.122887
-0.0248152   0.108325    0.31993
-0.020524  0.115576  0.299665
-0.00101259   0.0716208    0.205659
-0.0034143  0.0715985   0.205176
-0.00100671   0.0716208    0.205661
-0.00100671   0.0716198    0.205661
-0.0422996   0.111523    0.25932
-0.0418347   0.111938   0.258902
-0.0419344   0.111422    0.25939
-0.00314007   0.0736073     0.20514
0.00167232  0.0703621   0.175723
0.00297163  0.0692792    0.15346
0.00300926  0.0712437   0.154409
0.0023917  0.070774  0.165853
-0.0095801   0.104045   0.261051
-0.00970135      0.1051     0.26201
-0.00986189    0.104576    0.261494
0.00113699  0.0796422    0.13936
0.000737705   0.0812428    0.151453
-0.0488382   0.047936   0.254825
0.00149013  0.0684381   0.173985
0.0027566 0.0692361  0.154449
0.00296988  0.0692799   0.153454
0.00210412   0.068765   0.165899
-0.0123419  0.0552209   0.138264
-0.0118365  0.0623726   0.137521
-0.0118355  0.0546806   0.137871
-0.00143967   0.0691104    0.205687
-0.00894639   0.0646774     0.26279
-0.00914984   0.0646311    0.262982
-0.000942142    0.0687175     0.165766
0.000956729   0.0682017    0.179463
-9.99537e-05    0.0692095     0.153874
-0.0152849   0.101173   0.137628
-0.0157041   0.101336   0.137539
-0.000637721     0.070726     0.165732
0.00128874  0.0702091   0.179469
-0.0125035  0.0933566   0.136465
-0.0123343   0.101139   0.136178
-0.0423449  0.0556937    0.26391
-0.0419439  0.0555858   0.261953
-0.0424163   0.055015   0.261884
-0.00455324   0.0671968    0.202119
-0.00187172   0.0671005    0.205692
-0.00186584   0.0670985    0.205693
0.00341247  0.0834095   0.152934
-0.00385412    0.069088    0.205201
-0.0041099  0.0692053    0.20217
-0.018907 0.0557981  0.268754
-0.0191105  0.0556722    0.26898
-0.0186826   0.055739   0.278389
-0.00557926   0.0975663    0.205601
-0.00528379   0.0970356    0.201614
-0.046027  0.132603  0.281553
-0.0369764   0.127526   0.219566
-0.0558797   0.134379   0.279474
-0.0517638    0.12783   0.203628
-0.0256744   0.119806   0.158188
-0.0128929   0.114314   0.160927
-0.0201387   0.111895  0.0997277
-0.010691   0.11021  0.114961
-0.0249226    0.11267   0.319711
-0.0231792   0.109961   0.320135
-0.0472464  0.0493109   0.273445
-0.0471383  0.0487613   0.272959
-0.047715 0.0487703  0.273356
-0.0295659   0.111969  0.0940899
-0.0478074   0.119703   0.270071
-0.047747  0.129498  0.269668
-0.0471487   0.129357   0.269292
-0.00333508   0.0882948    0.204433
-0.000366849     0.081303     0.205349
-0.00295023   0.0837859    0.204715
-0.000420107    0.0838094     0.205225
-0.0430838   0.119298   0.261397
-0.00284894   0.0812801     0.20485
0.000803708   0.0787365    0.151581
0.00362694  0.0787628   0.152149
0.000744568   0.0812426    0.151455
0.00358642  0.0812692   0.152027
-0.0428114   0.055104   0.263842
-0.0512475  0.0490362   0.268012
-0.0451824  0.0556384   0.275594
-0.0447872  0.0555494   0.273635
0.00413621  0.0796073   0.139488
0.00357466  0.0812692   0.152025
-0.0419195  0.0555924   0.261923
-0.0201061   0.055199   0.265866
0.00445459  0.0800681   0.127716
0.00353324  0.0832793   0.151915
0.00357642  0.0812675   0.152026
0.00347147  0.0832736   0.151913
0.000635497   0.0832473    0.151342
0.00346657  0.0832736   0.151912
0.00404093  0.0816743    0.13985
0.000445978   0.0857522    0.151189
0.00103478  0.0817152   0.139767
 0.004348 0.0816133  0.129036
-0.0429901   0.118693   0.258872
0.00421014  0.0829877   0.130701
0.0012174 0.0830354  0.130033
0.0044584 0.0801207  0.127654
0.00383593  0.0855788   0.135003
0.00324666   0.085775   0.151753
0.00121438  0.0829599   0.130097
0.00328117  0.0857788   0.151759
-0.0032417  0.0780363    0.20696
-0.00283807   0.0806291    0.204881
0.000444018   0.0857532    0.151189
-0.0487762  0.0409153   0.254684
0.000760334   0.0844457    0.141313
-0.0148811   0.101127   0.135655
0.0032398 0.0857785  0.151752
0.00298466  0.0877816   0.151609
0.000437156   0.0857525    0.151188
-0.0148752   0.055175   0.137745
6.45281e-05   0.0860191    0.153143
-0.000631077    0.0905228     0.152798
-0.000893942    0.0916659     0.152692
0.00299192  0.0877814   0.151609
0.000180062   0.0877557    0.151045
0.0029778 0.0877817  0.151608
0.00386122  0.0855791    0.13501
-0.000311385    0.0902561     0.150832
0.00254223  0.0902847   0.151406
-0.0451764   0.112588   0.273002
 -0.0447 0.112056 0.273103
-0.0678066   0.132006   0.283109
-0.0699062   0.128962   0.293678
-7.68383e-05    0.0879134     0.152207
0.00347923   0.087375   0.138846
0.00082743  0.0855509   0.134398
0.0030169 0.0892423  0.143559
-8.24378e-06    0.0892838     0.142921
0.00384459  0.0856381   0.134978
0.00254517  0.0902839   0.151407
-0.0430793  0.0483838   0.264607
-0.00841458    0.102066    0.262639
-0.0486933   0.118321   0.252114
-0.0443565   0.118963     0.2538
-0.000558025    0.0903929     0.151823
0.00302278  0.0892423    0.14356
-1.80755e-05    0.0892141     0.142948
0.00226072  0.0916035   0.151289
-0.000575161    0.0903928     0.151872
-0.000332952     0.090258     0.150827
0.00228229  0.0916017   0.151294
0.00223302  0.0916278   0.151846
-0.0675438   0.128747   0.281952
-0.0152963  0.0550474   0.137649
-0.0147763  0.0546533   0.137279
-0.0153976  0.0546755   0.137637
-0.055902  0.130118  0.261844
-0.0555372   0.129666   0.261605
-0.0210734  0.0580835   0.302179
-0.0536972   0.048024   0.256115
-0.0486823  0.0485217    0.25529
0.000653553   0.0934452    0.175269
0.00249306  0.0903839   0.152153
0.00234012  0.0916032   0.151306
0.00224302  0.0916309   0.151847
-0.010682 0.0929522  0.127705
-0.0100623  0.0929398   0.127298
-0.0101526  0.0924757   0.127814
-0.0445027   0.118423   0.254374
0.00270026  0.0880467   0.153582
0.00222744  0.0905508   0.153373
-0.00373412    0.105068     0.16311
-0.0125168  0.0933335   0.136487
-0.0123567  0.0928643   0.138581
-0.00150122   0.0920786    0.164491
0.00157926  0.0920535   0.164701
0.000406129   0.0938437    0.178131
0.00222058  0.0905493   0.153372
-0.00665746    0.107232    0.118488
-0.0122481   0.113217   0.225071
-0.00246304    0.102825    0.120212
-0.00312872   0.0995642    0.203962
-0.00244419   0.0973279    0.204202
-0.0517518   0.129894    0.26518
-0.00845677    0.102621    0.261126
-0.00864442    0.103613    0.260578
-0.0057143   0.100525   0.228053
-0.00333075   0.0996501    0.205959
-0.0228344   0.122257    0.22259
-0.0418993   0.121513   0.154911
-0.041959  0.118545  0.155344
-0.0480799   0.125553   0.185423
-0.0295655    0.10895  0.0942273
-0.0201889   0.111782  0.0997196
-0.0201557   0.108699    0.09989
-0.0137163    0.11093   0.109915
-0.0137158   0.107621   0.110065
-0.0108291   0.109941   0.115011
-0.0107059   0.106331   0.115315
-0.0063157   0.102728   0.118873
-0.00246231   0.0971667     0.12047
0.00153582  0.0779106   0.126266
0.0045264 0.0774058  0.126859
0.00452294  0.0779382   0.126872
0.00153867  0.0773777   0.126262
0.00153601  0.0779104   0.126271
-0.0107253  0.0929558   0.127652
-0.0027513  0.0995627   0.204038
-0.00312479   0.0995593    0.203963
-0.00180177   0.0948265    0.204445
-0.000606302    0.0909486     0.204862
-0.00313558   0.0995592    0.203961
 -0.01955 0.0553433  0.269035
-0.0189181  0.0556357    0.26864
-0.00268349   0.0975962    0.206183
-0.0448327  0.0555471   0.273608
-0.00314646   0.0996518    0.205997
-0.0443505  0.0423383   0.257301
-0.00332193   0.0996502    0.205961
-0.00269134   0.0975932    0.206182
-0.00568287    0.100505    0.227888
-0.00490646   0.0950662     0.20585
-0.00204206   0.0950918    0.206427
-0.00845944   0.0651356    0.264323
-0.0095212  0.0653439   0.264018
-0.00874651     0.10043    0.226915
-0.0229938   0.121552   0.261597
-0.0161505   0.114802   0.256789
-0.00950971    0.103659    0.251315
-0.0285293   0.125222   0.270317
-0.0320405   0.126896   0.284624
-0.0481694   0.122602   0.186004
-0.0542807    0.12911   0.216058
-0.066661  0.134734  0.277293
-0.0544008   0.126171   0.216791
-0.00955584    0.102374    0.255094
-0.00865315    0.101123    0.251307
-0.0126515    0.10363   0.250682
-0.0536752   0.128839   0.252508
-0.012636   0.10363  0.250676
-0.00949656    0.103659    0.251311
-0.00865904    0.101121    0.251311
-0.00959819     0.10507     0.26201
-0.00808934   0.0990973    0.251331
-0.00494559   0.0979906    0.228036
-0.0117403   0.101093   0.250692
-0.00495054    0.097994    0.228065
-0.0148783   0.101064   0.135644
-0.00797272   0.0979288    0.227169
-0.00204893   0.0950927    0.206425
-0.00444808   0.0959679    0.228065
-0.0106472  0.0619895   0.129098
-0.0016242  0.0930921   0.206602
-0.0286813   0.102275   0.118011
-0.027706  0.102169  0.115676
-0.00447684   0.0930643    0.206028
-0.00163106   0.0930908    0.206601
-0.00444511    0.095965    0.228045
-0.00740542    0.095873    0.226955
-0.00809112   0.0990974    0.251335
-0.0106899  0.0619881   0.129067
-0.0111339  0.0990692   0.250722
-0.00750529   0.0965724    0.251389
-0.011122  0.099069  0.250719
-0.00808052   0.0990974    0.251333
-0.00712805    0.094556    0.251448
-0.000992741    0.0905894     0.206824
-0.0105138  0.0965444   0.250783
-0.00395931     0.09346    0.228236
-0.0210188  0.0515968   0.115224
-0.0476456   0.119221   0.272228
-0.0477401   0.119822   0.272669
-0.00690231    0.093379    0.227236
-0.0187065  0.0521328   0.126996
-0.0304751    0.12281   0.272953
-0.0229175   0.119216   0.274642
-0.000812313    0.0885728     0.206958
-0.00121706   0.0905876    0.206798
0.000372662   0.0835125    0.153319
-0.000367468    0.0850672      0.16502
-0.0156417   0.111704   0.264711
-0.00375182   0.0885585    0.206379
-0.000965847    0.0885844      0.20694
-0.00365101   0.0914539    0.228362
-0.00658248   0.0913772    0.227397
-0.0136843  0.0543143   0.128835
-0.0135361  0.0549617   0.130876
-0.013097 0.0547742  0.128932
-0.010115 0.0945283  0.250846
-0.00971729   0.0920122    0.250938
-0.00711863   0.0945556    0.251447
-0.00675722   0.0920393    0.251536
-0.000514561    0.0860802     0.207124
-0.00972651   0.0920117    0.250938
-0.00337913   0.0889652    0.228652
-0.0452027   0.119413   0.272681
-0.0109613   0.100817   0.129302
-0.0106561   0.101365   0.129859
 -0.01528 0.0553109  0.139699
-0.0158063  0.0547662   0.139633
-0.0063298  0.0889213   0.227932
-0.0181202  0.0562902   0.281306
-0.0186651  0.0557568   0.281443
-0.000491375    0.0840662     0.207229
-0.000742999    0.0860795     0.207099
-0.0118405  0.0933406   0.136112
-0.00335521   0.0840496    0.206664
-0.000632948    0.0840749     0.207212
-0.00321612   0.0869593    0.228761
-0.0041458  0.0847189   0.211639
-0.0061637  0.0869191   0.228071
-0.00653612   0.0900284    0.251615
-0.0147931   0.112746   0.276575
-0.0143356   0.112316   0.277201
-0.00948619   0.0900005    0.251018
-0.00652886   0.0900281    0.251614
-0.00634653   0.0875171    0.251721
-0.00403048   0.0905615    0.206232
-0.00360786   0.0902979    0.204286
-0.00363179   0.0898865    0.201161
0.000440836   0.0833795    0.152328
-0.00929621   0.0874897    0.251127
-0.00309403    0.084452    0.228888
-0.0277153  0.0520491   0.125182
-0.0119581  0.0629831    0.13798
-0.0124254  0.0623903   0.137912
-0.0129076  0.0625025    0.13985
-0.00588697   0.0842635    0.227093
-0.0025042  0.0818497   0.224528
-0.000573807    0.0815686     0.207338
-0.0114596   0.110373    0.29975
-0.00544506   0.0818217    0.223931
-0.00249635   0.0818491    0.224525
-0.00427687   0.0836777    0.238168
-0.000551781    0.0810687     0.207363
-0.00722381   0.0836498    0.237571
-0.00625723   0.0855098    0.251811
-0.00621436   0.0830956    0.251922
-0.00915915   0.0830674     0.25133
-0.00931351    0.102422    0.257385
-0.0158372   0.114601   0.258348
-0.0224483   0.121199   0.262481
-0.0277782   0.124829   0.270759
-0.0290862   0.125555    0.27437
-0.032523  0.127089  0.285325
-0.0311355    0.12644   0.284725
-0.0485467   0.131835   0.284694
-0.0575428   0.134423   0.279147
-0.0337966   0.127625   0.285758
-0.035615  0.128346   0.28594
-0.038756  0.129436  0.285901
-0.0356749   0.120115    0.31752
-0.0526561   0.127007    0.31427
-0.0148911    0.10108   0.135656
-0.0154117   0.101615   0.135511
-0.0594502   0.133306   0.282468
-0.0666648   0.134856   0.277327
-0.0566379  0.0490354   0.317135
-0.0674438  0.0453174   0.285306
-0.000326543    0.0905903     0.152812
-0.00649075    0.103794    0.163029
-0.000896883    0.0916659     0.152692
-0.0670403   0.134493   0.279188
-0.00690613    0.064529    0.280115
-0.00491725   0.0950661    0.205848
-0.00100145   0.0910377    0.206821
-0.00402068    0.090562    0.206234
-0.00121118   0.0905875    0.206799
-0.00348584   0.0860543    0.206546
-0.000738097    0.0860794       0.2071
-0.0139822  0.0543592   0.130815
-0.00324803    0.081544    0.206799
-0.0129112   0.107781   0.304262
-0.0210611   0.102624   0.125666
-0.00325489   0.0815437    0.206798
-0.0447148  0.0562282   0.275661
0.00291809  0.0879105   0.152578
0.00315978  0.0859156   0.152792
0.00144711  0.0906298   0.173079
0.00168468    0.08882   0.174592
0.00292259   0.087912   0.152586
0.00206798  0.0895499   0.164907
-0.0430336   0.127376   0.261104
-0.0462569   0.128983    0.26494
0.00317941  0.0859152    0.15278
-0.0443278   0.111908   0.271165
-0.0447171   0.112016   0.273124
0.00297696  0.0860436   0.153729
0.00236661   0.087549   0.165072
-0.000657957    0.0875715     0.164847
0.00127666  0.0893506     0.1786
0.000125306   0.0860171    0.153155
-0.00865376    0.102273    0.262161
-0.00928828    0.102892    0.261205
-0.00987223    0.104647    0.261582
-0.00139568   0.0928254    0.204618
-0.000977607    0.0895753     0.164701
0.000936042   0.0913552    0.178456
-0.014741  0.112524    0.2796
-0.00180177   0.0948285    0.204445
-0.0040459  0.0923816   0.200904
-0.00404637   0.0928008    0.204084
-0.0550491  0.0489689   0.265159
-0.0563919  0.0482106   0.260399
-0.00447992   0.0948026    0.203906
-0.00180864   0.0948274    0.204443
-0.00447012   0.0948027    0.203908
-0.0422906   0.127565   0.258099
-0.0424846   0.119175   0.258442
-0.0424856   0.127168   0.258078
-0.00459013   0.0945126     0.20169
0.00216774  0.0842943   0.174777
0.00352725  0.0814026   0.153029
0.00341031  0.0834095   0.152935
-0.0110978  0.0930471    0.12966
0.00206709  0.0861013   0.173243
0.00352235  0.0814024   0.153028
0.00332065  0.0815344   0.154004
0.00278383  0.0830397   0.165356
0.00350677  0.0788946   0.153155
0.00337783   0.079028   0.154129
0.00332653  0.0815346   0.154005
-0.0423355   0.111476   0.261411
-0.0152266   0.112064   0.266716
-0.0156175   0.112321   0.267238
-0.000215068    0.0830631     0.165141
0.00177622   0.084842   0.178901
0.000491535   0.0815081    0.153434
-0.042495  0.119172  0.258438
-0.0487226    0.12863   0.250664
-0.0443384   0.127444   0.253435
-0.0489005    0.12818   0.251168
-0.000742223    0.0883188     0.204955
0.00159655  0.0868473   0.178784
0.00264025  0.0850439   0.165237
-0.000983633     0.090323     0.204815
-0.000982653    0.0903221     0.204815
-0.00337699   0.0878781    0.201265
-0.000521336    0.0858138     0.205113
-0.0259312   0.102579   0.124685
-0.000988534    0.0903222     0.204814
-0.043045  0.119314   0.26129
-0.0428151   0.118938   0.260885
-0.00359904   0.0902984    0.204288
0.00287787  0.0805332   0.165486
-0.000828258    0.0916005     0.151255
-0.000117939    0.0805612     0.165306
0.00190681  0.0823457   0.179112
-0.0152731  0.0553276   0.139715
-0.0235938   0.102624   0.125659
-0.00308479   0.0857902    0.204597
-0.000525257     0.085814     0.205112
-0.0430124    0.04348   0.264921
-0.00307695   0.0857905    0.204599
-0.00324201   0.0854791    0.202215
-0.0675088   0.133081   0.281608
-0.0673682   0.133531   0.280861
-0.0265174   0.120364   0.264673
-0.021196  0.117202   0.26589
-0.0674985   0.132937   0.281535
-0.0496859   0.132029   0.284496
-0.0211401   0.117152   0.265904
-0.0343564     0.1251   0.262876
-0.0499979   0.131087   0.286059
-0.0499849   0.130753   0.287946
-0.0424731   0.130593   0.285578
-0.0502681   0.130822   0.287794
-0.0496929   0.132089   0.284554
-0.0674817   0.132901    0.28152
0.000426693   0.0833828    0.152342
-0.0674111  0.0408553   0.285363
-0.0526072   0.041685   0.287934
-0.0605728  0.0411125   0.286639
-0.0526624  0.0418121   0.288131
-0.0674096  0.0409253   0.285339
-0.0418356   0.119181   0.258572
-0.0330627   0.124489   0.260101
-0.0673404  0.0405481   0.285013
-0.0201336  0.0551968   0.265861
-0.0134981   0.100816     0.1288
-0.0131029   0.100727   0.126841
-0.0110474   0.100838   0.129293
-0.067376 0.0407409  0.285181
-0.0677298  0.0421303   0.286874
-0.0680997  0.0427214   0.288733
-0.00763554   0.0975232     0.30424
-0.017938 0.0996055   0.32151
-0.0164668  0.0862999   0.322371
-0.00595486    0.085449    0.303883
-0.0182258  0.0733894   0.322654
-0.0110355   0.107376   0.303157
-0.0218705   0.109825   0.320364
-0.0219381   0.109914   0.320357
-0.00936932   0.0613557    0.283289
-0.0110622   0.107429   0.303242
-0.0106522   0.100749   0.127334
-0.0106512  0.0929575   0.127689
-0.00568244    0.104249    0.280194
-0.00565838    0.104298    0.280098
-0.00300785   0.0951974    0.280897
-0.0105758  0.0626693   0.131124
-0.0101748  0.0625603   0.129167
-0.0107386  0.0929327   0.127674
-0.010161 0.0924626   0.12781
-0.0105785  0.0924635   0.129767
-0.00805487   0.0731051    0.305246
-0.0203993   0.116068   0.263039
-0.0244737   0.118836   0.262091
-0.00743875    0.101906    0.262162
-0.000284896    0.0760902     0.207645
-0.00807042    0.102521    0.261137
-0.0472422   0.119146   0.270232
-0.0448103   0.119328   0.270726
-0.00804927     0.10251    0.261159
-0.00747736    0.101952    0.262798
-0.00770191    0.102083    0.261855
-0.00864423    0.103622    0.260577
-0.0472561   0.119164   0.270245
-0.0477767   0.119699     0.2701
-0.00894535    0.104545    0.260773
0.000190871   0.0859227    0.152464
-0.00905215    0.105147    0.261433
-0.0443442  0.0423538    0.25729
-0.00901021    0.105107    0.261328
-0.00739558    0.107404    0.278627
-0.0443018    0.11194   0.271155
-0.042435  0.118802  0.259013
-0.0424989   0.119211   0.258541
-0.0163129   0.118347   0.277517
-0.0110665   0.110127   0.297859
-0.0249089   0.112884   0.319704
-0.0227502   0.121031   0.299775
-0.0128234   0.110734   0.302236
-0.0311286   0.126457   0.284726
-0.00203864   0.0844145    0.280998
-0.0419334    0.11146   0.259414
-0.015646  0.111704  0.264707
-0.0423286   0.111549   0.261373
-0.00332093   0.0734164    0.281845
-0.0426959  0.0488627   0.264109
-0.0362008   0.124092   0.317243
-0.0240296   0.113243   0.319845
-0.0240443   0.112995   0.319853
-0.0358189   0.127509   0.296588
-0.0531653     0.1302   0.314043
-0.0681678   0.131829   0.284912
-0.0733166   0.131915   0.310481
-0.0430675   0.043383   0.264834
-0.0430682  0.0483818   0.264607
-0.0506702   0.130928    0.28782
-0.0707424   0.131989   0.297691
-0.0681483   0.131739   0.284818
-0.0234223  0.0530656   0.280611
-0.0193212  0.0556946   0.266525
0.000459552   0.0873478     0.13824
-0.0603564   0.131603   0.286366
-0.0323072   0.126833   0.286626
-0.0465317   0.130259   0.288267
-0.042464  0.111949  0.259271
-0.0418555   0.129389   0.288514
-0.0385918   0.128647     0.2884
-0.034889  0.127637  0.287804
-0.00447194   0.0930653    0.206029
-0.00360002   0.0902993    0.204288
-0.0681661   0.131723   0.284907
-0.0418084    0.12937   0.288504
-0.0472548  0.0493498   0.273419
-0.0223485  0.0535282   0.268553
-0.0154625  0.0547151   0.137649
-0.0153143  0.0553625    0.13969
-0.0363035    0.12858   0.285975
-0.0320503   0.126877   0.284623
-0.0124551  0.0635331   0.304773
-0.0109633  0.0637034   0.301186
-0.00672707   0.0646033    0.280889
-0.0236358  0.0626441   0.322205
-0.0237594  0.0623337   0.322225
-0.0111564  0.0636096   0.301192
-0.0236996  0.0625751   0.322205
-0.055514   0.11934  0.262112
-0.0100839  0.0627796   0.262291
-0.0096529  0.0636066   0.262204
-0.00894717   0.0646794    0.262789
-0.00828722   0.0652512    0.264288
-0.016571 0.0537314  0.280417
-0.00906634   0.0611064    0.281614
-0.0103652  0.0621676   0.262789
-0.0252596  0.0519203    0.30235
-0.0149863  0.0600921   0.304133
-0.00939253    0.061309    0.283341
-0.00901508   0.0610804    0.282363
-0.0102632  0.0618905   0.263739
-0.0125427  0.0603768   0.298149
-0.00921096   0.0610377    0.283272
-0.0102938  0.0618156   0.263742
-0.0103277   0.062148   0.262776
-0.0205404   0.116194   0.263005
-0.0452423    0.11258   0.273011
-0.0102885  0.0630105   0.262546
-0.00840804   0.0650297    0.264326
0.00039273  0.0799283   0.153486
-0.0152519   0.111801   0.266823
-0.000158255    0.0880201     0.153007
-0.00857739   0.0654306    0.264338
-0.00678831   0.0646659    0.281185
-0.046616  0.128494  0.264522
-0.0360464   0.046099   0.292187
-0.0325662  0.0471792   0.291298
-0.0268225  0.0595084   0.321807
-0.0361278  0.0462741   0.292163
-0.038755 0.0456581  0.292406
-0.0442902  0.0561268   0.273673
-0.0529039  0.0438737   0.296679
-0.0388688  0.0455425    0.29244
-0.0389941  0.0444304   0.289779
-0.0440126  0.0446389   0.292352
-0.0438263  0.0446643   0.292358
-0.0428773  0.0429941    0.26489
-0.0123305  0.0629834   0.139946
-0.0128427  0.0624842   0.139843
-0.0124292  0.0625062   0.140458
-0.0123211  0.0629704   0.139946
-0.0423322  0.0556461    0.26394
-0.0496094  0.0420852   0.288449
-0.0509736  0.0436443   0.291677
-0.0532932  0.0433384   0.291407
-0.044775 0.0555406  0.273641
-0.0443064  0.0560813    0.27373
-0.0476418   0.119271   0.272181
-0.0481182   0.119804    0.27208
-0.0424754  0.0482482   0.261669
0.000601979   0.0788705    0.152571
-0.0681133  0.0425024   0.288761
-0.0612665  0.0428195   0.290056
-0.0286222   0.121742   0.268344
-0.0532873  0.0435719   0.291367
-0.0526303  0.0421094   0.287604
-0.0269135  0.0592342   0.321678
-0.0130529   0.060278   0.300358
 -0.06986 0.0461757  0.297269
-0.0680973  0.0426067   0.288678
-0.0424236   0.111956   0.259293
-0.0428188   0.112045   0.261251
-0.0428197   0.118787   0.260945
-0.0707112  0.0435306   0.301618
-0.0556396  0.0461512   0.317437
-0.0733054  0.0447736   0.314446
-0.0398617  0.0505475   0.319961
-0.0266607  0.0591807   0.321844
-0.000151393    0.0880199     0.153008
-0.0188948  0.0597315   0.311377
-0.0264351  0.0393773    0.16208
-0.0281882  0.0379173   0.124983
-0.028673 0.0378346  0.120943
-0.0266328  0.0380595   0.117367
-0.0270221  0.0516757   0.116931
-0.0478891  0.0377036   0.188519
-0.0254693  0.0383961   0.127885
-0.0284069  0.0520102   0.124242
-0.0443043   0.111996   0.271166
-0.0446995   0.112085   0.273124
-0.0214592  0.0394006    0.12861
-0.024837 0.0521651  0.127702
-0.0180645  0.0562205   0.279026
-0.0177558  0.0406499   0.126751
-0.0157202  0.0423346   0.140473
-0.0159298  0.0413065   0.123356
-0.0175647  0.0521026   0.126241
-0.0146539   0.044977   0.164178
-0.0107233  0.0439167   0.118008
-0.0162849  0.0409614   0.119623
-0.0188683  0.0398231   0.116613
-0.016186 0.0517729  0.118993
-0.0229214  0.0386845   0.115713
-0.0197464  0.0516096   0.115501
-0.0181254   0.056014   0.278624
-0.044706   0.11201   0.27316
-0.0073457  0.0495059   0.142075
-0.0153675  0.0426334   0.140769
-0.015846 0.0547609  0.139647
-0.0156352  0.0423632   0.140176
-0.00636724   0.0538655    0.165439
-0.00330382   0.0559389    0.142598
-0.000806454     0.062903     0.142722
-0.000845134    0.0626138     0.142791
-0.000668558    0.0630345     0.142289
-0.000689554    0.0630916      0.14229
-0.0123338  0.0630331   0.139961
-0.000689554    0.0630916      0.14229
-0.000605154    0.0629996     0.140269
-0.0119353  0.0628944   0.137988
-0.0131472   0.100627   0.126838
-0.0140851   0.101265    0.12866
-0.0135931   0.101222    0.12672
-0.00096791   0.0647101    0.153903
-0.000882346    0.0646415     0.152418
-0.000340633    0.0626775     0.133189
-0.000640744    0.0627646     0.139833
-0.0423256   0.118698   0.259047
-0.0424945   0.111954    0.25924
-0.0118266  0.0623934   0.137471
-0.000601011    0.0630446     0.140246
-0.000718044    0.0624759     0.139759
-0.000425372    0.0624821     0.133624
-0.00309146   0.0559526    0.139577
-0.00638222   0.0497639    0.133067
-0.00698631   0.0496269    0.139079
-0.00273242   0.0558935    0.133525
-0.0138117  0.0428022   0.131869
-0.0150811  0.0426024   0.137844
-0.0147748  0.0427795   0.137819
-0.0097717   0.104025   0.261051
-0.0153268   0.042463   0.138234
-0.0139808  0.0428262   0.131339
-0.0153637  0.0424656   0.138225
-0.0154223  0.0546698   0.137644
-0.0538698   0.129259   0.252056
-0.0447954   0.119233   0.270737
-0.0157604    0.05476   0.139628
-0.0153653   0.054671   0.137669
-0.0157588  0.0423738   0.140192
-0.0419569   0.111374   0.259414
-0.0423462   0.111482   0.261372
-0.0143368   0.112367   0.279236
-0.00734306    0.107605    0.279289
-0.0128377   0.101334   0.138092
-0.0135856  0.0429409   0.129371
-0.0132929  0.0430757    0.12899
-0.0110464  0.0930466   0.129648
-0.0135871  0.0542702   0.128856
-0.0135856  0.0429409   0.129371
-0.0161953   0.112177   0.264064
-0.0123797  0.0623646   0.137939
-0.0119302  0.0629704   0.137943
-0.0140676  0.0543601   0.130833
-0.013847 0.0428165  0.131324
-0.0135894  0.0431077   0.131916
-0.00048837   0.0621998    0.133691
-0.000320425    0.0626036     0.133193
-0.0105549  0.0626382   0.131143
-0.000339652    0.0626775     0.133189
-0.000272897    0.0625854     0.131164
-0.0101571  0.0624936   0.129174
-0.0131129    0.10068   0.126842
-0.0136335   0.101215   0.126698
-0.0105523  0.0625826   0.131133
-0.000430734    0.0625315     0.130881
-0.000386767    0.0620617     0.130654
-0.0100484  0.0619926   0.128657
-0.00026934   0.0626363    0.131139
-0.00254261    0.055916    0.130499
-0.00604147   0.0499056    0.130066
-0.0129967  0.0432908   0.128964
-0.0135441  0.0429404   0.129383
-0.0136441   0.054269    0.12883
-0.0563462   0.119116   0.257181
-0.000525075    0.0666972     0.153902
-0.0122527  0.0627797   0.137933
-0.00118455   0.0647081     0.15386
-0.000961047    0.0647102     0.153905
-0.000532918    0.0666981     0.153901
-9.4072e-05   0.0692096    0.153875
0.0023305 0.0667257  0.154477
-0.0156305  0.0526266   0.227865
-0.0254196  0.0449684   0.226259
-0.0437472  0.0415358   0.257088
-0.00536315   0.0899505    0.217074
0.00055405  0.0835333   0.153329
0.000586251   0.0815048     0.15344
-0.0230489   0.109938   0.320162
0.00162219  0.0771931   0.122202
0.00153007  0.0768498   0.126314
-0.0486849  0.0484591   0.255321
0.00137566  0.0733938     0.1288
0.00128677  0.0721715   0.130585
0.00054904  0.0685415   0.139104
-0.000450141    0.0667502     0.152692
0.00154063  0.0773777   0.126262
0.00135597  0.0815818   0.128429
0.000578084    0.075774    0.152696
-0.0424245   0.118698   0.258986
0.000550826   0.0757741    0.152695
0.000441337   0.0737691    0.152733
0.000479182   0.0737666    0.152738
-0.0423169  0.0487736   0.262215
-0.0134949  0.0549268   0.130901
0.000444271   0.0737686    0.152739
-0.0451815  0.0493949   0.275878
0.000166238   0.0726718     0.15377
0.000648477   0.0738104    0.151773
0.000208922   0.0712607    0.152813
-0.0131001  0.0548185   0.128915
0.000221286   0.0712595    0.152807
0.000215594   0.0712597     0.15281
-0.0110883  0.0620848   0.131061
-3.34825e-05    0.0692525     0.152817
-1.62248e-05    0.0692526     0.152818
-0.0148783  0.0552193   0.137728
-0.000484194     0.066757     0.152643
0.000177541   0.0692922    0.151884
-0.0158087   0.101706   0.137509
-0.00916463   0.0830672    0.251326
-0.000886867    0.0646408     0.152425
-0.000889968    0.0646417       0.1524
-0.015988 0.0601164  0.260801
-0.0118001   0.069458   0.258346
-0.0134365   0.062486   0.253404
-0.00567437   0.0686343    0.215651
-0.0107692  0.0695796   0.252303
-0.0250563  0.0625209   0.321965
-0.0102935  0.0716001   0.252092
-0.00529866   0.0711097    0.216549
-0.0100681  0.0833365   0.257246
-0.00487049     0.07315    0.215717
0.0022343 0.0905485  0.153374
-0.000835354    0.0915957      0.15128
-0.0512545   0.118964   0.264831
-0.00954825   0.0761315    0.251723
-0.00489564   0.0755497    0.218077
-0.00468427   0.0776079    0.217038
-0.0156415   0.111684   0.264701
-0.00977868    0.104795    0.262089
-0.00906613   0.0786517    0.251608
-0.00918318   0.0806529    0.251454
-0.00544585   0.0818216    0.223935
-0.0105562   0.100738   0.127365
-0.0148705  0.0552568   0.137718
-0.00915797   0.0830672    0.251329
-0.0100652  0.0833365   0.257246
-0.00505831   0.0843652    0.279856
-0.0210854  0.0545156     0.2657
-0.0197284  0.0555691   0.266035
-0.0135028   0.100734   0.128827
-0.0135969   0.101337   0.129267
-0.0193188   0.055729   0.266511
-0.0317469  0.0465038   0.263913
-0.0419308   0.111406   0.259404
-0.0418572  0.0427616   0.262043
-0.0424063  0.0432977   0.261838
-0.0438278  0.0418656   0.257052
-0.0481526   0.129668   0.271639
0.000498885   0.0833866    0.152328
-0.0539181  0.0404989    0.25613
-0.0487489  0.0408852   0.254661
0.00338469  0.0790283    0.15413
-0.0443148  0.0561202   0.273704
-0.0568025  0.0406386    0.26066
-0.0558984  0.0410566   0.265949
-0.0462756  0.0442349   0.286318
-0.0516999  0.0416891   0.269256
-0.0474217  0.0426312   0.273251
-0.0462281  0.0424817   0.268885
0.000166553   0.0859252    0.152463
-0.0477264  0.0426543   0.273629
-0.0481369  0.0426139   0.275887
-0.0373703  0.0455604   0.275075
-0.0424509  0.0429092    0.26498
 -0.0243 0.113215 0.319689
-0.0423241  0.0556696   0.263929
-0.0329523   0.046315   0.266742
-0.0254002  0.0518223   0.272212
-0.0231003  0.0530806   0.268422
-0.0276455  0.0509433   0.276792
-0.0195519  0.0553003   0.269037
-0.0229012  0.0531931   0.277647
-0.0471375  0.0427235   0.273234
-0.0477548  0.0426444   0.273608
-0.0477709  0.0487768   0.273324
-0.0481216  0.0427704   0.275586
-0.0476343  0.0494357   0.275396
-0.047731 0.0488949  0.275897
-0.045197  0.049299  0.275883
-0.0135067   0.100772   0.128814
-0.0139259   0.100935   0.128725
-0.00969256    0.105231    0.262011
-0.0477302  0.0428961    0.27617
-0.0482079  0.0488679   0.275328
-0.0481306  0.0427656    0.27559
-0.038212 0.0456128  0.277966
-0.0303557  0.0503679   0.284063
-0.0288156   0.050622   0.279634
-0.0317015   0.050372    0.28902
-0.0493453  0.0465964   0.288307
-0.0143228   0.112546   0.279163
-0.0119392  0.0928634   0.136624
0.00301808  0.0712442    0.15441
0.000159564   0.0712173    0.153835
0.000234863   0.0712257    0.153841
8.33988e-05   0.0692041    0.153886
0.000392549   0.0737265    0.153768
0.000498162   0.0757329    0.153698
0.00338479  0.0782664   0.154165
0.000553715   0.0782404    0.153595
0.000565618   0.0757393    0.153702
0.000560999   0.0737285    0.153777
-0.000526565    0.0794712      0.17228
0.000577786   0.0786201     0.15358
0.000698045   0.0782376    0.153603
-0.010872 0.0926614  0.129696
-0.0124398  0.0551031   0.138248
-0.0124602   0.093353   0.136519
-0.0119308  0.0928765   0.136627
0.000638331   0.0790055    0.153565
0.000553666   0.0786202    0.153578
-0.000542599     0.079469     0.172248
0.000552636   0.0790018     0.15356
-0.0111285  0.0620789   0.131064
-0.0424608  0.0550127   0.261857
-0.0153713   0.101622   0.135533
-0.00295108   0.0807637    0.200922
-0.00291066   0.0807779     0.20104
-0.00335227   0.0840498    0.206665
-0.00284992   0.0812801    0.204849
0.000602428   0.0782806    0.152612
0.000763782   0.0784209    0.149184
0.000602428   0.0782806    0.152612
0.000602595   0.0785754    0.152592
0.000809643   0.0783247    0.151601
0.000603157   0.0788705    0.152571
0.000763987   0.0784206    0.149178
-0.0266242   0.116966   0.158452
-0.0178297   0.110756   0.123625
-0.0159386   0.109647   0.120247
-0.0106404   0.106547   0.115248
-0.0163048   0.109428   0.116482
-0.0161437   0.102217    0.11681
-0.0157508   0.111072   0.137347
-0.0215722   0.112167   0.125312
-0.017673  0.102546  0.124067
-0.0255207   0.112975   0.124468
-0.0223306   0.102634   0.125906
-0.028207  0.113007  0.121547
-0.0286826   0.112506   0.117546
-0.0284706   0.102443   0.121761
-0.0140305   0.101305   0.128695
-0.026635  0.111767  0.114007
-0.0229202   0.110938   0.112425
-0.0269223   0.102109   0.114488
-0.0188901   0.110028   0.113411
-0.0222595   0.102031   0.112672
-0.0123343  0.0929524   0.138582
-0.000866834    0.0929662     0.138853
-0.00093751   0.0930583    0.140877
-0.000866834    0.0929662     0.138853
-0.000920717    0.0931567     0.138398
-0.0110595   0.100933   0.129278
-0.0124681  0.0623889   0.137881
-0.00108677   0.0931085    0.141145
-0.0428882   0.127836    0.26103
-0.00111086   0.0935794    0.141329
-0.0124429  0.0934534   0.139098
-0.000912963    0.0931648     0.140841
-0.0323278   0.123709   0.280402
-0.00360646   0.0994531    0.140558
-0.00762342     0.10505    0.139493
-0.0148304   0.112002    0.16101
-0.0153763   0.110882   0.137664
-0.0156457   0.111052   0.137079
-0.0481819   0.119795   0.272088
-0.015829  0.101712  0.137493
-0.0153725   0.110683   0.135121
-0.0157677   0.111041   0.137067
-0.0157665   0.101711   0.137492
-0.0139893   0.109393    0.12831
-0.0150632   0.110554   0.134751
-0.0154426    0.10162   0.135482
-0.0153521   0.110686   0.135131
-0.0147835   0.110339   0.134745
-0.00903623    0.105347    0.262049
-0.00562439    0.102413    0.130826
-0.00513443    0.101897    0.137075
-0.013598  0.109219  0.128908
-0.0139183   0.109383   0.128683
-0.0008237  0.0931647   0.132215
-0.00100632   0.0934412    0.138293
-0.000859737    0.0929104     0.138836
-0.000745691    0.0927083     0.132041
-0.0119358  0.0928146   0.136609
-0.0106649  0.0930526   0.130286
-0.000626386     0.092756     0.131725
-0.0138509   0.109404   0.128322
-0.0140438   0.101311    0.12868
-0.00605889   0.0942846     0.21578
-2.02053e-05    0.0880447     0.153014
0.000233161   0.0860149    0.153162
-0.0135941   0.109015   0.126365
-0.0139883   0.101311   0.128678
-0.0132859   0.108872   0.125996
-0.0136645   0.101219   0.126669
-0.01357 0.109018 0.126377
-0.0130052   0.108642    0.12599
-0.00535904    0.101969    0.127836
-0.000542952    0.0927691     0.129284
-0.000745624    0.0930263     0.129174
-0.000591981    0.0924935     0.129717
-0.000599276    0.0925514     0.129736
-0.0101576  0.0924138   0.127796
-0.0476419  0.0494179   0.275379
-0.0481682  0.0488733   0.275313
-0.0105562  0.0925516   0.129769
-0.000599276    0.0925514     0.129736
-0.000651327    0.0926436     0.131763
-0.0452282  0.0556436   0.275598
-0.0447019  0.0561893   0.275665
-0.0131002   0.100663    0.12683
0.000552636   0.0790018     0.15356
-0.00972396   0.0920118    0.250936
-0.00517923   0.0919341     0.21617
-0.0105091  0.0965453    0.25078
-9.42655e-05    0.0879462     0.152449
-0.0109426  0.0549005   0.131394
-0.00671283   0.0969596    0.219594
-0.0117426   0.101091   0.250683
-0.0150706   0.111907   0.225232
-0.0248172   0.119939   0.222949
-0.0437938   0.127904   0.253152
-0.0379953    0.12471   0.220121
-0.0567982   0.129853   0.256532
-0.0484669   0.122788   0.187529
-0.0538918   0.129312   0.252041
-0.0487102   0.128642   0.250648
-0.0479929   0.129794   0.272097
-0.0470868   0.129797   0.282406
-0.0559261   0.130173   0.261828
-0.0500778   0.127706   0.284818
F
 30 113 521
 30 165 527
 30 349 165
 30 521 349
 30 527 113
  53   58 2306
53 59 58
  53 2306   59
  58   59 2206
58 82 99
 58  99 101
  58  101 2306
 58 637  82
  58 2206  637
  59 1177 2206
  59 2306 1177
 82 267  99
  82  637 2206
 82 643 267
  82 2206  643
  97   98 2306
97 99 98
 97 101  99
  97 2306  101
 98  99 506
 98 113 535
 98 506 113
  98  535 2306
 99 267 506
113 506 521
113 527 533
113 533 535
134 348 610
134 610 816
134 816 348
147 223 234
147 234 990
 147  990 1019
 147 1019 1219
 147 1219  223
148 149 223
148 157 158
148 158 159
148 159 241
148 164 229
148 165 157
148 223 164
148 229 353
148 241 149
148 353 165
149 160 991
149 234 223
149 241 160
149 990 234
149 991 990
157 165 349
157 205 158
157 332 334
157 334 205
157 348 332
157 349 348
158 205 992
158 241 159
158 992 241
160 241 991
 164  223 1015
 164 1007  229
 164 1015 1007
165 353 535
165 533 527
165 535 533
 166  353 1225
166 537 353
166 543 537
 166 1225 1255
 166 1255 2306
 166 2306  543
192 193 994
192 263 816
192 408 193
192 444 408
192 476 444
192 816 476
192 994 263
193 408 995
193 995 994
198 199 200
198 200 719
198 302 199
198 333 302
198 719 333
199 302 994
199 993 200
199 994 993
200 205 334
200 334 719
200 993 205
205 993 992
 223 1219 1015
 229 1007 1225
 229 1225  353
241 992 991
263 302 333
263 333 816
263 994 302
267 610 506
267 643 810
267 810 610
332 348 334
333 334 348
333 348 816
333 719 334
348 349 521
348 511 610
348 521 511
353 537 535
369 370 371
369 371 387
369 387 388
369 388 406
369 406 408
369 408 480
369 468 370
369 480 468
370 456 371
370 468 810
370 643 456
370 740 643
370 810 740
371 375 434
371 434 387
371 441 375
371 455 441
371 456 455
 375  441 1720
 375 1720 1851
 375 1849  434
 375 1851 1849
387 421 998
387 431 421
387 434 431
387 996 388
387 997 996
387 998 997
388 996 406
391 431 434
 391  434 1849
391 998 431
 391 1730  998
 391 1849 1730
406 996 408
408 444 480
408 996 995
421 431 998
 441  455 1892
 441 1892 1720
444 476 480
455 456 643
 455  643 2206
 455 1719 1892
 455 2206 1719
468 476 810
468 480 476
476 610 810
476 816 610
506 511 521
506 610 511
535 537 543
 535  543 2306
643 740 810
 988  989 1003
 988 1003 1205
 988 1014 1215
 988 1205 1208
 988 1208 1014
 988 1215  989
989 990 991
989 991 993
989 993 996
 989  996 1002
 989 1002 1003
 989 1013 1019
 989 1019  990
 989 1215 1013
991 992 993
993 994 996
994 995 996
996 997 998
 996  998 1002
 998  999 1000
 998 1000 1002
 998 1723  999
 998 1730 1723
 999 1723 1855
 999 1724 1000
 999 1855 1724
1000 1001 1002
1000 1724 1838
1000 1838 1840
1000 1840 1001
1001 1195 1786
1001 1786 1002
1001 1840 1195
1002 1069 1003
1002 1100 1069
1002 1144 1146
1002 1146 1100
1002 1189 1144
1002 1761 1765
1002 1763 1761
1002 1765 1863
1002 1786 1763
1002 1863 1189
1003 1069 1205
1004 1007 1012
1004 1012 1207
1004 1207 2244
1004 1259 1271
1004 1271 1285
1004 1284 1007
1004 1285 1284
1004 1290 1259
1004 2244 2247
1004 2247 1290
1005 1006 1007
1005 1007 1284
1005 1255 1006
1005 1284 2274
1005 2274 2307
1005 2305 1255
1005 2307 2305
1006 1225 1007
1006 1255 1225
1007 1015 1012
1012 1013 1215
1012 1014 1207
1012 1015 1219
1012 1215 1014
1012 1219 1013
1013 1219 1019
1014 1208 1207
1069 1070 1205
1069 1099 1253
1069 1100 1099
1069 1253 2198
1069 2198 2234
1069 2234 1070
1070 1208 1205
1070 2234 2250
1070 2250 1208
1073 1086 2201
1073 1177 2146
1073 2146 2154
1073 2154 1086
1073 2201 1177
1082 1099 1100
1082 1100 1247
1082 1247 2198
1082 2198 1099
1086 2154 2192
1086 2191 2201
1086 2192 2191
1099 2198 1253
1100 1146 1247
1144 1173 1247
1144 1189 1173
1144 1247 1146
1173 1189 1748
1173 1748 1247
1177 2147 2146
1177 2149 2147
1177 2200 2204
1177 2201 2200
1177 2204 2206
1177 2236 2149
1177 2306 2236
1189 1765 1748
1189 1863 1765
1195 1794 1786
1195 1805 1794
1195 1823 1805
1195 1831 2158
1195 1840 1831
1195 2158 1823
1207 1208 2250
1207 2250 2244
1247 1568 1608
1247 1608 2194
1247 1748 1568
1247 2194 2198
1255 2305 2306
1259 1290 1271
1271 1290 2247
1271 2247 1285
1284 1285 2247
1284 2247 2307
1284 2307 2274
1450 1563 1990
1450 1990 2154
1450 2145 2159
1450 2154 2145
1450 2158 2384
1450 2159 2158
1450 2384 1563
1540 1753 1758
1540 1758 1763
1540 1763 1786
1540 1786 1794
1540 1794 1805
1540 1805 1823
1540 1823 2159
1540 2159 2194
1540 2194 1753
1563 2188 1990
1563 2384 2188
1568 1743 1608
1568 1748 1743
1608 1743 2194
1630 2149 2236
1630 2165 2149
1630 2232 2165
1630 2236 2310
1630 2310 2232
1717 1718 1719
1717 1719 2204
1717 1848 1718
1717 1890 2003
1717 2003 1848
1717 2008 1890
1717 2009 2008
1717 2203 2009
1717 2204 2203
1718 1720 1892
1718 1721 1851
1718 1848 1721
1718 1851 1720
1718 1892 1719
1719 2206 2204
1721 1722 1724
1721 1723 1849
1721 1724 1855
1721 1848 1722
1721 1849 1851
1721 1855 1723
1722 1831 1838
1722 1838 1724
1722 1848 2188
1722 2188 1831
1723 1730 1849
1743 1748 1753
1743 1753 2194
1748 1758 1753
1748 1765 1758
1758 1761 1763
1758 1765 1761
1823 2158 2159
1831 1840 1838
1831 2188 2384
1831 2384 2158
1848 2003 2188
1890 2004 2193
1890 2008 2004
1890 2193 2003
1990 2188 2191
1990 2191 2192
1990 2192 2154
2003 2193 2188
2004 2008 2203
2004 2191 2193
2004 2203 2191
2008 2009 2203
2145 2146 2147
2145 2147 2148
2145 2148 2159
2145 2154 2146
2147 2149 2165
2147 2165 2148
2148 2165 2198
2148 2194 2159
2148 2198 2194
2165 2232 2233
2165 2233 2198
2188 2193 2191
2191 2200 2201
2191 2203 2200
2198 2233 2234
2200 2203 2204
2232 2248 2298
2232 2298 2233
2232 2310 2248
2233 2250 2234
2233 2252 2253
2233 2253 2250
2233 2298 2252
2236 2305 2307
2236 2306 2305
2236 2307 2308
2236 2308 2310
2244 2250 2253
2244 2252 2298
2244 2253 2252
2244 2298 2247
2247 2248 2310
2247 2298 2248
2247 2308 2307
2247 2310 2308
