14
l_foot 
V
0.0650165 0.0856834 0.0522577
0.0650171 0.0809921 0.0534822
0.0650158  0.091895 0.0509308
0.0652894 0.0483772 0.0480575
0.0650103 0.0491274 0.0489952
0.0650213 0.0491303 0.0485442
 0.064907 0.0662975 0.0536248
 0.065702 0.0662529 0.0540239
0.0656969 0.0749623 0.0543701
0.0834406 0.0774129 0.0484205
0.0821492  0.081247 0.0484433
0.0656991 0.0810574 0.0539432
0.0650549 0.0749548 0.0539961
 0.083656 0.0749564 0.0484253
0.0831778 0.0684959 0.0484213
 0.084057 0.0749599 0.0479323
0.0650173 0.0800273 0.0532665
0.0650179 0.0749566 0.0535991
0.0808908 0.0607543 0.0484547
0.0835448 0.0684377 0.0479394
0.0656918 0.0599808 0.0531418
0.0763497 0.0540967 0.0483278
0.0812168 0.0605952 0.0479738
0.0656608 0.0526852 0.0511221
0.0709761 0.0503241 0.0486089
 0.084021 0.0749576 0.0469223
0.0657593 0.0486746 0.0494164
0.0650191 0.0660124 0.0532219
0.0650198 0.0600716 0.0526798
 0.065019  0.066296 0.0535608
0.0655439 0.0985035 0.0490737
 0.065015 0.0981673 0.0486778
0.0650161 0.0892592 0.0513436
0.0663314 0.0481785 0.0485806
0.0650199 0.0594684    0.0522
 0.082532 0.0824097 0.0469589
0.0650156 0.0933428 0.0500693
  0.06495 0.0981842 0.0482608
0.0716134 0.0951801 0.0486258
0.0662789 0.0988325 0.0487776
0.0665439 0.0990854 0.0483025
0.0656541 0.0892326 0.0524036
0.0656771 0.0889266 0.0523457
0.0754088 0.0917336 0.0485549
0.0747227 0.0929334 0.0481006
0.0665279 0.0990321 0.0473455
0.0801636 0.0856882 0.0484769
0.0784772 0.0887418 0.0480469
0.0650208 0.0528549 0.0506731
0.0819139 0.0833524 0.0479726
0.0756468 0.0921302 0.0471128
0.0650206  0.054196 0.0507616
0.0752938 0.0526722 0.0471722
0.0663234 0.0482461 0.0476255
0.0797042 0.0578737 0.0470306
0.0829451 0.0664156  0.046977
0.0354269 0.0815321 0.0689804
0.0360169 0.0814853 0.0681044
0.0354189 0.0814809 0.0679299
-0.0699899  0.0723185  0.0645801
-0.0699938  0.0721068  0.0643181
-0.0699558  0.0719973  0.0648543
-0.0704791  0.0749404  0.0530337
-0.0700807    0.07942  0.0597733
-0.0701327  0.0793506  0.0584694
-0.0701793  0.0755028  0.0628415
-0.0701913  0.0756344  0.0622601
-0.0701952  0.0753572  0.0622422
-0.0691982  0.0671498  0.0656818
-0.0692822  0.0672786  0.0653256
-0.0696291  0.0670428  0.0575543
0.0428587 0.0833224 0.0637479
0.0479026 0.0849303 0.0601513
-0.0701025  0.0773459  0.0628352
-0.0701045  0.0775227  0.0625923
-0.0701555  0.0771999  0.0619838
0.0506974 0.0859546 0.0586648
0.0625358 0.0914269 0.0515529
-0.0702236   0.078302  0.0585802
-0.0701966  0.0782652    0.05882
-0.0701746  0.0783415  0.0597685
-0.0700886  0.0705108  0.0596311
-0.0701327  0.0713883  0.0604782
-0.0702325  0.0704068  0.0542331
0.0625368  0.091425 0.0518149
-0.0699987  0.0789402  0.0625056
-0.0700656  0.0781638  0.0625051
-0.0700816  0.0784599  0.0632132
0.0625138  0.091532 0.0517739
0.0638179 0.0911459  0.051181
0.0625378 0.0914249 0.0515559
-0.0703009  0.0729648  0.0585242
-0.070313  0.073666 0.0585275
-0.0691492  0.0828679  0.0665183
-0.069708 0.0812624 0.0624467
-0.0698149  0.0806834  0.0623405
-0.0694273  0.0679244  0.0651144
-0.0693233  0.0675745  0.0656564
-0.0694527   0.070374  0.0698553
-0.0695141  0.0822898  0.0626235
-0.0694901  0.0823393  0.0628335
-0.0696714  0.0689912  0.0640659
-0.0699145  0.0697927  0.0637892
-0.0699484  0.0692955  0.0592374
-0.0701015  0.0703111   0.058663
-0.0701266  0.0705131  0.0588365
-0.0700376  0.0777421  0.0636094
-0.0700326  0.0778586  0.0635322
-0.0700496  0.0780612  0.0630293
-0.0702347  0.0794725  0.0542302
-0.0695231  0.0823054  0.0620632
-0.0694872  0.0828024  0.0624172
-0.0701433  0.0754171  0.0633538
-0.0702372  0.0752554  0.0621208
0.0354159 0.0812429 0.0692301
0.0358099 0.0813085 0.0691926
0.0354549 0.0817008 0.0689508
-0.0702265   0.078058  0.0590358
-0.0702145  0.0780294  0.0593904
-0.0694539  0.0795182  0.0698511
-0.0697398  0.0797999  0.0650761
-0.0700568  0.0715658  0.0626548
-0.0700668  0.0720837  0.0629644
-0.0700779  0.0724661   0.063102
-0.0701744  0.0764794   0.062182
-0.0701714  0.0763805  0.0622961
-0.0701584   0.076493  0.0624879
0.0356202 0.0794806 0.0685564
0.0361751  0.079711 0.0686092
0.0356222 0.0794867 0.0693323
-0.0703051  0.0742329  0.0595644
-0.0701512  0.0748554  0.0631934
-0.0701552  0.0749317   0.062996
-0.0699536  0.0782438  0.0645034
-0.0698638  0.0792683  0.0643601
0.0352141 0.0798524 0.0695779
0.0349291 0.0799455 0.0690914
0.0356361 0.0799298 0.0691429
-0.0696311  0.0828388  0.0575481
-0.0694712  0.0825481   0.062444
-0.0694412  0.0826514  0.0626229
-0.0691258  0.0710414  0.0708965
-0.0691732  0.0670058  0.0665393
 0.044794 0.0815505  0.062788
 0.042843 0.0812377 0.0642757
-0.0701052   0.074933  0.0641596
-0.0700862  0.0745729   0.064294
-0.0696053    0.07495  0.0710706
-0.0702579   0.072921  0.0597157
-0.070312  0.073484 0.0590027
-0.0703119  0.0733904  0.0588917
0.0519657 0.0843009 0.0584721
0.0530216 0.0849369 0.0582811
-0.0700086  0.0781479  0.0637362
0.0357182 0.0794466 0.0693121
 0.063495 0.0896692 0.0519615
-0.0700058  0.0721444  0.0641307
-0.0700659  0.0723619  0.0633221
-0.0700618  0.0721248  0.0631205
-0.0696761  0.0670111  0.0575465
-0.0702635  0.0703935  0.0542221
-0.0697124  0.0695368  0.0542194
 0.063526 0.0896061 0.0518865
-0.0698458  0.0793925   0.064643
-0.0698817  0.0791272  0.0646853
-0.070295 0.0740901 0.0588382
-0.0705061  0.0749385  0.0530347
-0.0700319  0.0724592  0.0640185
-0.0699357  0.0711259  0.0639748
-0.0699727  0.0710856  0.0634656
 0.063468 0.0900112 0.0522564
0.0640409 0.0907691 0.0515791
 0.063477 0.0896851 0.0518705
 0.064028  0.090341 0.0513783
-0.0697817  0.0790538  0.0653943
-0.0698007    0.07882  0.0654157
-0.0695674  0.0687591   0.065009
-0.0695464  0.0687445  0.0653272
-0.0701157  0.0788918  0.0595239
-0.0699106  0.0780783  0.0652973
-0.0699116  0.0779135  0.0653476
0.0354206 0.0684344 0.0684905
0.0361406  0.068461 0.0686831
0.0354246 0.0683794 0.0695007
-0.0700836  0.0779659  0.0624232
-0.0701315  0.0777793   0.061727
0.0354135 0.0687209 0.0697409
0.0354256 0.0684021 0.0694932
0.0357035 0.0687717 0.0694487
-0.0700407  0.0712572  0.0622469
-0.0700687   0.071477   0.062046
-0.0701037  0.0714411  0.0612428
-0.0701523  0.0756384  0.0630048
-0.0699558  0.0797262  0.0617424
-0.0698768  0.0798372  0.0629853
-0.0698198  0.0799252   0.063791
0.0487702  0.064675 0.0607668
-0.0699795  0.0697042  0.0598207
-0.0699555  0.0695441   0.059934
-0.0696682  0.0828654  0.0575481
-0.0691454  0.0840662  0.0620513
-0.0686844  0.0845053  0.0620253
-0.0701204  0.0764743  0.0631701
-0.0701174  0.0762952  0.0633929
0.0489451 0.0649172  0.061108
 0.062542 0.0584864 0.0531343
0.0494712 0.0644159 0.0601173
 0.062709 0.0588584 0.0530792
-0.070303 0.0738605 0.0593484
-0.070158 0.0737456  0.062725
-0.070093 0.0737362 0.0639682
0.0356035 0.0688402 0.0693102
 0.063814 0.0588224 0.0524702
 0.062546 0.0583974 0.0530983
 0.062541 0.0584863 0.0529053
-0.0699386  0.0702743  0.0622991
-0.0700926  0.0709062  0.0604389
-0.0700375  0.0699865  0.0594366
-0.0700508  0.0800124   0.058811
-0.0700258   0.080245  0.0595997
-0.0698659  0.0803724  0.0617779
 0.062791 0.0586675 0.0534332
-0.0700957  0.0715995  0.0616676
0.0356213 0.0704238 0.0696634
0.0361503 0.0704333 0.0689183
0.0356213  0.070435 0.0688494
-0.0700548  0.0797111  0.0595134
-0.0700827  0.0796062  0.0590821
-0.0702777   0.079486  0.0542142
-0.0697678  0.0802994   0.053727
-0.0701141  0.0749391  0.0525117
-0.0702979  0.0728726  0.0586765
-0.0697449  0.0802218   0.064425
-0.0697259  0.0799596   0.065069
0.0482099 0.0669934 0.0614573
 0.050157 0.0662991 0.0600695
0.0572434 0.0633767 0.0563726
0.0634898 0.0602235 0.0531517
-0.068721 0.0654103 0.0620308
-0.069143  0.065819 0.0620572
-0.0701602  0.0749591  0.0629703
-0.0701492  0.0751677  0.0629302
-0.0700345  0.0770031  0.0632642
-0.0700835   0.077298  0.0632148
0.0639379 0.0592475  0.052844
0.0635088 0.0602585 0.0529337
0.0634988 0.0602425 0.0531537
-0.0698026  0.0699401  0.0641337
-0.0696845  0.0691778  0.0643243
0.0482849 0.0666834 0.0617436
0.0635298 0.0602825 0.0531737
0.0356953   0.07042  0.069626
-0.0700195  0.0698121  0.0594558
-0.0700689  0.0725729  0.0634758
0.0358124 0.0701064 0.0698836
-0.0699339  0.0725355  0.0655433
-0.0699348   0.071843   0.065069
-0.0699515  0.0695561  0.0587477
-0.0692452  0.0673424   0.065785
0.0429129  0.081591 0.0645257
0.0503625 0.0855111 0.0592115
0.0357939 0.0812877 0.0691675
-0.0698617  0.0707898  0.0639861
0.0357981 0.0798452 0.0695417
-0.0700465  0.0774933  0.0638495
-0.0699996   0.077764  0.0642535
-0.0701645  0.0775335  0.0613737
-0.0701595  0.0774484  0.0597968
-0.0702325  0.0773791  0.0594015
-0.0700086  0.0783513  0.0632882
-0.0702012  0.0754625  0.0619868
-0.0701953  0.0759358  0.0620719
-0.0695044  0.0685186  0.0653784
-0.0694993  0.0681946  0.0650334
-0.0701157  0.0793632   0.058817
0.0532726 0.0851382 0.0579624
0.0357679 0.0812528 0.0691058
0.0502585  0.085452 0.0592621
0.0466846 0.0842991 0.0610269
-0.0700166  0.0777797  0.0638136
 0.063627 0.0901522 0.0519793
-0.0701143   0.075826  0.0636598
-0.0703104  0.0770808  0.0582791
-0.0702405   0.078116  0.0584543
-0.0699526   0.070545  0.0625686
-0.0699256  0.0703266  0.0626807
-0.0698497  0.0707727  0.0648575
0.0357991 0.0798449 0.0695363
0.0356301 0.0798319  0.069648
0.0356662 0.0795233  0.069286
0.0357981 0.0798471 0.0695366
-0.070298 0.0735731 0.0593766
0.0630648 0.0913421 0.0519529
0.0626098  0.091195  0.051762
-0.0694073  0.0677387  0.0648384
-0.0694743  0.0680569  0.0647359
0.0625388  0.091436 0.0518289
0.0627778 0.0912501  0.052084
0.0632178 0.0912431  0.051795
0.0638109 0.0905882 0.0519272
-0.0698398  0.0796637  0.0640234
-0.0698768  0.0797095  0.0632988
-0.0699338  0.0794476  0.0627535
0.0636118 0.0911551  0.051827
0.0631698  0.091612 0.0516478
0.0636899 0.0910281  0.051832
0.0639488 0.0911691  0.051555
0.0637059 0.0904641 0.0518412
-0.0700026  0.0780344  0.0638686
 0.064013 0.0901891 0.0517313
  0.06345 0.0900152 0.0522334
 0.063505 0.0896522 0.0519735
0.0358005  0.068663 0.0697011
0.0482559 0.0666725 0.0617178
0.0358044 0.0701005 0.0698724
-0.0700308  0.0716781  0.0630998
-0.069682 0.0815208 0.0621753
-0.0696331  0.0817834  0.0621743
-0.0699669  0.0807931  0.0584094
-0.0699116   0.070204  0.0630839
-0.0697696  0.0701414  0.0644158
-0.0698116  0.0703122  0.0646596
0.0356374 0.0701812  0.069953
0.0358034  0.070089 0.0698789
0.0356983 0.0705148 0.0696329
-0.069697 0.0815049 0.0618337
-0.0699324  0.0693625  0.0597453
0.0490131 0.0649101 0.0610265
0.0572404 0.0630558 0.0566425
-0.0698988  0.0713998  0.0650263
-0.0698117  0.0706559  0.0652537
  0.06329 0.0585496 0.0533153
0.0636549 0.0597806 0.0533269
0.0634618 0.0599216 0.0534288
-0.0701803  0.0758618  0.0624098
0.0634958 0.0602445 0.0531567
0.0637069 0.0595695 0.0531369
0.0638149 0.0594206  0.053186
-0.069735 0.0813034 0.0616096
0.0640159 0.0596625 0.0529459
 0.063753 0.0589955 0.0531151
-0.0691472  0.0670225  0.0665276
 0.064003 0.0588635 0.0528222
 0.063297 0.0587135 0.0530672
0.0633201 0.0583764 0.0529223
  0.06279 0.0586845 0.0534082
-0.0702058  0.0724995  0.0605946
-0.0701448  0.0720641  0.0613971
-0.0701238  0.0722629  0.0620791
 0.062539 0.0585174 0.0531323
-0.0701925  0.0778661  0.0602029
-0.0702015   0.077854  0.0600367
-0.0701111  0.0743476  0.0639766
-0.0701072  0.0749084  0.0638251
-0.0700227  0.0714791  0.0629515
-0.0697736  0.0700005  0.0648182
-0.0700068  0.0798468  0.0602974
-0.0700038  0.0802131  0.0607924
-0.0698138  0.0797601  0.0642739
-0.0697479  0.0799761  0.0649274
-0.0692313  0.0749421  0.0715545
-0.0699147  0.0711668  0.0644058
-0.0698907  0.0709771  0.0645059
-0.0701183  0.0754546  0.0637271
-0.0701584  0.0764287  0.0627427
-0.0702055  0.0775009  0.0606059
-0.0700855  0.0774915  0.0629983
-0.0700149   0.072692  0.0641735
-0.0698547  0.0707215  0.0643579
-0.0702979  0.0730064  0.0588617
-0.0694919  0.0795351  0.0698689
-0.0696383  0.0749394  0.0710924
-0.0689897  0.0784883  0.0707797
-0.0699296  0.0778384  0.0652129
-0.0699736  0.0778906   0.064568
-0.0700065   0.077506   0.064379
-0.0700855  0.0769771  0.0634796
-0.0701104  0.0766598  0.0628743
-0.0700596  0.0784097  0.0622515
-0.0700926  0.0782942  0.0617412
-0.0698426  0.0700171  0.0625541
-0.0699699  0.0806288  0.0586676
-0.0701333  0.0757076   0.063347
-0.0701403  0.0760751  0.0630692
-0.069796  0.081022 0.0617077
 -0.06973  0.081205 0.0621678
0.0354089  0.081491 0.0689718
  0.03502 0.0809909 0.0672392
  0.03502 0.0809914 0.0688168
0.0354149 0.0814855 0.0679304
-0.0700646  0.0785193  0.0619461
0.0354599 0.0812364 0.0692325
0.0353719 0.0815505 0.0689796
-0.0699707   0.071287   0.064129
-0.0699697  0.0711853  0.0634854
-0.0700187  0.0790969   0.061802
-0.0699388  0.0795081  0.0625326
0.0355882 0.0795092 0.0685495
0.0349421 0.0799482 0.0690887
0.0350201 0.0799702 0.0675061
-0.0700539  0.0724564   0.063593
-0.0705021  0.0749455  0.0530187
-0.0701011  0.0749266  0.0524597
0.0355923 0.0703783 0.0696903
0.0350214 0.0699447 0.0678781
0.0350214 0.0699452 0.0694425
0.0356083 0.0704014 0.0688589
-0.0700437  0.0785702  0.0646884
-0.0701725     0.0777   0.060889
-0.0701304  0.0769382  0.0626991
-0.0695511  0.0820302  0.0628217
0.0354116 0.0684276 0.0684916
0.0350215 0.0689243 0.0693157
0.0350215 0.0689239 0.0677526
0.0354216 0.0684485 0.0694994
-0.0696083  0.0749454  0.0710696
-0.0699037  0.0713038  0.0647939
-0.0699947  0.0713451  0.0632496
-0.0700158  0.0798657  0.0600216
-0.068672 0.0654113 0.0620297
0.0356101 0.0795869 0.0693491
-0.0700946   0.070395  0.0590704
-0.0700705  0.0702095  0.0592059
-0.0701595  0.0777356   0.061186
-0.0700771  0.0740011  0.0643181
-0.070067 0.0737064 0.0644388
-0.0695524  0.0683857  0.0644071
0.0356939  0.081278 0.0691771
 0.034921 0.0810119 0.0688387
0.0354911 0.0798141 0.0695593
-0.070161 0.0734348 0.0624479
-0.0699468  0.0799697  0.0613023
0.0349431 0.0799635 0.0691026
-0.0699859  0.0728841  0.0650809
-0.0695294   0.068364  0.0648016
-0.0702705  0.0775087   0.058757
-0.0702924  0.0771589  0.0586778
0.0356184 0.0701455 0.0700505
0.0356363  0.070425 0.0696574
0.0349344 0.0699565  0.069446
-0.0701608  0.0718272  0.0606584
-0.0701958  0.0721928  0.0604161
-0.0699336  0.0782629  0.0647947
-0.0700117  0.0789852  0.0621802
-0.070084 0.0733283 0.0646782
-0.070137 0.0731993 0.0627744
0.0349455 0.0689086 0.0693337
0.0357504 0.0701367 0.0697913
0.0349364  0.069952 0.0694649
-0.0703414   0.076925  0.0584305
0.0358115  0.068655 0.0697313
-0.0697769  0.0801268  0.0641388
-0.0700316  0.0782948  0.0629574
-0.0699857   0.071187  0.0631658
-0.069985 0.0731677 0.0654007
-0.0691823   0.082893  0.0665253
-0.0685743  0.0832647  0.0673711
-0.0686964  0.0844729  0.0620278
-0.070023 0.0736021  0.064942
-0.0688213  0.0836312  0.0585835
-0.0699889  0.0726767  0.0644469
-0.070287 0.0739073 0.0598252
-0.0700905  0.0776487  0.0627386
-0.0685782  0.0667808  0.0677359
-0.0701258  0.0720378  0.0617245
-0.0691271   0.066662  0.0573712
-0.068845 0.0657475   0.05964
-0.0701412  0.0749428  0.0633293
-0.0698108  0.0797167  0.0644275
-0.0701162  0.0749436  0.0637851
-0.0701302   0.075234  0.0635274
-0.0701412  0.0749469  0.0633434
-0.0697539  0.0803913  0.0643291
-0.0700297  0.0791607  0.0614525
-0.0700897  0.0791905  0.0600196
-0.0701287  0.0788437  0.0598669
-0.070137 0.0734056 0.0629525
-0.070075 0.0733996 0.0636215
-0.0699998  0.0796685  0.0609344
-0.0700048  0.0797393  0.0606373
-0.0701319  0.0726728  0.0623799
 -0.07029 0.0740577 0.0598938
-0.0701603  0.0761131  0.0626625
-0.069729 0.0812296 0.0620763
-0.0700567  0.0787169  0.0617608
-0.0700485   0.077292  0.0636945
-0.0702575  0.0776523  0.0589113
-0.0700692  0.0751149  0.0640535
-0.0696223   0.074957  0.0710674
-0.0701026  0.0783677  0.0614146
-0.0701766  0.0779661  0.0605205
-0.0704781  0.0749395  0.0530337
-0.0691513  0.0749456  0.0715258
-0.0701656  0.0779457  0.0607634
-0.059977 0.0558619 0.0921258
-0.0599793  0.0749472  0.0730277
-0.0599762  0.0500061  0.0833676
-0.0599758  0.0479469  0.0730364
-0.059976 0.0499996 0.0627034
-0.0599766  0.0558489  0.0539418
-0.0599777   0.064607   0.048086
-0.059979 0.0749386 0.0460278
-0.0599804  0.0852715  0.0480795
-0.0599816  0.0940329  0.0539298
-0.0599824  0.0998886  0.0626873
-0.0599828   0.101947   0.073019
-0.0599826  0.0998951  0.0833519
-0.059982 0.0940449 0.0921138
-0.0599809  0.0852875  0.0979695
-0.0599796  0.0749559   0.100028
-0.0599782  0.0646227   0.097976
0.0350207 0.0749591 0.0730283
 0.035023 0.0558731 0.0921268
0.0350238 0.0500174 0.0833686
0.0350242 0.0479591  0.073037
 0.035024 0.0500109  0.062704
0.0350234 0.0558611 0.0539428
0.0350223 0.0646183  0.048087
 0.035021 0.0749504 0.0460288
0.0350196 0.0852834 0.0480805
0.0350184 0.0940451 0.0539308
0.0350176 0.0999009 0.0626878
0.0350172  0.101959 0.0730196
0.0350174 0.0999074 0.0833529
 0.035018 0.0940571 0.0921138
0.0350191 0.0852996 0.0979695
0.0350204 0.0749678  0.100029
0.0350218  0.064635  0.097976
0.0354832 0.0870719 0.0658371
0.0351479  0.081353 0.0676981
0.0360719 0.0815702 0.0679577
-0.0694887  0.0786899  0.0648672
-0.0698907  0.0786898  0.0648672
-0.0698757  0.0787261  0.0650601
-0.0695967  0.0789377  0.0625122
-0.0699987  0.0789377  0.0625122
-0.0699797  0.0791129  0.0625596
-0.0697284  0.0767693  0.0628388
-0.0697294  0.0769398  0.0626951
-0.0697564  0.0765199  0.0624992
0.0365063 0.0867781 0.0659583
0.0365072 0.0868601 0.0659234
0.0365579 0.0817231 0.0679043
0.0483935 0.0850971 0.0599017
-0.0696397  0.0715181  0.0626551
-0.0700227  0.0712814  0.0626394
-0.0700417   0.071518  0.0626551
-0.0696748  0.0720003  0.0626749
-0.0700768  0.0720002  0.0626749
-0.0696898  0.0722488  0.0626985
0.0663163 0.0734434 0.0360286
0.0661989 0.0761304 0.0360278
0.0678057 0.0782815 0.0360271
-0.0694056  0.0702608  0.0646088
-0.0698086  0.0702608  0.0646088
-0.0698056  0.0701537  0.0644548
0.0650027 0.0925218 0.0503476
 0.059654  0.089914 0.0531373
0.0537302 0.0956873 0.0530935
0.0363303 0.0941887 0.0617196
0.0632168 0.0915269 0.0512829
 0.063495 0.0896691 0.0517685
0.0611842 0.0884472 0.0529988
 0.064056 0.0901911 0.0514463
0.0650036 0.0850608 0.0523559
0.0492918 0.0833027 0.0599794
-0.0696638  0.0720592  0.0629663
-0.0700518  0.0718559  0.0629442
-0.0696508   0.071856  0.0629443
-0.0696952   0.074969  0.0641648
-0.0697163   0.075448  0.0637326
-0.0697363  0.0754138  0.0633414
-0.0695636  0.0706544  0.0625686
-0.0699666  0.0706543  0.0625686
-0.0695967  0.0710015   0.062604
-0.0696907  0.0791603  0.0600082
-0.0700727  0.0793062  0.0601324
-0.0696707  0.0793063  0.0601324
 0.042601 0.0811694 0.0642219
0.0365721   0.07968 0.0684286
-0.0694448  0.0795025  0.0642087
-0.0698478  0.0795024  0.0642087
-0.0694558  0.0793495  0.0643144
0.0365845 0.0769755 0.0688604
0.0357552 0.0794905 0.0684882
0.0365887  0.074958  0.068963
0.0365637 0.0749626 0.0689907
-0.0695404  0.0693002  0.0594669
-0.0699414  0.0693393  0.0596793
-0.0695374  0.0693394  0.0596793
0.0354847 0.0749579 0.0690373
0.0352872 0.0795378 0.0682513
-0.0697465  0.0773778  0.0618976
-0.0701475  0.0773778  0.0618976
-0.0701395  0.0775789  0.0618173
0.0632561 0.0583923 0.0526113
0.0649836   0.05445 0.0507386
0.0463889 0.0587375 0.0601533
0.0494232 0.0644429 0.0601672
-0.0696639  0.0723655  0.0633324
-0.0696559  0.0724563  0.0635932
-0.0696829  0.0724013  0.0630307
0.0707676  0.079023 0.0360269
0.0734858 0.0847508 0.0360251
0.0700211 0.0749516 0.0360282
0.0365196 0.0610193 0.0666163
0.0365776 0.0681885 0.0684863
-0.0695448  0.0801657  0.0607144
-0.0699408  0.0801657  0.0608851
-0.0699478  0.0801656  0.0607144
0.0354846 0.0610682 0.0666931
0.0366126  0.068177 0.0686796
0.0352096 0.0685307 0.0682952
0.0365236 0.0610473  0.066636
-0.0696326    0.07817  0.0630966
-0.0700346    0.07817  0.0630966
-0.0700166  0.0783008  0.0632466
 0.073982 0.0760092 0.0360279
 0.075021 0.0759522 0.0360279
0.0739772 0.0738932 0.0360285
-0.0404801  0.0841884  0.0380251
-0.0399801  0.0841878  0.0360251
-0.0379801  0.0841881  0.0360251
-0.0695967  0.0710015   0.062604
-0.0699987  0.0710014   0.062604
-0.0696207  0.0712815  0.0626394
-0.0696902  0.0747553  0.0642415
-0.0700902  0.0747553  0.0642415
-0.0696952  0.0749332  0.0641591
0.0356157 0.0749572 0.0691186
0.0354743 0.0704552 0.0686944
0.0365834 0.0702336   0.06874
0.0510598 0.0749562 0.0601484
0.0367274  0.070225 0.0690112
-0.0696997  0.0713108  0.0610469
-0.0700997  0.0711978  0.0608648
-0.0701017  0.0713107   0.061047
0.0365887 0.0749577 0.0689751
0.0650211 0.0660348 0.0532259
0.0635738 0.0602015 0.0528967
-0.0695804  0.0694258  0.0588801
-0.0699844  0.0694257  0.0588801
-0.0699644  0.0693391  0.0590894
-0.0696525  0.0774663  0.0636082
-0.0700545  0.0774662  0.0636082
-0.0700795  0.0774661  0.0631385
-0.0695258  0.0718028  0.0650677
-0.0699278  0.0718027  0.0650677
-0.0695328  0.0719677  0.0651544
-0.0695419   0.072509  0.0655435
-0.0695799  0.0725937  0.0650391
-0.0695498  0.0719326  0.0648438
-0.0697924  0.0763075  0.0618897
-0.0701894  0.0766653  0.0617208
-0.0701934  0.0763074  0.0618897
  -0.0693  0.081262 0.0624465
-0.0692251  0.0817771  0.0621766
 -0.06927 0.0815276 0.0621776
-0.0696065  0.0775205   0.064394
-0.0695976  0.0777641  0.0642535
-0.0695485  0.0775046  0.0638515
-0.0697406  0.0780922   0.061012
-0.0701186  0.0782599  0.0612664
-0.0701426  0.0780921   0.061012
-0.0696618  0.0721732  0.0631485
-0.0696726  0.0778308  0.0627959
-0.0700606  0.0780032  0.0628376
-0.0700746  0.0778308  0.0627959
0.0725223 0.0496971 0.0450571
0.0770056 0.0545074 0.0471217
 0.073756  0.051775 0.0472535
0.0797382 0.0576747 0.0471277
0.0690545 0.0478178 0.0452997
0.0661264 0.0479682 0.0477696
-0.0696997   0.071523  0.0613849
-0.0696777  0.0715678  0.0618939
-0.0696387  0.0715073  0.0626491
-0.0697934  0.0763075  0.0618897
-0.0701934  0.0763074  0.0618897
-0.0697933  0.0760019  0.0620466
-0.0696437  0.0713023  0.0622188
-0.0700217  0.0710762  0.0622842
-0.0696197  0.0710763  0.0622842
-0.0697963  0.0759107  0.0620745
-0.0697724  0.0763756  0.0623064
-0.0697734  0.0764865  0.0621804
-0.0694286  0.0705567  0.0647862
-0.0698316  0.0705566  0.0647862
-0.0698166  0.0703753  0.0647034
-0.0379777  0.0656888  0.0380309
-0.0399777  0.0656878  0.0360309
-0.0404777  0.0656885  0.0380309
-0.0697347  0.0793449  0.0584743
-0.0697187  0.0793758  0.0588362
-0.0696797  0.0796081  0.0590867
-0.0695997  0.0792955  0.0617345
-0.0695958  0.0796786  0.0609229
-0.0696437  0.0788529  0.0617089
-0.0695028  0.0714729    0.06502
-0.0699048  0.0714729    0.06502
-0.0695178  0.0716596  0.0650199
-0.0697903  0.0756345  0.0622601
-0.0697833  0.0758642  0.0624128
-0.0691534   0.068417  0.0643865
-0.0690673  0.0680566   0.064736
-0.0690723  0.0681991  0.0650317
0.0481533 0.0488606 0.0533691
0.0650933 0.0487332 0.0483994
-0.0696886  0.0705894  0.0597093
-0.0700906  0.0705894  0.0597093
-0.0700806  0.0704243  0.0595272
-0.069906  0.073881 0.0594346
-0.070298 0.0738811 0.0596558
-0.069897 0.0738811 0.0596558
 0.063894 0.0589233 0.0523831
-0.0695158  0.0795246  0.0628817
-0.0699188  0.0795245  0.0628817
-0.0698968  0.0796276  0.0630769
0.0640029 0.0595484 0.0525969
0.0508348 0.0749574 0.0602617
-0.0691251  0.0821197  0.0628441
-0.0695011  0.0822838  0.0628601
-0.0690931  0.0822838  0.0628601
-0.069903 0.0736423 0.0593566
 -0.07029 0.0734462 0.0595308
-0.070303 0.0736423 0.0593566
-0.0697017  0.0714063  0.0611857
-0.0701027  0.0714931  0.0613504
-0.0697017  0.0714932  0.0613504
0.0656519 0.0989081 0.0477696
-0.0694949  0.0802237  0.0616229
-0.0698979  0.0802236  0.0616229
-0.0695238  0.0800648  0.0614388
0.0638699  0.091098  0.051174
-0.0694558  0.0793495  0.0643144
-0.0698588  0.0793495  0.0643144
-0.0694727  0.0791384  0.0644006
-0.0693725  0.0696453  0.0638576
-0.0692664  0.0689912  0.0640659
-0.0692765    0.06916  0.0643294
-0.0695026   0.070252  0.0628731
-0.0699066  0.0702519  0.0628731
-0.0695246   0.070343  0.0626673
-0.0460754   0.102603  0.0320192
-0.0349828   0.104446  0.0409418
-0.0349825   0.103497  0.0320141
-0.0696028  0.0798674  0.0600126
-0.0394838   0.104486  0.0430497
-0.0438297   0.103582  0.0476229
-0.0346156   0.103441  0.0419541
-0.0248997   0.104316  0.0389619
-0.0346017   0.103593   0.042001
-0.0349825   0.103457  0.0320191
-0.0695849  0.0727068  0.0650534
-0.0699769  0.0724781  0.0650061
-0.0695749  0.0724781  0.0650061
-0.0151107    0.10443   0.040237
0.0075173  0.103223 0.0320186
-0.00798803    0.101941   0.0320198
-0.0441383   0.101576  0.0320196
-0.0411073   0.101927  0.0320195
-0.0696825  0.0775495   0.062969
-0.0700636  0.0778476  0.0629911
-0.0696616  0.0778477  0.0629911
0.0504327  0.101742 0.0320195
0.0500175  0.103148 0.0320191
0.0493481   0.10498 0.0461945
0.0500195  0.103371  0.031981
-0.0696616  0.0778477  0.0629911
-0.0700476  0.0780421  0.0630355
-0.0696456  0.0780422  0.0630355
-0.00312368    0.104902    0.047213
-0.0697427  0.0788147    0.05955
-0.0697696  0.0784006  0.0597556
-0.0697257  0.0788566  0.0598562
-0.00823191    0.104689    0.043236
0.0545756  0.102719 0.0320193
0.0500085  0.103176 0.0320161
0.0527067  0.101607 0.0320196
-0.0695669  0.0722651  0.0649314
-0.0699679  0.0722651  0.0649313
-0.0699568  0.0720442  0.0648763
-0.0694615  0.0699474  0.0629536
-0.0698276  0.0699476  0.0636441
-0.0694236  0.0699476  0.0636441
-0.0695418  0.0794703   0.062501
-0.0699448  0.0794703  0.0625009
-0.0695637  0.0793094  0.0624166
 -0.06976  0.073634 0.0625919
 -0.07016  0.073634 0.0625919
-0.069761 0.0734951 0.0624835
-0.0697428  0.0720753  0.0613938
-0.0701438  0.0720752  0.0613938
-0.0697568  0.0721533  0.0611986
-0.0698769  0.0732683  0.0596957
-0.0702779  0.0732683  0.0596957
 -0.06989 0.0734463 0.0595308
-0.069757 0.0733086 0.0624272
-0.070158 0.0733085 0.0624272
-0.0701459  0.0729783  0.0624091
0.0490752  0.104517 0.0478506
-0.0699019  0.0731298  0.0588793
-0.0702979  0.0729691  0.0588316
-0.0703029  0.0731297  0.0588793
-0.00406248    0.104117   0.0473162
-0.0696195  0.0774389  0.0642358
-0.0700205  0.0774388  0.0642358
-0.0700055  0.0775314  0.0644006
-0.0696008  0.0795867  0.0610247
-0.0699978  0.0796922  0.0608891
-0.0700038  0.0795866  0.0610247
-0.0697648  0.0719988  0.0616203
-0.0697548  0.0718141  0.0606664
-0.0694748  0.0796919   0.063186
-0.0694338  0.0796455  0.0640652
-0.0694368  0.0796881  0.0643256
-0.0700537  0.0794337  0.0602657
-0.0696517  0.0794337  0.0602657
0.0821655 0.0643033 0.0320316
0.0828636 0.0792134  0.032027
0.0835061  0.074952 0.0320283
0.0816908 0.0623952 0.0320362
0.0839241 0.0749839 0.0319643
0.0839943 0.0650315 0.0446464
 0.085015 0.0749662 0.0446243
-0.0429789  0.0749381   0.038028
-0.0454777  0.0656878  0.0380308
0.0832091 0.0660825 0.0470461
 0.084165 0.0749594 0.0469443
0.0829559 0.0836056 0.0446946
-0.069321  0.081372 0.0616547
-0.0696015  0.0695507  0.0587454
-0.0695535  0.0695336  0.0599296
-0.0695815  0.0697098  0.0598254
-0.0696985  0.0703111   0.058663
-0.0700405  0.0697903  0.0586632
-0.0696375  0.0697903  0.0586632
-0.0696926   0.070395  0.0590704
-0.0697156  0.0705161  0.0588171
-0.0696985  0.0703109   0.058663
0.0804819 0.0848137 0.0320282
 0.082365 0.0823541  0.047021
 0.078661 0.0902718 0.0447834
-0.069585 0.0731678 0.0654008
-0.069625 0.0735748 0.0649811
-0.069634 0.0733384 0.0646641
-0.0699278  0.0800648  0.0614388
0.0711206  0.070961 0.0360294
0.0726527 0.0780947 0.0360272
0.0729165 0.0720554 0.0360291
0.0744709 0.0922933 0.0320238
0.0783852 0.0890386 0.0471518
 0.069586 0.0984147 0.0449668
-0.0689463  0.0676825  0.0654944
-0.0693553  0.0676824  0.0654944
-0.0689743  0.0677778  0.0653555
-0.0696796  0.0706939   0.060187
-0.0700816  0.0706938   0.060187
-0.0696866  0.0708589  0.0604083
0.0742816 0.0935731 0.0472693
0.0676812 0.0974564 0.0320211
-0.0691781  0.0820617  0.0620747
-0.0695481  0.0822611  0.0620747
-0.0695851  0.0820616  0.0620747
-0.0695837  0.0711869  0.0631658
-0.0695587   0.071087  0.0634649
-0.0695667  0.0711847  0.0634855
0.0612258  0.100853 0.0320189
0.0591023  0.103525 0.0453591
-0.0697713  0.0756717  0.0626387
-0.0701643  0.0755189  0.0628116
-0.0697643  0.0755189  0.0628116
-0.0697143  0.0757815  0.0636737
-0.0697403  0.0760639  0.0630767
-0.0697323  0.0756813  0.0633647
-0.0697978  0.0724441  0.0606769
-0.0698018  0.0722924  0.0603314
-0.0691114  0.0685629  0.0654142
-0.0691204  0.0683683  0.0648044
0.0555598  0.101112 0.0320198
0.0590097  0.101578 0.0320197
0.0632999 0.0998569 0.0320203
0.0633412 0.0976489 0.0320209
 0.069586 0.0918567 0.0320228
0.0722417  0.094163 0.0320221
0.0736239 0.0843556 0.0320252
0.0761911 0.0904255 0.0320234
0.0776736 0.0557477 0.0320353
0.0790796 0.0868619 0.0320245
 0.074327 0.0525673 0.0320363
0.0750213  0.073951 0.0320285
 0.075021 0.0759509 0.0320279
0.0803141  0.059678 0.0320341
0.0812721 0.0832368 0.0320257
0.0611357 0.0471026 0.0320378
0.0486859 0.0448695 0.0465054
0.0500248 0.0461561  0.032038
-0.0698719    0.07319  0.0597694
-0.069912 0.0734766 0.0590042
-0.0698649  0.0729664   0.059675
0.0589714 0.0499273 0.0320369
0.0263708 0.0449908 0.0470301
0.0500208 0.0461461  0.032037
0.00752444  0.0461677  0.0320376
-0.0694016  0.0701538  0.0644548
0.0490246  0.047948 0.0320374
-0.0348352  0.0462022  0.0320371
-0.0697928  0.0721915  0.0604255
-0.0701768  0.0720006  0.0605513
-0.0697748  0.0720006  0.0605513
-0.0691391  0.0820517  0.0628315
-0.0690841  0.0823456  0.0628127
-0.0691691  0.0821086  0.0620646
0.0620717  0.045897 0.0456502
-0.0698195  0.0779135  0.0601458
-0.0697995  0.0774941  0.0606036
-0.0697495  0.0777084  0.0608898
-0.0701045  0.0774624  0.0626624
-0.0697035  0.0774625  0.0626624
-0.0694108  0.0795111  0.0647581
-0.0698138   0.079511  0.0647581
-0.0697888  0.0796518  0.0649149
-0.0694398  0.0796085  0.0640834
-0.0698418  0.0796946  0.0639277
-0.0698428  0.0796084  0.0640834
-0.0693898   0.079917  0.0642987
-0.0694858   0.079788  0.0628677
0.0583327 0.0461822 0.0480181
0.0501038 0.0451821 0.0476813
0.0704013 0.0501198  0.032037
-0.0694946  0.0700349   0.062536
-0.0698986  0.0700348   0.062536
-0.0698805  0.0699738  0.0627236
-0.0696045  0.0775314  0.0644006
-0.0699159  0.0731269  0.0584959
-0.0698969  0.0729433  0.0588167
-0.0699109  0.0733828  0.0588917
0.0763848 0.0542035 0.0320368
0.0795744 0.0560889 0.0447132
-0.0696906  0.0778289  0.0624484
-0.0700926  0.0778289  0.0624484
-0.0697005  0.0776031  0.0625456
-0.0696967  0.0715755  0.0615803
-0.0700987  0.0715755  0.0615803
-0.0700867  0.0715756  0.0618369
-0.0693295  0.0693748   0.063948
-0.0697345  0.0693748   0.063948
-0.0696985  0.0691492  0.0640131
-0.0696416  0.0781923  0.0629014
-0.0700436  0.0781923  0.0629014
-0.0696586  0.0780032  0.0628376
-0.0701943  0.0760018  0.0620466
-0.0689142  0.0674132  0.0651603
-0.0692852  0.0672874  0.0653339
-0.0688762  0.0672873  0.0653339
0.0738682 0.0662912 0.0360309
0.0730435 0.0640031 0.0320316
0.0674076 0.0555654 0.0320352
-0.00217616   0.0449461   0.0470398
-0.00740593   0.0450543   0.0433037
-0.0144591  0.0452205  0.0403506
-0.0696228   0.079655   0.059338
-0.00307939   0.0459012   0.0476145
-0.0694907  0.0713515  0.0650461
-0.0698747  0.0711865  0.0650983
-0.0698927  0.0713514  0.0650461
0.0486978 0.0451159 0.0475833
-0.0696586  0.0782366  0.0624957
-0.0700107  0.0788321  0.0624956
-0.0696087  0.0788321  0.0624956
-0.069731 0.0734241 0.0630136
-0.070132  0.073424 0.0630136
-0.070108 0.0734242 0.0634598
-0.0697402  0.0749444  0.0633412
-0.0697622   0.075161  0.0629194
-0.0697602  0.0749526  0.0629808
-0.0698099  0.0725526  0.0605253
-0.0701858  0.0723444  0.0608462
-0.0702109  0.0725525  0.0605253
-0.0696377   0.071257  0.0622584
-0.0696992  0.0750807  0.0640766
-0.0701002  0.0750807  0.0640766
-0.0697052  0.0752152   0.063968
-0.0349751   0.045345  0.0407844
-0.0349752  0.0461842  0.0320341
-0.0241171  0.0454308  0.0389485
-0.0144411  0.0452675  0.0403256
-0.0402592   0.045387  0.0430593
-0.0349752  0.0462132  0.0320371
-0.0349751   0.045313  0.0407814
-0.0460183  0.0458295  0.0470431
-0.0460253  0.0471428  0.0320367
-0.0696465  0.0701768  0.0596228
-0.0700375  0.0700292  0.0594796
-0.0700495  0.0701768  0.0596228
-0.0409754  0.0479364  0.0320365
-0.0699139  0.0730949  0.0585019
-0.0703149  0.0730949  0.0585019
-0.0703059  0.0729256  0.0585626
-0.0346173  0.0463073  0.0418831
-0.0695767   0.079113  0.0625596
-0.0697515  0.0772288  0.0619734
-0.0238773  0.0463732  0.0401502
-0.0699019   0.072879  0.0585997
-0.0693869  0.0800621  0.0640298
-0.0697909  0.0800621  0.0640298
-0.0694068  0.0799736  0.0638851
-0.0697275  0.0778121  0.0617208
-0.0701036  0.0781739  0.0617207
-0.0697026   0.078174  0.0617207
0.0304724 0.0478913 0.0563931
0.0250824 0.0474966 0.0563395
-0.0696087  0.0789883  0.0622057
-0.0696167   0.079059  0.0618566
0.0178315 0.0471447   0.05646
0.0250824 0.0474226 0.0563747
0.00748868  0.0469196  0.0572599
0.00758775  0.0478499  0.0581772
-0.0701037  0.0714063  0.0611857
-0.0698969  0.0729691  0.0588316
-0.0697218   0.072263  0.0620791
-0.069738  0.073172 0.0627607
-0.0697087  0.0790113  0.0599214
-0.0700927  0.0791603  0.0600081
-0.0696977  0.0711978  0.0608648
0.0310412 0.0489076 0.0572501
0.0300282 0.0487635 0.0570827
0.0301014 0.0478282 0.0563773
0.0313343 0.0479925 0.0565394
0.0381295  0.046927 0.0524396
0.0313333 0.0480074 0.0565312
-0.0697055  0.0775876  0.0625294
-0.0696107   0.079421  0.0612056
-0.0700137   0.079421  0.0612056
0.0388056  0.046577 0.0521908
0.0338292 0.0489202 0.0577634
-0.0696858  0.0800111  0.0588161
-0.0695559  0.0807718  0.0584041
-0.0694727  0.0791384  0.0644006
-0.0698757  0.0791383  0.0644006
-0.0695037  0.0787936  0.0644479
 -0.06958 0.0730796 0.0654321
 -0.06997  0.072919 0.0654884
-0.069981 0.0730795 0.0654321
-0.0697439  0.0729784  0.0624091
-0.0701449  0.0729783  0.0624091
-0.0701359  0.0727527  0.0623918
-0.0697848  0.0723445  0.0608462
-0.0696588  0.0717626   0.062655
-0.0700608  0.0717625   0.062655
-0.0693586  0.0699818  0.0647959
-0.0694077  0.0706345  0.0652462
-0.0694066  0.0702945  0.0646474
0.00175521  0.0456469  0.0509767
0.0058877 0.0467642 0.0567369
-0.0693578   0.079803  0.0650815
0.00647809  0.0468584   0.057112
0.00546214   0.046553  0.0562945
-0.0696927  0.0710108  0.0605947
-0.0700886  0.0708588  0.0604083
-0.0700947  0.0710108  0.0605947
 -0.00261 0.0459604 0.0479165
-0.0698645  0.0777908  0.0583972
-0.0702535  0.0779603  0.0584252
-0.0702665  0.0777908  0.0583973
0.0045861  0.047604 0.0566058
0.00551612   0.046666   0.056261
0.00624168  0.0469204   0.056966
0.00563936  0.0477586  0.0578818
0.00759575  0.0478839  0.0580897
0.0362977 0.0528977 0.0618051
0.0363975 0.0541601 0.0627879
-0.069313 0.0811858 0.0624289
-0.069682 0.0813858 0.0625033
-0.069276 0.0813859 0.0625034
-0.0695218   0.079591  0.0626173
-0.0699048  0.0797077  0.0627541
-0.0699258  0.0795909  0.0626173
0.0348681 0.0496836  0.058869
0.0362577 0.0528137 0.0616499
0.0363745 0.0540581 0.0629182
-0.0692935  0.0691493  0.0640131
-0.0699021  0.0741876  0.0597029
-0.0699191  0.0742198  0.0592678
-0.069933 0.0740655 0.0588096
-0.0697102  0.0753328  0.0638499
-0.0701052  0.0752152   0.063968
-0.0701112  0.0753327  0.0638499
-0.0694029  0.0807481  0.0619798
-0.0698079   0.080748  0.0619797
-0.0694329  0.0805753  0.0618919
0.0357719 0.0511902 0.0601915
0.0357869 0.0512172 0.0602071
-0.0697031  0.0744134  0.0639728
-0.0696771  0.0740218  0.0643134
-0.0696862  0.0746161  0.0642828
-0.0690372  0.0827026  0.0623163
-0.0694462  0.0827025  0.0623163
-0.0690792  0.0825348  0.0621871
-0.0696095  0.0698233  0.0594503
0.0348691 0.0497946 0.0587883
-0.0692574  0.0689453  0.0640912
-0.0696184  0.0687067  0.0642128
-0.0692124  0.0687067  0.0642128
0.0654584 0.0483031 0.0479635
0.0585667 0.0463183 0.0479621
-0.0692074  0.0687977  0.0645343
-0.0695674  0.0685677  0.0646647
-0.0696124  0.0687977  0.0645343
0.0733938 0.0771011 0.0360275
-0.0694938  0.0796276  0.0630769
-0.0698798  0.0796944   0.063249
-0.0694768  0.0796945   0.063249
-0.0693876  0.0703744  0.0651117
-0.0697816  0.0702354  0.0650161
-0.0697916  0.0703743  0.0651117
-0.0695378  0.0793965  0.0627317
0.0681055 0.0714408 0.0360292
-0.0695865  0.0697343  0.0597617
-0.0699905  0.0697342  0.0597617
-0.0695985  0.0697689  0.0595882
-0.0696986  0.0707586  0.0598915
-0.0701006  0.0707586  0.0598915
-0.0697279  0.0725662  0.0623181
-0.0701289  0.0725661  0.0623181
-0.0701248  0.0723491  0.0621577
 -0.06969 0.0737345 0.0639592
-0.070131 0.0737557 0.0632173
-0.069731 0.0737557 0.0632174
-0.0696886   0.078331  0.0617488
-0.0696597  0.0786775  0.0617409
-0.0697406  0.0780934  0.0610421
-0.0699211   0.074206  0.0591998
-0.0703211   0.074206  0.0591998
-0.069929 0.0741365 0.0589526
0.0354346 0.0924179 0.0626967
0.0362673 0.0944807  0.061503
 0.035712 0.0968081 0.0599894
0.0364495 0.0925281 0.0628618
-0.0696365  0.0697903  0.0586632
-0.0700014  0.0695212  0.0587848
-0.0695974  0.0695213  0.0587848
 0.035696 0.0968171 0.0599592
0.0427956  0.101048 0.0535207
-0.0697257  0.0712818  0.0604075
-0.0696675  0.0701961  0.0592266
-0.0696856  0.0707972  0.0603121
-0.069597 0.0729514 0.0650478
0.0346528 0.0989685 0.0586221
-0.0695718  0.0799728  0.0612918
-0.0695378   0.080196  0.0607737
-0.0696078  0.0798424  0.0602622
0.0364426 0.0925111 0.0628283
0.0322155  0.101015 0.0569033
0.0382323  0.102736 0.0522211
0.0309185  0.101424 0.0564895
0.0208181  0.104841 0.0474402
0.0309485  0.101464 0.0564657
0.0381913  0.102809 0.0523061
0.0334796   0.10024 0.0575987
0.0309265   0.10147 0.0565541
-0.0697172  0.0749285  0.0638042
-0.0695488  0.0797371  0.0617483
-0.0696048  0.0797303  0.0606157
-0.069371  0.080938 0.0620627
-0.069738 0.0811549 0.0621493
-0.069776  0.080938 0.0620627
0.0335016  0.100193 0.0575946
-0.0696908  0.0722488  0.0626985
-0.0700918  0.0722487  0.0626985
-0.0697089  0.0725722  0.0627142
-0.0697339  0.0727528  0.0623918
-0.0696624  0.0689452  0.0640912
-0.0690632  0.0825463   0.062439
-0.0690222  0.0827574  0.0623896
-0.0691061  0.0824179  0.0621126
0.0346358 0.0989195 0.0585466
-0.069569 0.0729191 0.0654884
-0.0699589  0.0727497  0.0655276
0.0571364  0.102664 0.0479953
0.0610626  0.101111 0.0479368
-0.0699348  0.0719676  0.0651544
-0.0693823  0.0677778  0.0653555
-0.0697675  0.0777396  0.0609516
-0.0701695  0.0777396  0.0609516
-0.0701595  0.0777396  0.0611646
-0.0697955  0.0776831  0.0603928
-0.0701965  0.0776831  0.0603928
-0.0697975  0.0775384  0.0605539
-0.0695327  0.0784496  0.0644871
-0.0699067  0.0787935  0.0644479
-0.0699347  0.0784495  0.0644871
-0.0695729    0.08068  0.0583722
-0.0699769    0.08068  0.0583722
-0.0701257  0.0794328  0.0584208
-0.0696378   0.080038  0.0588302
-0.0700418  0.0800379  0.0588302
-0.0700178   0.080253  0.0587433
-0.0694768  0.0798204   0.062963
-0.0698808  0.0798203   0.062963
-0.0695018  0.0797077  0.0627541
-0.0701578  0.0721533  0.0611986
-0.0693926  0.0699351  0.0641342
-0.0699198  0.0716596  0.0650199
-0.0699276  0.0703429  0.0626673
-0.0695516   0.070408  0.0622844
-0.0699316  0.0702256  0.0623279
-0.0695286  0.0702257  0.0623279
0.0250914  0.102006 0.0564175
0.0300196  0.100632 0.0570566
0.0300975  0.101528 0.0564205
0.0250874  0.101954 0.0563749
-0.069277  0.081505 0.0621005
-0.069683 0.0815049 0.0621005
 -0.06929 0.0815049 0.0618336
0.0161343  0.102485 0.0565675
0.00593659    0.10187  0.0583891
0.0250185  0.101039 0.0570591
0.00583489   0.102789  0.0574699
0.00477598   0.102872  0.0573115
0.00593249   0.101875  0.0583696
0.0046006  0.102735   0.05714
0.00410406   0.103005  0.0568676
-0.0696756  0.0785553  0.0616209
-0.0700607  0.0786887  0.0617417
-0.0700776  0.0785552  0.0616209
-0.069756 0.0737296 0.0627177
-0.070147 0.0737556 0.0629216
-0.070157 0.0737295 0.0627177
0.00390019   0.101961  0.0579777
-0.0694958  0.0713978  0.0650264
-0.0695017  0.0713041  0.0647939
-0.0694467  0.0707729  0.0648575
0.00378166   0.103115   0.056364
0.00039377   0.104221  0.0510332
-0.0695616  0.0781064  0.0644653
-0.0699636  0.0781063  0.0644652
0.00278307   0.102173  0.0566377
0.00374435   0.103173  0.0563827
-0.069735  0.073207 0.0627849
-0.0701299  0.0730256  0.0627495
-0.070136  0.073207 0.0627849
-0.00351621    0.104342   0.0478021
-0.070091 0.0737344 0.0639592
-0.0690037  0.0650396  0.0470718
-0.0699851  0.0749394  0.0524367
-0.069976 0.0749376 0.0470277
-0.0700298  0.0795861   0.060437
-0.0699148   0.072453  0.0527645
-0.0698479  0.0727519  0.0598606
-0.0702329  0.0725827  0.0600472
-0.0698319  0.0725827  0.0600472
0.0349951 0.0571717 0.0620288
0.0353131 0.0574246 0.0616512
0.0351174  0.054933 0.0599401
-0.0698046  0.0788799  0.0532844
-0.0699941  0.0749394  0.0524357
-0.0693379  0.0799984  0.0650044
-0.0689063  0.0851241  0.0470235
-0.0697106  0.0709715  0.0601041
-0.0701126  0.0709714  0.0601041
-0.0696956  0.0784059  0.0614588
-0.0700976  0.0784058  0.0614588
-0.0690312  0.0832854  0.0573133
-0.0687123  0.0842141  0.0596331
-0.069403 0.0817095 0.0552338
-0.0647834  0.0927537  0.0583714
-0.0634036  0.0953213  0.0470193
-0.0659472  0.0908251  0.0601791
-0.066629 0.0893437 0.0624815
-0.0697152  0.0749241   0.063794
-0.0701162   0.074924   0.063794
-0.0701112  0.0747765  0.0638721
-0.0685094  0.0845159  0.0620191
-0.069904 0.0734205 0.0591178
-0.0702949   0.073294  0.0592835
-0.0698939  0.0732941  0.0592835
-0.0578722  0.0991358  0.0561082
-0.0546964   0.101579  0.0470985
-0.0692875  0.0692324  0.0643124
-0.0696644  0.0690666  0.0643782
-0.0696925  0.0692324  0.0643124
-0.060674 0.0971246 0.0563915
-0.0629557  0.0950215   0.057074
-0.0695436   0.070477  0.0625885
-0.0699466  0.0704769  0.0625885
-0.0695636  0.0706544  0.0625686
0.0734854 0.0729522 0.0360288
-0.0521275   0.101538  0.0558453
-0.0513776   0.101853  0.0550956
-0.0531765   0.101155  0.0561213
-0.0694437  0.0707303  0.0648334
-0.0694286  0.0705567  0.0647862
-0.0485467   0.103066   0.050939
-0.0451178   0.104163  0.0473187
-0.0446998   0.104383  0.0467137
-0.0502495   0.101281  0.0555819
-0.0698678  0.0797167  0.0634186
-0.0442227    0.10323    0.04802
-0.0446248   0.104431  0.0467597
-0.0451208   0.104166  0.0473157
-0.0442917   0.103349   0.047971
-0.0530795   0.100954  0.0568696
-0.0502344   0.100899   0.055434
-0.0697583  0.0761373  0.0626455
-0.0695424  0.0694306  0.0598442
-0.0699464  0.0694306  0.0598442
-0.0565153   0.099844  0.0561565
-0.0528514   0.100257   0.057109
-0.0531605   0.101117  0.0560773
-0.0696408  0.0718299  0.0630783
-0.0696556  0.0703027  0.0597571
-0.0700576  0.0703026  0.0597571
-0.0631277  0.0950495  0.0571683
-0.0584732  0.0986628  0.0561537
-0.0565193   0.099851  0.0561599
-0.0697884  0.0766654  0.0617208
-0.0698555  0.0774976  0.0591812
-0.0702535   0.077377  0.0594191
-0.0698525   0.077377  0.0594191
-0.0695257  0.0710363  0.0639472
-0.0694917  0.0707451  0.0640517
-0.0694877  0.0709664   0.064503
-0.0693946   0.069944  0.0641431
-0.0697986  0.0699439  0.0641431
-0.0697706  0.0699441  0.0646121
-0.0696576  0.0783963  0.0622674
-0.0696636  0.0781638  0.0625051
-0.0696037  0.0788715  0.0624977
-0.0648214  0.0927647  0.0583923
-0.0666921  0.0894457  0.0624567
-0.0673235  0.0841559  0.0753048
-0.0657681  0.0899649   0.062856
-0.066581 0.0892937 0.0624053
-0.0684504  0.0843683  0.0637003
-0.0674317  0.0864205  0.0685406
-0.0686384  0.0839173  0.0657376
-0.0686324  0.0845518  0.0620405
-0.0684823  0.0836925  0.0659152
-0.0695226  0.0701667  0.0623422
-0.0695336  0.0704144  0.0625849
-0.0698485  0.0780138  0.0592639
-0.0698245  0.0780624  0.0590167
-0.0698375  0.0780971  0.0584484
-0.0696872  0.0745991  0.0642806
-0.0700841  0.0744254  0.0643067
-0.0700872   0.074599  0.0642806
-0.069718 0.0811857 0.0624289
-0.0694247   0.070778  0.0652242
-0.0698107  0.0706087  0.0652243
-0.0698277   0.070778  0.0652242
-0.0695536  0.0778899  0.0645709
-0.0695316  0.0778727  0.0651036
-0.0695116  0.0780525  0.0653399
-0.069495 0.0816551  0.055307
-0.0699596  0.0787732  0.0531635
-0.0692372  0.0833613  0.0572836
-0.0697349  0.0727528  0.0623918
-0.0691684  0.0684898  0.0643386
-0.0695293  0.0682851  0.0644998
-0.0691223  0.0682851  0.0644998
-0.0687421  0.0813143  0.0691853
-0.068019 0.0799246 0.0787261
-0.0677834   0.083347  0.0749301
-0.0668475  0.0840746  0.0752648
-0.0670791  0.0803779   0.079566
-0.0681714  0.0749485  0.0801477
-0.0690593  0.0749456  0.0716169
-0.0681964  0.0749485  0.0801517
-0.0689976   0.077839   0.071168
-0.0688979  0.0795382  0.0704414
-0.0697297  0.0793364  0.0585374
-0.0701317  0.0793363  0.0585374
-0.0701217  0.0793525  0.0587665
-0.0689879  0.0718576   0.071106
-0.0690863   0.074946  0.0716197
-0.0688817   0.070155  0.0703327
-0.0680177  0.0699709  0.0787293
-0.0671844  0.0749755  0.0810167
-0.0671574  0.0749059  0.0809537
-0.0700726  0.0705288  0.0600048
-0.0689327  0.0707653  0.0704792
-0.0692063  0.0749227  0.0717229
-0.0690017   0.078106  0.0709177
-0.0692663  0.0749676  0.0716816
-0.0696786   0.078038   0.062408
-0.0700796  0.0780379   0.062408
-0.0688861  0.0813912  0.0692777
-0.0379777  0.0656881  0.0360309
-0.0690083  0.0677776   0.064821
-0.0694163  0.0677776   0.064821
-0.0693803    0.06763  0.0649391
-0.0695419  0.0724244  0.0654886
-0.0699399  0.0722749   0.065401
-0.0699439  0.0724243  0.0654886
-0.0699067  0.0787935  0.0644479
-0.069615 0.0734836  0.065101
-0.070002 0.0733399 0.0652498
-0.070016 0.0734835  0.065101
-0.0446618   0.104247  0.0467127
-0.0697112  0.0747766  0.0638721
-0.0695937  0.0713432  0.0632492
-0.0697583  0.0759572  0.0627674
-0.0701593  0.0759571  0.0627674
-0.0697603   0.076114  0.0626667
-0.0569999  0.0989354  0.0320233
-0.0697705  0.0779367  0.0605863
-0.0701715  0.0779367  0.0605863
-0.0701696  0.0780453  0.0604621
-0.0640831  0.0925555  0.0320202
-0.0700217  0.0710762  0.0622842
-0.0699556  0.0704079  0.0622844
-0.0672412   0.085592  0.0320244
-0.0686669   0.074933  0.0320277
-0.0668513  0.0624721  0.0320296
-0.0695658  0.0800402  0.0605838
-0.0672495    0.06424  0.0320311
-0.0653529  0.0596153  0.0320325
-0.0653508  0.0902023  0.0320229
-0.0626763  0.0941086  0.0320217
-0.0626644  0.0556936  0.0320338
-0.0593027  0.0972601  0.0320208
 -0.05927 0.0525271 0.0320348
-0.055357 0.0996716   0.03202
-0.0497329  0.0988633  0.0320204
-0.0552987  0.0501006  0.0320357
-0.0549805  0.0879346  0.0320237
-0.0536013  0.0939968  0.0320218
-0.0685519  0.0653951  0.0613272
-0.0690291  0.0665968  0.0573187
-0.0694717  0.0707179  0.0643575
-0.0695286  0.0782232   0.064861
-0.0695217  0.0784202  0.0646818
-0.0695596  0.0781942  0.0645009
-0.0696244  0.0694924  0.0541364
-0.0697292  0.0752396  0.0635351
-0.0697162  0.0749462  0.0637801
-0.068449 0.0655179 0.0637033
-0.0696227  0.0792326  0.0613864
-0.0700247  0.0792325  0.0613864
-0.0696347  0.0790367  0.0615523
-0.0702489  0.0727518  0.0598606
-0.0689441  0.0666582  0.0573295
-0.0686699  0.0653601  0.0612892
-0.068861  0.065868 0.0592168
-0.0697197  0.0793525  0.0587665
-0.0666223  0.0605477  0.0624964
-0.0674288  0.0634695  0.0685477
-0.0677812  0.0665467  0.0749353
-0.0684681  0.0660624  0.0656053
-0.0686231  0.0660898  0.0658928
-0.0694308  0.0793849  0.0646413
-0.069935 0.0738154 0.0586014
-0.070334 0.0740279 0.0587705
-0.070335 0.0738153 0.0586014
-0.066939 0.0595978 0.0468825
-0.0666173  0.0604617   0.062472
-0.0660241  0.0592181  0.0603851
-0.0696008  0.0796331  0.0596246
-0.0696737  0.0794155  0.0597695
-0.0699759  0.0724781  0.0650061
-0.0650329  0.0575097  0.0586776
-0.0697926  0.0781567   0.059623
-0.0697865  0.0779289  0.0605681
-0.0650749  0.0574847  0.0586963
-0.0666823  0.0604537  0.0624596
-0.0611881  0.0522536  0.0471029
-0.0636216  0.0556165   0.057445
-0.0620294  0.0539355  0.0567311
-0.0620884  0.0538925  0.0567564
-0.0590371  0.0515827  0.0562063
-0.0479801  0.0841875   0.038025
-0.0454801  0.0841878   0.038025
-0.0695308  0.0798521  0.0618307
-0.0699098  0.0800141  0.0619403
-0.0695058  0.0800142  0.0619403
-0.0549468  0.0493832  0.0561234
-0.069758 0.0737456  0.062725
-0.069654 0.0736962 0.0644469
-0.0690263  0.0679643  0.0650951
-0.0694043  0.0678471  0.0652252
-0.0694343  0.0679643  0.0650951
-0.0696227  0.0792326  0.0613864
-0.0554166  0.0486623  0.0469571
-0.056043 0.0509604 0.0571602
-0.0592001  0.0515697  0.0562597
-0.0564689   0.050117  0.0561262
-0.0696751  0.0739735  0.0643243
-0.0700691  0.0738087  0.0643722
-0.0700761  0.0739735  0.0643243
-0.0697522  0.0752542  0.0630861
-0.0701442   0.075341  0.0632466
-0.0701532  0.0752541  0.0630861
-0.0539478  0.0489893  0.0558883
-0.0548219  0.0496435  0.0569042
-0.0549428  0.0494172  0.0561321
-0.0697605  0.0775468  0.0613787
-0.0701585  0.0776915  0.0612501
-0.0701615  0.0775467  0.0613787
-0.0479777  0.0656869  0.0360308
-0.0479777  0.0656875  0.0380308
-0.0531897  0.0486341   0.055193
-0.0503205  0.0473063  0.0513316
-0.0520238  0.0492095   0.055748
-0.0520068  0.0495654  0.0555915
-0.0454214  0.0467319  0.0480018
-0.0695526   0.070408  0.0622844
-0.0694648  0.0797167  0.0634186
-0.0698428  0.0797168  0.0638638
-0.0694398  0.0797169  0.0638638
-0.0698926  0.0702126  0.0630467
-0.0698109  0.0725526  0.0605253
-0.0702119  0.0725525  0.0605253
-0.0702439  0.0728779   0.060134
-0.0530909  0.0499136  0.0566546
-0.069322 0.0812549 0.0621319
-0.069761 0.0734347 0.0624481
-0.0697309  0.0726729  0.0623799
-0.0694789  0.0801783  0.0620496
-0.0698449  0.0804132   0.062188
-0.0694409  0.0804133   0.062188
-0.0687404  0.0685756  0.0691894
-0.0698629  0.0730905  0.0598867
-0.0702439  0.0728779   0.060134
-0.0702629  0.0730904  0.0598867
-0.0697425  0.0777329   0.061188
-0.0697685  0.0773498  0.0614671
-0.0701894  0.0766653  0.0617208
-0.0697884  0.0766654  0.0617208
-0.0689474  0.0685182  0.0692496
-0.0696676  0.0785195  0.0619635
-0.0694775  0.0699738  0.0627236
-0.0698655  0.0699473  0.0629535
-0.0670747  0.0694536  0.0795374
-0.0668262  0.0658607  0.0752426
-0.0668701  0.0657393  0.0753266
-0.0613092  0.0541018  0.0320343
-0.0695604  0.0693392  0.0590894
-0.0699514  0.0693001  0.0592847
-0.0697516    0.07844  0.0601327
-0.0701536  0.0784399  0.0601327
-0.0701436  0.0786107  0.0600146
0.0743592  0.081903  0.036026
-0.0697585  0.0777397  0.0611646
-0.0697416  0.0786107  0.0600146
-0.0701356  0.0787505  0.0599215
-0.0697336  0.0787505  0.0599215
-0.069251 0.0815082 0.0625773
-0.069657 0.0815082 0.0625773
-0.0695991  0.0818043  0.0627123
-0.0349671   0.045287  0.0408084
-0.0402742   0.045392  0.0430623
-0.0479736  0.0498105  0.0320358
-0.0531013  0.0549369  0.0320342
-0.0549772  0.0619346  0.0320319
-0.0697295  0.0777821  0.0617277
-0.0701618  0.0718531  0.0606468
-0.0697608  0.0718531  0.0606468
-0.0695987  0.0792955  0.0617345
-0.0699628  0.0796527  0.0617344
-0.0695598  0.0796527  0.0617344
-0.0240393   0.101306  0.0395679
-0.0349784   0.101486  0.0416167
-0.0349842   0.100942  0.0360189
0.00793896   0.100894  0.0360193
-0.0696068  0.0798431  0.0602194
-0.0699938  0.0799099  0.0603919
-0.0700098  0.0798431  0.0602194
-0.0694286  0.0701614  0.0640211
-0.0698316  0.0701614  0.0640211
-0.0694536  0.0701969  0.0636506
-0.0694726  0.0701968  0.0633147
-0.0698756  0.0701968  0.0633147
-0.0694886  0.0702126  0.0630467
-0.0379824   0.101365  0.0410197
-0.0349754   0.101449  0.0416197
-0.0404524   0.101513  0.0444156
-0.0349862   0.100946  0.0360189
-0.0347834   0.101947  0.0420845
-0.0695368  0.0801657  0.0608851
-0.0130844    0.10152  0.0415829
-0.0697753  0.0758084   0.062494
-0.0701713  0.0756716  0.0626387
-0.0235754   0.101778  0.0400257
-0.0130754   0.101499  0.0416029
-0.00415989    0.101945   0.0468699
-0.0700247  0.0792325  0.0613864
-0.0697164  0.0762692  0.0634127
-0.0697234   0.076482  0.0631679
-0.069342 0.0810991 0.0621384
-0.069903 0.0736577 0.0593467
-0.069933 0.0736948 0.0585395
-0.00415289    0.101934   0.0468709
-0.00443776    0.102447   0.0472037
-5.36545e-05     0.101148    0.0510182
-0.00443104    0.102262   0.0472178
-0.00409049    0.101958   0.0468359
-0.0691624  0.0686851  0.0649553
-0.0690843    0.06816  0.0651765
-0.0694483  0.0679294  0.0647689
-0.0690413  0.0679294   0.064769
-0.0696268  0.0795862   0.060437
8.74242e-06    0.101165   0.0510972
-0.00406169    0.101933   0.0468389
0.0206045  0.101935 0.0466991
0.0500218  0.100891 0.0360198
0.0487255  0.101902 0.0463815
0.0164827 0.0993086 0.0566123
0.0483405  0.101936 0.0463964
-0.0698052  0.0754658  0.0619837
-0.0698012  0.0752599   0.062121
-0.0697942  0.0753626  0.0622429
0.00375126   0.099928  0.0569449
-0.0696255  0.0772835  0.0632297
-0.0696865  0.0769769  0.0634796
-0.0696215   0.077281  0.0636921
0.00453477  0.0997753  0.0574576
0.00582869  0.0996705  0.0576317
-0.0697546  0.0780021  0.0608599
-0.0700295  0.0775498  0.0639562
0.0264218 0.0986438 0.0563259
0.0364717 0.0997427  0.051891
-0.0695226  0.0781591  0.0650483
-0.0699176  0.0781149  0.0652091
-0.0699246   0.078159  0.0650483
0.0500185  0.101932 0.0462045
-0.0698218   0.072483   0.060147
-0.0702228  0.0724829  0.0601469
-0.0702048  0.0722912  0.0603126
-0.0696199  0.0726791  0.0644456
-0.0696359  0.0727002  0.0641847
-0.0696339  0.0725291  0.0640466
-0.0700017  0.0792954  0.0617345
0.0552686  0.101415 0.0456297
0.0500185  0.101982 0.0461994
0.0500337  0.101041 0.0360217
0.0374847  0.100085 0.0514019
0.0483845  0.102076 0.0464674
0.0541466  0.101542 0.0457346
-0.0696305   0.069993  0.0594382
0.0504346  0.101743 0.0360195
0.0500178  0.100888 0.0360198
-0.0379802   0.100911  0.0360198
0.0526957   0.10161 0.0360196
0.0539668  0.100531 0.0360199
-0.0697374  0.0765584   0.062837
-0.070305 0.0734205 0.0591178
-0.00798808    0.101942   0.0360198
-0.0698525  0.0779603  0.0584252
-0.070329 0.0741364 0.0589526
-0.069346 0.0809829 0.0624097
-0.069751 0.0809829 0.0624098
-0.0697555  0.0770837  0.0620147
-0.0701505  0.0772484  0.0619664
-0.0697495  0.0772485  0.0619665
-0.0700395  0.0697903  0.0586632
-0.0696396   0.078115  0.0630514
-0.0696346  0.0782577  0.0629318
-0.0696895  0.0776448  0.0627416
-0.0690003  0.0677386  0.0648385
-0.0688752  0.0672779  0.0653259
-0.0689143  0.0675745  0.0656564
-0.0696127   0.079141  0.0617925
0.0750254 0.0882156  0.036024
0.0704788  0.092654 0.0360226
0.0751272 0.0889929 0.0399648
0.0749404 0.0884236  0.036023
0.0753512 0.0893155 0.0448867
-0.0695626  0.0779135  0.0646778
-0.0699486  0.0779136  0.0649392
-0.0695476  0.0779136  0.0649392
-0.0696716  0.0780419  0.0625402
-0.0700726  0.0780419  0.0625402
-0.0700606  0.0782366  0.0624957
-0.0700918  0.0722487  0.0626985
 0.070152  0.091098 0.0360231
0.0652134 0.0962914 0.0360214
-0.0700658  0.0720591  0.0629663
0.0752912 0.0893464 0.0448947
0.0671622 0.0964485 0.0450984
0.0685056 0.0943398  0.036019
0.0748684 0.0884836  0.036023
 0.059372 0.0991126 0.0360214
  0.06064 0.0992078 0.0360204
0.0615241 0.0981769 0.0360208
-0.0697238  0.0723491  0.0621577
0.0632531 0.0979961 0.0360328
-0.0691921  0.0818044  0.0627123
0.0578209 0.0995844 0.0360203
0.0555597  0.101113 0.0360198
-0.0697625  0.0775272  0.0613942
0.0449269 0.0987134 0.0507564
0.0581837  0.100531  0.045464
0.0620959 0.0990119 0.0452815
-0.0697166  0.0782599  0.0612664
0.0662592 0.0968054 0.0451352
0.0555257 0.0921567 0.0505556
0.0707536 0.0936449 0.0450073
0.0754112 0.0890914 0.0448228
-0.069746 0.0737557 0.0629217
-0.0696149  0.0722231  0.0640475
-0.0695928  0.0721029    0.06431
-0.0695899  0.0723186  0.0645803
 0.063554 0.0523891 0.0360362
0.0555485 0.0487811 0.0360372
0.0606544 0.0494568 0.0360371
0.0523155 0.0481587 0.0360374
0.0520715 0.0485827 0.0360373
0.0547415   0.04853 0.0360303
-0.0696707   0.071502  0.0620018
-0.0700727  0.0715019  0.0620018
-0.0700577  0.0713978  0.0621364
0.0613564 0.0487269 0.0456493
0.0662692 0.0509475 0.0360367
0.0581284 0.0489454 0.0360362
-0.0697227  0.0794328  0.0584208
0.0736527 0.0539653 0.0449648
0.0728137 0.0544103 0.0360357
0.0699012  0.058457 0.0360344
0.0779601 0.0586668 0.0447934
0.0774851 0.0594899 0.0360341
0.0775911  0.059708  0.036034
 0.077499 0.0600119 0.0360359
0.0770951 0.0594229 0.0360601
0.0779021 0.0587758 0.0448003
-0.069892 0.0738993 0.0598159
-0.069892 0.0740578  0.059894
-0.0695484  0.0692947  0.0592377
-0.0695374  0.0693609  0.0597451
-0.0699051  0.0742022  0.0596296
-0.0703051  0.0742021  0.0596296
-0.0699141  0.0742238  0.0593911
0.0575006 0.0546719 0.0503084
0.0779701 0.0590237 0.0447343
0.0753645 0.0557005 0.0448973
0.0645582 0.0651157 0.0500372
0.0720028 0.0530051 0.0450441
0.0647372 0.0497663  0.045442
-0.0696285  0.0775499  0.0639562
0.0464621 0.0507127 0.0511495
0.0574384 0.0483365 0.0459114
0.0500245 0.0484854 0.0360343
0.0500245 0.0479427 0.0463855
0.0486805 0.0479395 0.0464414
-0.0694409  0.0804133   0.062188
-0.0698109  0.0806223  0.0622844
-0.0349595  0.0486295  0.0360243
0.0500235 0.0479387 0.0463995
0.0500255 0.0484374 0.0360253
-0.0696027   0.079024  0.0622277
-0.0699837  0.0791807  0.0623361
-0.0700047  0.0790239  0.0622277
-0.069686 0.0737366 0.0639679
-0.0459801  0.0841871   0.036025
0.0490246 0.0479493 0.0360374
0.00745179  0.0486159  0.0360368
0.0348664 0.0547406 0.0620383
-0.0697157  0.0790828  0.0595931
-0.0696817   0.079229  0.0600587
-0.0695398  0.0794848  0.0625099
-0.0695517  0.0793062  0.0626452
-0.0697656  0.0779367  0.0606918
-0.0701556  0.0780021  0.0608599
-0.0701676  0.0779367  0.0606918
-0.0697626  0.0782036  0.0603163
-0.0701646  0.0782036  0.0603162
-0.0696801  0.0741818  0.0643068
-0.0700811  0.0741817  0.0643068
-0.069368 0.0811008 0.0616187
-0.069368 0.0810445 0.0617887
-0.0697227  0.0711977  0.0603089
-0.0701247  0.0711977  0.0603089
-0.0701126  0.0709714  0.0601041
-0.0702565  0.0774975  0.0591812
-0.0696991  0.0741988  0.0639806
-0.070091 0.0737778 0.0639808
 -0.06969 0.0737779 0.0639808
0.0379102 0.0497557 0.0514028
-0.00312314    0.047935   0.0468229
 0.029667 0.0510302 0.0563527
0.0486855 0.0479425 0.0464354
0.0215255 0.0479461 0.0466801
0.0379862 0.0496517 0.0514098
0.00749608  0.0500237  0.0574577
-0.00304274    0.047949   0.0467979
 0.025039 0.0506636 0.0563779
-0.0694188  0.0799294  0.0637678
-0.0698228  0.0799293  0.0637678
-0.0694308  0.0799132   0.063595
0.0172221 0.0502577 0.0566107
-0.0701117  0.0790113  0.0599214
-0.00515063   0.0479772   0.0453389
0.00626029  0.0499465   0.057292
0.00540042  0.0497682  0.0567729
-0.0697289  0.0730257  0.0627495
0.00203629  0.0488702  0.0517926
-0.0691614  0.0685678  0.0646647
-0.0695344  0.0684115  0.0647731
-0.0700991  0.0741987  0.0639806
-0.0699906  0.0777003  0.0644729
0.00153225  0.0483422  0.0520878
  0.00217 0.0487302 0.0519267
-0.00306824    0.047947   0.0467909
-0.00342919   0.0474741     0.04726
-0.00789992   0.0480423   0.0436678
-0.00314785    0.047995   0.0468389
-0.0117235  0.0481533  0.0418887
-0.0117535  0.0481583  0.0418807
-0.0170695  0.0482911  0.0402946
-0.0698629   0.072934   0.059713
-0.0695817  0.0791808  0.0623361
-0.0245825  0.0483899  0.0395845
-0.0694236  0.0699476  0.0636441
-0.0697905  0.0697306   0.063809
-0.0693865  0.0697307   0.063809
-0.0689453  0.0675303  0.0650389
-0.0693543  0.0675303  0.0650389
-0.0693232  0.0674131  0.0651603
-0.0246005  0.0484239  0.0396025
-0.0697963  0.0758291  0.0620708
-0.0701963   0.075829  0.0620708
-0.0698023  0.0756072  0.0620311
-0.0696696  0.0705288  0.0600048
-0.0349555  0.0482932  0.0414254
-0.0698038  0.0722912  0.0603126
-0.0379755  0.0488561  0.0360362
-0.0379795  0.0483217  0.0410424
-0.0349555  0.0482992  0.0414264
-0.0406286  0.0483673  0.0440274
-0.0448906  0.0485976  0.0470122
-0.0349195  0.0477192  0.0416276
-0.0695744  0.0684897  0.0643386
-0.0691684  0.0684898  0.0643386
-0.0349575  0.0483042  0.0414274
-0.0347885  0.0478153  0.0418766
-0.0349585  0.0487875  0.0360363
-0.0409754  0.0479377  0.0360365
-0.0379745  0.0488401  0.0360362
-0.0698348  0.0799132   0.063595
-0.0694438  0.0799131  0.0633578
0.0338202 0.0488722  0.057783
0.0310452 0.0489176 0.0571874
0.0313353 0.0479865 0.0565433
-0.0696398  0.0718176  0.0630915
-0.0700268  0.0716383  0.0631135
-0.0700418  0.0718176  0.0630915
0.0333738  0.052234 0.0574793
0.0322489 0.0515807 0.0568024
 0.029733 0.0509962 0.0563521
-0.0693379  0.0802517  0.0644318
-0.0694168  0.0799317  0.0638039
 0.029707 0.0505754 0.0570621
 0.024989 0.0506886 0.0563838
-0.0700952  0.0749332   0.064159
-0.0695496  0.0782356  0.0644872
 0.024984 0.0507116 0.0563962
0.00752351  0.0497517  0.0575142
0.00758363  0.0495419  0.0580544
0.00623087  0.0500565   0.057318
0.00558811  0.0498442  0.0568841
0.00504323   0.049702  0.0562291
0.00459139    0.04923  0.0565826
0.00455619   0.049243  0.0565964
-0.0695767   0.079113  0.0625596
-0.0699567  0.0792908  0.0626456
-0.0695537  0.0792909  0.0626456
-0.0696945  0.0770606  0.0632453
-0.0700855  0.0772576  0.0632452
-0.0700955  0.0770605  0.0632453
-0.0694136  0.0703754  0.0647034
-0.0697005  0.0773459  0.0628352
-0.0695548  0.0720443  0.0648763
-0.0696347  0.0790367  0.0615523
-0.0700367  0.0790367  0.0615523
-0.0696447  0.0788711  0.0616803
-0.0696088  0.0801273  0.0592971
-0.0700128  0.0801273  0.0592971
-0.0696258  0.0800632  0.0590819
-0.0700278   0.071534  0.0629443
-0.0696258  0.0715341  0.0629444
-0.0459777  0.0656871  0.0360308
-0.0697432   0.075341  0.0632467
0.0707526 0.0710191 0.0360294
0.0707525  0.071023 0.0481484
0.0684304 0.0712856 0.0489943
0.0707576 0.0710575 0.0360294
0.0712885  0.070796 0.0479555
-0.0696525  0.0774972  0.0629819
0.0666912 0.0727398 0.0496878
-0.0693289  0.0803828  0.0643055
-0.0693729  0.0801266  0.0641383
-0.0695956  0.0781373  0.0638188
-0.0696096  0.0780804  0.0636545
-0.0696316  0.0778518  0.0635344
0.0658561 0.0747932 0.0360292
0.0660209 0.0749565 0.0499691
0.0660199 0.0749564 0.0499661
0.0665707  0.076979 0.0496985
0.0660189 0.0749564 0.0499621
0.0634949  0.082909 0.0502386
0.0666216 0.0773353 0.0496284
-0.0697385  0.0775789  0.0618173
-0.0697031  0.0744468  0.0639633
0.0481954 0.0628918 0.0572096
0.0711575 0.0708873 0.0478975
0.0500469 0.0749575 0.0572893
0.0351913 0.0556222 0.0604183
0.0343197 0.0532444 0.0584605
0.0778281 0.0590088 0.0448323
 0.077793 0.0594955 0.0407901
 0.077906 0.0593018 0.0448852
0.0745953 0.0650349 0.0465173
 0.077493 0.0600139 0.0360339
0.0712765 0.0707815 0.0479565
-0.0697126   0.070476   0.058767
-0.0701015  0.0703111   0.058663
-0.0696847  0.0715756  0.0618369
0.0712766 0.0707776 0.0360295
0.0485141 0.0812933 0.0574252
0.0500339 0.0749575 0.0572962
-0.0696316  0.0777256  0.0637062
-0.0696126  0.0778755  0.0638669
-0.0698695  0.0775087   0.058757
-0.0698755  0.0776538  0.0589115
-0.0695474  0.0693001  0.0592847
-0.0699444  0.0693001  0.0594669
0.0352378 0.0749587 0.0662508
0.0352457 0.0681734 0.0657327
0.0352643 0.0633235 0.0645388
-0.0694727  0.0711866  0.0650983
-0.0697633  0.0755046  0.0628481
-0.0697523  0.0756313  0.0630023
-0.0696118  0.0798633  0.0600298
-0.0700078  0.0799704  0.0599023
-0.0696038  0.0799704  0.0599023
-0.0696557  0.0713978  0.0621364
-0.0695025  0.0699578  0.0627758
-0.0697575  0.0776915  0.0612501
0.0321909 0.0516266 0.0567895
0.0343446 0.0533195 0.0584911
  0.02998 0.0510572 0.0563475
 0.030077 0.0505604 0.0569352
0.0352405 0.0773552 0.0660828
-0.0698576  0.0701969  0.0636506
0.0350205 0.0774104 0.0664934
0.0349868 0.0749581 0.0666543
0.0350217 0.0681062 0.0661442
0.0350208 0.0749585 0.0666632
0.0352128 0.0749597 0.0662287
0.0350223 0.0631876 0.0649449
0.0353101 0.0574246 0.0616526
-0.0701041  0.0744467  0.0639633
0.0349135 0.0544998 0.0595164
-0.069313 0.0811858 0.0624289
0.0753742 0.0888045 0.0449899
0.0709074 0.0792233 0.0479388
0.0730818 0.0838879 0.0466014
-0.069712 0.0734141 0.0629615
0.0752083 0.0884479  0.039999
-0.0693865  0.0697307   0.063809
-0.0697635  0.0695614  0.0638872
-0.0696816  0.0778558  0.0626042
0.0749544 0.0879026 0.0360241
0.0709075 0.0792195 0.0360268
0.0707924 0.0790278 0.0480499
-0.0699094  0.0770836  0.0582765
-0.0699114   0.076925    0.05843
-0.0698914   0.077159  0.0586777
-0.0697543  0.0757643  0.0629281
-0.0701553  0.0757642  0.0629281
 -0.06969 0.0733771 0.0637476
-0.070091 0.0733771 0.0637476
-0.070075 0.0733772 0.0640432
0.0299169 0.0982722 0.0562671
0.0289639 0.0983811 0.0563137
-0.0698405  0.0773971  0.0597345
-0.0698085  0.0777602  0.0599696
0.0313069 0.0978534 0.0564056
0.0330191 0.0965519 0.0571728
0.0348155 0.0929488 0.0592822
0.0340063 0.0950903 0.0580625
-0.0694943  0.0681377  0.0646517
-0.0690873  0.0681378  0.0646517
0.0352268 0.0904413 0.0607658
-0.0694699  0.0803535  0.0617622
-0.0693679  0.0808487   0.062386
-0.0697686  0.0780454  0.0604621
0.0681565 0.0784946  0.048991
-0.0696066   0.078362  0.0632902
-0.0696066  0.0784469  0.0631695
-0.0689963  0.0678472  0.0652252
0.0704055 0.0789368 0.0481409
0.0704056 0.0789329 0.0360269
0.0709404 0.0791905 0.0479368
0.0709356 0.0791925 0.0360268
-0.0697925  0.0778118  0.0602722
-0.0701935  0.0778118  0.0602722
-0.0700835  0.0775494   0.062969
0.0300368 0.0986904 0.0570142
0.0299409 0.0982662 0.0562695
-0.0703141  0.0742238  0.0593911
0.0330131 0.0965269 0.0571781
-0.0694559  0.0803232  0.0621428
-0.069932 0.0736199 0.0585233
-0.0703259    0.07339  0.0585018
-0.0699249    0.07339  0.0585018
-0.0699408  0.0793965  0.0627317
-0.0703149  0.0730949  0.0585019
-0.0698829  0.0801783  0.0620496
-0.0699546  0.0704079  0.0622844
0.0352448 0.0828124  0.064697
-0.0695278  0.0718332  0.0650652
-0.0698555  0.0775899  0.0590324
-0.0697015  0.0773459  0.0628352
-0.0700925  0.0773097  0.0630523
-0.069595 0.0729198 0.0650533
-0.069997 0.0729198 0.0650533
-0.0699859  0.0727068  0.0650534
0.0350195 0.0849967 0.0642317
0.0352705 0.0848207 0.0638354
0.0352549 0.0815982 0.0650878
 0.035019 0.0892767 0.0620237
 0.035267 0.0890356 0.0616083
0.0350199 0.0817288  0.065491
-0.0693595  0.0695614  0.0638872
-0.0695908    0.07991  0.0603919
-0.0694837  0.0711285  0.0648294
-0.0698647  0.0709115  0.0648491
-0.0694617  0.0709116  0.0648491
-0.069622  0.073212 0.0648246
-0.070023 0.0732119 0.0648246
 -0.07001 0.0730819 0.0649587
-0.0700826  0.0778557  0.0626042
-0.0695168  0.0714795  0.0647977
-0.0699017  0.0712783  0.0647978
-0.0694997  0.0712784  0.0647978
-0.0694076  0.0701378  0.0643286
-0.0698116  0.0701378  0.0643286
-0.0700457  0.0713023  0.0622188
-0.0691401  0.0822612  0.0620747
-0.0689723  0.0676301  0.0649391
-0.0700147   0.079141  0.0617925
-0.0697516    0.07844  0.0601327
0.00278939   0.100509  0.0566239
0.00328045   0.100084  0.0562805
0.00383256  0.0999061  0.0570082
0.00278938   0.100546  0.0566289
-0.0697449  0.0729784  0.0624091
0.00451619  0.0996753  0.0574891
0.0249658 0.0987116 0.0563439
0.00592232   0.100149  0.0582449
0.00593701   0.100172  0.0581968
-0.0694059  0.0806224  0.0622844
-0.0697759  0.0808285  0.0623775
0.0249718 0.0986886 0.0563442
0.0289639 0.0983851 0.0563139
0.0290058 0.0988073 0.0570759
-0.0662211  0.0834696   0.047161
-0.0666072  0.0749435  0.0638525
-0.066981 0.0749381 0.0471757
-0.0649232  0.0663396  0.0749274
-0.0649521   0.083918  0.0360249
-0.0662441  0.0835798   0.047157
-0.0660049  0.0749327  0.0360277
-0.0665302  0.0687559  0.0471707
-0.0659768   0.065389  0.0471627
-0.0648654  0.0835246   0.074936
-0.0651094   0.074949  0.0804657
-0.0649297   0.069918  0.0789823
-0.063323 0.0890692 0.0626166
-0.0643087  0.0859152  0.0695306
-0.0698857  0.0711284  0.0648294
-0.064922 0.0800946 0.0789031
0.0745809 0.0690466 0.0360301
-0.0626582  0.0915814  0.0471095
-0.0636851  0.0898502  0.0628236
-0.0646004  0.0833775  0.0749671
-0.063332 0.0891032 0.0625465
-0.0627071  0.0902556  0.0606057
-0.0699698  0.0800402  0.0605838
-0.0617093  0.0917333  0.0590071
-0.063205 0.0891212 0.0625548
-0.0616033  0.0918003  0.0589588
-0.0602095  0.0934381  0.0577935
-0.0564569  0.0973082  0.0470398
-0.0581307  0.0952061  0.0570013
-0.069933 0.0740279 0.0587705
-0.0582437  0.0951031  0.0570469
-0.0554509  0.0968613  0.0565955
-0.0696952  0.0749366  0.0641573
-0.0520511  0.0983287  0.0564121
-0.0698108  0.0799735  0.0638851
-0.0496743   0.100108   0.046983
-0.0694579  0.0804277   0.061807
-0.0698379  0.0805752  0.0618919
-0.0698619  0.0804277   0.061807
-0.0695408  0.0718038  0.0648251
-0.0699188  0.0714794  0.0647977
-0.0695168  0.0714795  0.0647977
-0.0695629  0.0806337  0.0586705
-0.0505162  0.0989525  0.0551785
-0.0518421  0.0984047  0.0563223
-0.0510732  0.0987056  0.0558692
-0.0509592  0.0987116   0.055787
-0.0503223  0.0995786  0.0554074
-0.0518032  0.0988469  0.0569033
-0.0698525  0.0773618  0.0594583
-0.0481013   0.100013   0.051439
-0.0439164   0.101348  0.0469476
-0.0437145   0.101619  0.0472226
-0.0501953  0.0994166  0.0554789
-0.0439384    0.10133  0.0469536
-0.0694668   0.079207  0.0643841
-0.0480242   0.100185   0.041021
-0.0438604   0.101343  0.0469686
-0.0523072  0.0993287  0.0470002
-0.070332 0.0736199 0.0585233
-0.0479931  0.0995908  0.0360201
-0.0697218  0.0722362  0.0620449
-0.0701238  0.0722361  0.0620449
-0.0697228  0.0721017  0.0618455
-0.0701025  0.0776031  0.0625456
-0.0573906  0.0955346  0.0360213
-0.0600056  0.0946417  0.0470776
-0.061575  0.091238 0.0360226
-0.0637429  0.0896633  0.0471261
-0.0655864  0.0749413  0.0810697
-0.0653847  0.0695417  0.0795434
-0.0655944   0.074959  0.0810477
-0.0653841  0.0804565   0.079462
-0.0646344  0.0834188  0.0749881
-0.0698276  0.0699476  0.0636441
-0.0651215  0.0839927  0.0752239
-0.0459821   0.099989    0.03602
-0.0454822   0.100285    0.03802
-0.0441383   0.101577  0.0360196
-0.0429962   0.100465  0.0360199
-0.0468452    0.10065  0.0360198
-0.0479801  0.0841869   0.036025
-0.0454782   0.100325  0.0380199
-0.0459871   0.100035   0.036021
-0.0404823   0.100929  0.0380198
-0.0454862   0.100313  0.0380209
-0.0399822   0.100764  0.0360199
-0.0411074   0.101929  0.0360195
-0.0693709  0.0808285  0.0623775
-0.070306  0.073881 0.0594346
-0.0694907  0.0788165  0.0654167
-0.0694197    0.07906  0.0653958
-0.0656852  0.0696943  0.0360294
-0.0660049  0.0749318  0.0360277
-0.0651018  0.0660133  0.0360315
-0.0349754   0.101428  0.0416657
-0.0438424   0.101422  0.0469896
-0.0696699  0.0725795  0.0634613
-0.0379822   0.100884  0.0360188
-0.0379801  0.0841887  0.0380251
-0.0379822   0.100876  0.0360199
-0.0379824   0.101372  0.0410187
-0.0699139  0.0730949  0.0585019
-0.0379755  0.0484147  0.0410364
-0.0479822   0.100029    0.04102
-0.0431803   0.100921  0.0410198
-0.042979 0.0749391  0.041028
-0.0431756   0.048881  0.0410362
-0.0479822   0.100033    0.04102
-0.0479821  0.0995488  0.0360202
-0.0479757  0.0497914  0.0410358
-0.0479757  0.0502418  0.0360357
-0.0479821  0.0995538  0.0360202
-0.049303 0.0991956 0.0360203
-0.0534794  0.0942431  0.0360218
-0.0558547  0.0964068  0.0360211
-0.0486741  0.0996717  0.0360121
-0.0694872  0.0825348  0.0621871
-0.0560711  0.0535517  0.0360346
-0.0590044  0.0940874  0.0360218
-0.0549772  0.0619359  0.0360319
-0.0549806  0.0879359  0.0360237
-0.0593835  0.0561023  0.0360337
-0.0618999   0.059058  0.0360328
-0.0645706  0.0645847   0.036031
-0.0603478  0.0565911  0.0578899
-0.0595636  0.0557345  0.0557693
-0.0604615  0.0555627  0.0470899
-0.0696785  0.0774661  0.0631385
-0.0642912  0.0611522  0.0471461
-0.0603225  0.0556887  0.0470908
-0.0602615  0.0556885  0.0465868
-0.0570685  0.0556888  0.0461179
-0.0603385  0.0556887  0.0472808
-0.0542555  0.0556897  0.0476949
-0.0695379  0.0722759  0.0654016
-0.0699368  0.0720718  0.0652368
-0.0538036  0.0556916  0.0537869
-0.0595776  0.0556915  0.0557705
-0.0529906  0.0556907  0.0506649
-0.0582865  0.0547971  0.0570538
-0.0565074  0.0535229  0.0558139
-0.0563516  0.0556919   0.055762
-0.0543882  0.0525074  0.0565396
-0.0541662  0.0521727   0.054273
-0.0531602  0.0519515  0.0561828
-0.053038 0.0514421 0.0518173
-0.0522621  0.0515173   0.055304
-0.053351 0.0512992 0.0491353
-0.0700148  0.0798632  0.0600298
-0.054979 0.0518603 0.0470331
-0.055113 0.0515743 0.0470252
-0.0699968  0.0801001  0.0597748
-0.0695938  0.0801002  0.0597747
-0.0574322  0.0543136  0.0360343
-0.0577813  0.0536647  0.0460385
-0.055014 0.0516933 0.0470312
-0.0495159  0.0502294  0.0514577
-0.0449956  0.0487156  0.0469562
-0.0449196  0.0486966  0.0469712
-0.0479817  0.0502188  0.0360367
-0.0697518  0.0717316  0.0606469
-0.0701528  0.0717316  0.0606469
-0.0701427  0.0715537  0.0605645
-0.0449726  0.0486946  0.0469512
-0.0701603   0.076114  0.0626667
-0.0530761  0.0514906  0.0567061
-0.0531592  0.0519335  0.0561781
-0.0446606  0.0482448  0.0474103
-0.052029 0.0511224 0.0555708
-0.052004 0.0510484 0.0556125
-0.0543402  0.0526244  0.0565849
-0.0696831  0.0744255  0.0643067
-0.0696375  0.0773501  0.0639978
-0.0700395  0.0773501  0.0639978
-0.061912 0.0584293 0.0592706
-0.0694297   0.079117  0.0651442
-0.0698587  0.0791168  0.0647141
-0.0694557  0.0791169  0.0647141
-0.0581765  0.0548061  0.0570691
-0.061888 0.0584713 0.0593209
-0.0633094  0.0608002  0.0625858
-0.0695848  0.0802292  0.0595928
-0.0637083  0.0600622  0.0628265
-0.0632694  0.0608462  0.0625359
-0.0651122  0.0659379  0.0752256
-0.0632974  0.0607852   0.062561
-0.0637663  0.0601522  0.0627026
-0.0641988  0.0634959  0.0684885
-0.0650342  0.0665297  0.0749414
-0.0698327  0.0791169  0.0651442
-0.0694388  0.0796946  0.0639277
-0.0651042  0.0658822  0.0752476
-0.0646322  0.0664758  0.0749934
-0.0692584  0.0690667  0.0643782
-0.0454757  0.0495137  0.0380359
-0.0459757   0.049796  0.0360358
-0.0694617  0.0709116  0.0648491
-0.0698467  0.0707302  0.0648334
-0.0404756  0.0488414  0.0380362
-0.0454716  0.0494717   0.038036
-0.0697089  0.0725722  0.0627142
-0.0701099  0.0725721  0.0627142
-0.0697239  0.0728916  0.0627338
-0.0454776  0.0494967  0.0380379
-0.0399796  0.0489628  0.0360392
-0.0459757   0.049797  0.0360358
-0.0452595  0.0486081  0.0360362
-0.0429876  0.0493054   0.036036
-0.0479757  0.0502458  0.0360357
-0.0698429   0.072878   0.060134
-0.0399756  0.0489898  0.0360362
-0.0694006  0.0701372  0.0644061
-0.0399756  0.0489888  0.0360362
-0.0701072  0.0745943  0.0639286
-0.0697062  0.0745943  0.0639286
-0.0491108  0.0505476  0.0360356
-0.069697 0.0733884 0.0636897
-0.0701248  0.0721017  0.0618455
-0.0698749  0.0730643  0.0595438
-0.0702629   0.072934   0.059713
-0.0379755  0.0488651  0.0360362
-0.0697279  0.0725662  0.0623181
-0.0534284  0.0555371   0.036034
-0.0491298  0.0505556  0.0360356
-0.069609 0.0730819 0.0649587
-0.0475546  0.0491738   0.036052
-0.0693848  0.0796518  0.0649149
-0.0408284   0.101951  0.0360195
-0.0441403   0.101588  0.0320196
-0.0408273   0.101936  0.0320195
-0.0408274   0.101938  0.0360195
0.0500176   0.10175 0.0360195
-0.00798813    0.101919   0.0320198
0.0500177   0.10177 0.0320195
-0.0695579  0.0727498  0.0655276
-0.0693776  0.0702355  0.0650162
0.0555727  0.101192 0.0360197
0.0500217  0.101845 0.0320195
0.0500176  0.101771 0.0360195
-0.0696955  0.0769915  0.0632917
 0.073862 0.0837643 0.0360264
-0.0697334  0.0762826  0.0630989
-0.0701334  0.0762826  0.0630989
-0.0697393  0.0761133  0.0630685
0.0750212 0.0739522 0.0360285
-0.0695548  0.0720443  0.0648763
-0.0699428  0.0718037  0.0648251
 0.075165 0.0759608 0.0360339
0.0749812 0.0739593 0.0360575
0.0742561 0.0673035 0.0360266
-0.0694557  0.0791223  0.0646847
-0.070162 0.0734951 0.0624835
0.0250243 0.0484478 0.0570367
0.0300242 0.0487824 0.0570367
0.0250241 0.0501848 0.0570362
0.0172721 0.0497749 0.0572367
0.0250241 0.0501918 0.0570362
-0.069332  0.081155 0.0621493
 0.030024 0.0505964 0.0570361
 0.029983 0.0510143 0.0565789
 0.029708 0.0505674 0.0570361
 0.030024 0.0505964 0.0570361
 0.029669 0.0509972 0.0565345
-0.069655 0.0733537 0.0643594
-0.070043 0.0733537 0.0645802
-0.069642 0.0733538 0.0645802
0.0309672 0.0489116 0.0571365
 0.030024 0.0505964 0.0570361
0.0300242 0.0487884 0.0570367
0.0321169 0.0511479  0.057495
-0.0699656  0.0706543  0.0625686
0.0300964 0.0478403 0.0564601
0.0300242 0.0487814 0.0570389
0.0250834 0.0474746 0.0565474
0.0178343 0.0481129 0.0572092
-0.069674 0.0733772 0.0640433
0.0250343 0.0481947 0.0568451
-0.0698176  0.0782266  0.0588557
-0.0695331  0.0821197  0.0628441
0.0299299 0.0982092 0.0562693
0.0300188 0.0986984 0.0570214
0.0290098 0.0988343 0.0570206
0.0312899 0.0982417 0.0571852
0.0300186  0.100644 0.0571189
0.0300178 0.0986924 0.0570207
0.0300176  0.100621 0.0570201
0.0250178 0.0992148 0.0570204
0.0300158 0.0987094 0.0570207
0.0289569 0.0983311 0.0563146
-0.0696845  0.0772577  0.0632452
0.0250175  0.101022 0.0570199
0.0161365  0.101528 0.0572827
0.0250178 0.0992108 0.0570204
0.0165427 0.0997848 0.0572597
-0.0693666  0.0699441  0.0646121
0.0250187 0.0992208 0.0570281
-0.0694737  0.0787262  0.0650601
-0.0696776  0.0704244  0.0595272
-0.0700726  0.0702809  0.0593266
-0.0696696  0.0702809  0.0593266
-0.0699667  0.0793094  0.0624166
0.0301055  0.101568 0.0564363
0.0300196  0.100617 0.0570032
0.0306946  0.100532 0.0571112
0.0330661 0.0497792  0.058068
0.0331978 0.0518612 0.0581721
-0.0696587  0.0786888  0.0617417
0.0323899 0.0512529 0.0576022
 0.033888 0.0505975 0.0588634
0.0340837 0.0529556 0.0591169
0.0345635 0.0539329 0.0598993
0.0346178  0.052091 0.0601565
0.0347305 0.0545451 0.0603396
-0.0690173  0.0679247  0.0651142
-0.0701099  0.0725721  0.0627142
0.0350234 0.0547657 0.0620348
0.0350231 0.0571707 0.0620341
0.0350226 0.0611098 0.0657364
-0.070056 0.0733537 0.0643594
-0.0694067  0.0706087  0.0652243
-0.0696248  0.0716383  0.0631135
-0.0697248  0.0720363  0.0617105
-0.0701268  0.0720362  0.0617105
-0.0697328  0.0720362  0.0615414
-0.0695348  0.0720718  0.0652368
-0.0702565  0.0775899  0.0590324
0.0345058  0.051872 0.0600749
0.0349544 0.0547587 0.0620521
0.0350186 0.0919847 0.0620228
0.0345915 0.0932439 0.0599183
0.0350193 0.0864406 0.0651615
-0.0701156   0.070476   0.058767
0.0351857 0.0914331  0.060285
 0.035088 0.0892827 0.0620275
0.0346635  0.092924 0.0600886
0.0345021 0.0961179 0.0597904
-0.069707 0.0734242 0.0634598
 0.035286 0.0890416 0.0616156
-0.0696345  0.0700293  0.0594796
0.0330331 0.0966912  0.058099
0.0331421 0.0966272 0.0580622
-0.0700015  0.0697689  0.0595882
0.0336289 0.0982404 0.0585622
0.0342734 0.0944024 0.0583904
0.0317146   0.10018 0.0573171
0.0327297  0.099438 0.0578198
-0.0697143  0.0759272  0.0636111
-0.0701153  0.0759272  0.0636111
-0.0697164  0.0761875  0.0634636
0.0306996  0.100518 0.0570669
-0.0696146  0.0783009  0.0632466
0.0343421 0.0965948   0.05951
0.0348803 0.0945392 0.0606032
-0.0701938  0.0721914  0.0604255
-0.0696227  0.0715006  0.0629413
0.0349771 0.0571796 0.0620226
0.0350209 0.0741273 0.0681608
-0.0700768  0.0720002  0.0626749
0.0350204 0.0773666 0.0679853
-0.0702759  0.0730642  0.0595438
0.0350143 0.0864506 0.0651662
0.0348076 0.0920236 0.0620724
0.0350201 0.0799708 0.0690842
0.0350208 0.0749581 0.0681397
0.0351734 0.0699783 0.0678747
0.0350215 0.0689243 0.0693172
0.0351126 0.0610018 0.0656835
0.00757243  0.0495349  0.0580549
0.0250241 0.0499687 0.0566121
0.00757264  0.0478999  0.0580554
0.00582785  0.0494366  0.0577735
0.00565575  0.0494595  0.0578052
-0.0701295   0.077812  0.0617208
-0.0694656  0.0702222  0.0630138
0.00570216  0.0478155  0.0577185
0.0059173  0.101816 0.0582404
0.00591752   0.100158  0.0582409
0.00398489   0.101924  0.0579101
0.0040947  0.100289 0.0579375
-0.0698196  0.0783222  0.0586077
0.00285178   0.102137  0.0566061
-0.000385225      0.10166     0.051478
0.00285208   0.100573  0.0566067
0.00386111   0.100264   0.057971
-0.0695156  0.0781149  0.0652091
-0.0696174  0.0687067  0.0642128
-0.0701174  0.0761874  0.0634636
-0.000402318     0.103237    0.0514725
-0.000464726     0.101673     0.051392
-0.00394116    0.103938   0.0477373
-0.00445086    0.102435   0.0472487
-0.0699188  0.0714794  0.0647977
-0.00873849    0.103693   0.0441803
-0.0124475    0.10205  0.0423258
-0.0153846   0.103403  0.0412773
-0.0225734   0.101813  0.0399577
-0.0178994   0.101874  0.0406428
-0.0248386   0.103263  0.0400312
-0.0370787   0.103512   0.042795
-0.0380555    0.10204  0.0433965
-0.0699568  0.0720442  0.0648763
-0.0695896  0.0777004  0.0644729
-0.0394225   0.102028  0.0442975
-0.0695948  0.0804041  0.0587227
-0.0699988   0.080404  0.0587227
-0.0699749  0.0805918  0.0586817
-0.0697417  0.0715536  0.0605645
-0.0442547   0.103213   0.047876
-0.0436235   0.101836  0.0473425
-0.0477994   0.100503  0.0517779
-0.0502205   0.100901  0.0554739
-0.0502203  0.0994286  0.0554744
-0.0698478  0.0799131  0.0633578
-0.0695276  0.0782194  0.0648755
-0.0691704  0.0688059  0.0651573
-0.0475406   0.102098  0.0514444
-0.0438467   0.103272   0.047548
-0.0389227   0.103492   0.044003
-0.0695479  0.0725631  0.0655276
-0.0699489   0.072563  0.0655276
-0.0694448   0.079912  0.0633403
-0.00417976     0.10393   0.0474833
-0.00373016    0.103932   0.0479553
-0.0688502  0.0673165  0.0657947
-0.0697337  0.0714278  0.0604953
-0.0697227  0.0711977  0.0603089
-0.0702023  0.0756072  0.0620311
-0.0241063  0.0464281  0.0400371
-0.0239125  0.0478891  0.0400367
-0.0347965  0.0478053  0.0418606
-0.0385223  0.0463273   0.043258
-0.0404505  0.0478724  0.0444425
-0.0125213  0.0461792  0.0418543
-0.0130525  0.0476871  0.0418969
-0.00340948    0.047449    0.047229
-0.0692552  0.0671919  0.0654945
-0.0688452   0.067192  0.0654945
0.000990978   0.0466319   0.0514583
0.00165885  0.0483423  0.0522078
-0.0697675  0.0773498  0.0614671
-0.0701685  0.0773497  0.0614671
-0.0027934  0.0459513  0.0477215
-0.0701565  0.0770836  0.0620147
-0.069906 0.0738509 0.0593439
-0.0701357  0.0714277  0.0604953
0.00462409   0.047648  0.0565733
0.0309195  0.101437 0.0564971
0.00462349   0.049211  0.0565722
-0.0698869  0.0732074  0.0593876
-0.0702869  0.0732074  0.0593876
-0.0026484  0.0459414  0.0479525
-0.00301989   0.0459482   0.0475445
-0.069601 0.0733399 0.0652498
-0.00789007   0.0460535   0.0442234
-0.0147163  0.0462647  0.0413623
-0.0695117  0.0711659  0.0644075
-0.0346123  0.0463064  0.0418931
-0.0397373  0.0463694   0.044052
-0.0447046  0.0482108  0.0473594
-0.0451854  0.0468229  0.0477968
-0.0449884  0.0467978  0.0475908
-0.0701348  0.0720362  0.0615414
-0.0492458  0.0497426  0.0518128
-0.0449894  0.0467918  0.0475918
-0.0453754  0.0468499  0.0480278
-0.0492906  0.0482646  0.0518663
-0.0695918  0.0802103  0.0594724
-0.0699948  0.0802102  0.0594724
-0.0699049  0.0729257  0.0585626
-0.052006 0.0510494 0.0556189
-0.0520058  0.0495704  0.0556192
-0.0695293  0.0682851  0.0644998
-0.054399 0.0510106  0.057145
-0.052013 0.0510284  0.055608
-0.0542452  0.0518847   0.057341
-0.0700288  0.0800631  0.0590819
-0.0699296  0.0782193  0.0648755
-0.0698757  0.0791383  0.0644006
-0.0699646  0.0779135  0.0646778
-0.0448976  0.0481067  0.0470844
-0.0579551  0.0979091  0.0570671
-0.0528432  0.0988758  0.0570194
-0.0560332  0.0988754    0.05702
-0.0560592  0.0989394  0.0571003
-0.0528442  0.0988758    0.05702
-0.0528444   0.100219  0.0570196
-0.0560852  0.0988854    0.05702
-0.0701985  0.0775383  0.0605539
-0.0528412  0.0988748  0.0570541
-0.0518332  0.0988758  0.0568447
-0.0500285   0.100916  0.0556361
-0.0513324   0.100588  0.0566106
-0.0691284  0.0684115  0.0647731
-0.0528462  0.0985738  0.0570424
-0.0518282  0.0988759  0.0568733
-0.0631162  0.0909367  0.0609419
-0.0650922  0.0910894  0.0607471
-0.0657171  0.0898129  0.0627966
-0.0637281  0.0898132  0.0627967
-0.0664978  0.0869767  0.0688831
-0.0688222  0.0671407  0.0656726
-0.0620924  0.0923783  0.0594199
-0.0639824   0.092768  0.0591032
-0.0605506  0.0940432  0.0582664
-0.0622387  0.0947388  0.0579169
-0.0584168  0.0957682  0.0575158
-0.0600619  0.0965679  0.0572904
-0.055674 0.0973774 0.0571332
-0.0528472  0.0985728  0.0570247
-0.0526431  0.0980156  0.0564863
-0.0526351  0.0979846  0.0565064
-0.0518502  0.0989018  0.0568116
-0.055281 0.0969233  0.056594
-0.0614455  0.0931093  0.0590564
-0.0637321  0.0898242  0.0628013
-0.0647698  0.0865573  0.0697842
-0.0668185  0.0840102  0.0752509
-0.0651115  0.0840105  0.0752509
-0.0654121  0.0804459   0.079379
-0.0694817  0.0786238  0.0647482
-0.0670351  0.0803301   0.079454
-0.0699348  0.0798521  0.0618307
-0.0671784  0.0749489  0.0810277
-0.0656054  0.0749491  0.0810277
-0.0670337  0.0695661  0.0794574
-0.0654197  0.0695751  0.0794624
-0.0695709  0.0805918  0.0586817
-0.0668162   0.065884  0.0752566
-0.0651092  0.0658842  0.0752566
-0.0664947  0.0629127  0.0688906
-0.0646557  0.0628439  0.0687409
-0.0700467   0.078871  0.0616803
-0.0701695  0.0773497  0.0614671
-0.0696915  0.0773098  0.0630523
-0.0701763  0.0758083   0.062494
-0.0695306  0.0778418  0.0652912
-0.0657133  0.0600739  0.0628062
-0.0637243  0.0600742  0.0628063
-0.0695397  0.0712887  0.0641273
-0.0651651  0.0589354  0.0609347
-0.0622999  0.0577784  0.0596715
-0.0646579  0.0576362  0.0600325
-0.0662133  0.0599049  0.0628075
-0.0642209   0.057448  0.0593815
-0.0606927  0.0559832   0.058358
-0.0613565  0.0543399  0.0576052
-0.0585785  0.0542312  0.0575673
-0.0628747  0.0558029  0.0582574
-0.0584952  0.0522911  0.0571173
-0.0545942  0.0520046  0.0570846
-0.056027 0.0510104 0.0570354
-0.054547 0.0510105 0.0570214
-0.0696681  0.0738087  0.0643722
-0.0543672  0.0525694  0.0565635
-0.054554 0.0503336 0.0570356
-0.054554 0.0510096 0.0570354
-0.056043 0.0510084 0.0570354
-0.0518788  0.0495565  0.0557603
-0.0701403  0.0761133  0.0630685
-0.051891 0.0510105  0.055743
-0.0696138  0.0802531  0.0587432
-0.0565279   0.049997  0.0561932
-0.056029 0.0510044 0.0570298
-0.0549768  0.0493372  0.0561817
-0.0695948  0.0796922  0.0608891
-0.0691614  0.0685678  0.0646647
-0.0501753  0.0994446  0.0555146
-0.0701249  0.0728915  0.0627338
-0.0517861  0.0983147  0.0563739
-0.0699516  0.0782355  0.0644872
0.0681234 0.0712227 0.0488363
F
10 14 16
 10  16 825
10 36 50
 10  50 526
 10 526 527
 10 527  14
 10 825 830
 10 830  36
14 15 16
 14 527  15
15 19 20
15 20 16
 15 527 528
 15 528  19
 16  20 825
19 22 23
19 23 20
 19 513  22
 19 528 513
 20  23 824
 20 824 825
22 25 53
 22  53 939
 22 513  25
 22 672  23
 22 939 672
 23 672 939
 23 939 824
 25 513 514
 25 514 673
 25 669  53
 25 673 669
 36 830  50
 39  41 524
 39  45 853
 39 524 525
 39 525  45
 39 853  41
 41 853 869
 41 869 524
 44  45 525
44 48 45
 44 525  48
 45  48 843
 45 843 860
 45 860 853
 47  48 525
47 50 48
 47 525 526
 47 526  50
 48  50 830
 48 830 843
 53 669 939
 99 103 143
  99  143 1378
 99 372 445
 99 445 103
  99 1378  372
103 106 161
103 160 143
103 161 160
103 442 106
103 445 442
106 442 161
112 200 358
112 201 200
112 358 408
112 408 456
112 456 201
 114  167 1650
114 408 450
114 445 408
114 450 167
114 713 445
 114 1454 2147
 114 1650 1454
 114 2147  713
143 160 240
 143  240 1448
 143  497 1449
 143 1448  497
 143 1449 1378
150 725 726
 150  726 2147
 150  804 1276
 150 1276  725
 150 1455 2117
 150 2005 2008
 150 2008  804
 150 2117 2005
 150 2147 1455
 160  161 1245
 160 1245 1456
 160 1456  240
 161  167 1414
161 442 999
 161  999 2008
 161 1414 1245
 161 2008  167
 167  229 1414
167 450 229
 167 1454 1650
 167 1455 1454
 167 2005 2117
 167 2008 2005
 167 2117 1455
 200  201 1259
200 229 358
 200 1259  229
 201  456 1336
 201  507 1331
 201 1331 1259
 201 1336  507
229 408 358
229 450 408
 229 1259 1414
 240  497 1448
 240 1456 1466
 240 1466  497
 371  372 1369
371 408 372
371 456 408
 371 1363 1364
 371 1364  456
 371 1369 1363
372 408 445
 372 1378 1369
 442  445 1513
 442 1513 1628
 442 1628  999
445 713 726
445 725 796
445 726 725
 445  796 1525
 445 1251 1513
 445 1442 1251
 445 1524 1442
 445 1525 2278
 445 2278 1524
 456  507 1336
 456 1364  507
495 497 514
 495  511 1378
495 513 511
495 514 513
 495 1378 1449
 495 1449  497
497 498 514
 497 1466  498
498 515 514
498 896 515
498 959 896
498 988 959
498 991 988
 498 1421 1467
 498 1423 1426
 498 1426 1484
 498 1456 1421
 498 1466 1456
 498 1467 1537
 498 1484  991
 498 1537 1423
506 507 524
506 523 772
506 524 523
 506  772 1300
 506 1268 1269
 506 1269 1331
 506 1279 1406
 506 1300 1279
 506 1331  507
 506 1406 1422
 506 1420 1268
 506 1422 1420
507 508 525
507 525 524
 507 1364  508
508 509 525
 508 1363  509
 508 1364 1363
509 510 526
509 526 525
 509 1363 1369
 509 1369  510
510 511 527
510 527 526
 510 1369  511
511 513 528
511 528 527
 511 1369 1378
514 515 914
514 914 673
515 896 929
515 929 914
523 524 767
523 767 772
524 869 767
669 673 930
669 890 938
669 930 890
669 938 939
673 895 930
673 914 895
 713 2147  726
 725 1276  796
 744  746 1424
744 748 746
 744 1279 1300
 744 1300  748
 744 1424 1279
745 746 748
745 748 772
745 751 746
745 772 776
745 776 751
746 751 768
 746  768 1424
 748 1300  772
751 757 767
751 767 768
751 776 757
757 776 767
767 776 772
767 869 768
768 777 881
 768  823 1410
768 861 823
768 868 882
768 869 777
768 881 868
768 882 861
 768 1410 1424
777 869 881
 796 1276 2508
 796 2418 1525
 796 2508 2418
 803  804 2008
 803  999 1442
 803 1442 2278
 803 2008  999
 803 2278 2418
 803 2418 2508
 803 2508  804
 804 2508 1276
819 822 823
819 823 824
819 824 822
820 823 894
820 830 823
820 894 830
822 824 939
822 893 823
822 939 893
823 825 824
823 830 825
823 841 894
823 851 887
823 861 885
823 885 851
823 887 889
823 888 938
823 889 841
823 890 930
823 893 888
823 895 903
823 903 985
823 930 895
823 938 890
 823  985 1426
 823 1415 1410
 823 1423 1415
 823 1426 1423
830 841 843
830 894 841
841 889 843
843 851 853
843 853 860
843 887 851
843 889 887
851 885 853
853 861 882
853 882 869
853 885 861
868 869 882
868 881 869
888 893 939
888 939 938
895 914 903
896 903 914
896 914 929
896 959 960
896 960 961
896 961 903
903 961 985
 959  988 1551
 959 1551  960
 960 1551  961
 961 1551  985
985 988 992
 985  992 1426
 985 1551  988
988 991 992
 991 1484  992
 992 1484 1426
 999 1251 1442
 999 1628 1251
1245 1414 1417
1245 1415 1456
1245 1417 1415
1251 1628 1513
1259 1268 1410
1259 1269 1268
1259 1331 1269
1259 1410 1419
1259 1413 1414
1259 1419 1413
1268 1420 1410
1279 1424 1406
1406 1424 1422
1410 1413 1419
1410 1414 1413
1410 1415 1414
1410 1420 1422
1410 1422 1424
1414 1415 1417
1415 1418 1456
1415 1421 1418
1415 1423 1421
1418 1421 1456
1421 1423 1537
1421 1537 1467
1442 1524 2278
1454 1455 2147
1525 2418 2278
