16
r_hip_2 
V
 -0.146418 -0.0637732   0.473606
 -0.157228 -0.0404164   0.490886
 -0.150893 -0.0697517   0.483121
 -0.156333 -0.0712645   0.493818
 -0.161908 -0.0680803   0.504068
 -0.166771 -0.0606848   0.512312
 -0.170181 -0.0502036   0.517294
  -0.17162 -0.0382325   0.518255
-0.170867 -0.026594   0.51505
 -0.168037 -0.0170597   0.508165
 -0.163562 -0.0110811    0.49865
  -0.158123 -0.00956839    0.487953
 -0.152547 -0.0127525   0.477703
 -0.147684 -0.0201481   0.469459
 -0.144274 -0.0306292   0.464477
 -0.142836 -0.0426003   0.463516
 -0.143589 -0.0542389   0.466721
 -0.22362 -0.045622   0.45639
  -0.21281 -0.0689788    0.43911
 -0.217285 -0.0749574   0.448625
 -0.222725 -0.0764701   0.459322
   -0.2283 -0.0732859   0.469572
 -0.233163 -0.0658904   0.477816
 -0.236574 -0.0554093   0.482798
 -0.238012 -0.0434382   0.483759
 -0.237259 -0.0317996   0.480554
  -0.23443 -0.0222653   0.473669
 -0.229955 -0.0162867   0.464155
-0.224515 -0.014774  0.453458
  -0.21894 -0.0179582   0.443207
 -0.214076 -0.0253537   0.434963
 -0.210666 -0.0358348   0.429981
 -0.209228 -0.0478059    0.42902
 -0.209981 -0.0594445   0.432225
F
 1  3 19
1 7 3
 1 16  7
 1 17 16
 1 19 17
 3  4 20
3 7 4
 3 20 19
 4  5 21
4 7 5
 4 21 20
 5  6 23
5 7 6
 5 22 21
 5 23 22
 6  7 24
 6 24 23
 7  8 25
7 9 8
 7 16  9
 7 25 24
 8  9 25
 9 10 27
 9 11 10
 9 12 11
 9 13 12
 9 14 13
 9 16 14
 9 26 25
 9 27 26
10 11 27
11 12 29
11 28 27
11 29 28
12 13 29
13 14 31
13 30 29
13 31 30
14 15 31
14 16 15
15 16 33
15 32 31
15 33 32
16 17 33
17 19 34
17 34 33
19 20 34
20 21 34
21 22 34
22 23 34
23 24 25
23 25 34
25 26 27
25 27 32
25 32 34
27 28 32
28 29 32
29 30 32
30 31 32
32 33 34
