18
r_upper_leg 
V
 -0.167903 0.00140432   0.424805
  -0.140295 -0.00163917    0.372228
  -0.179464 0.000445384    0.419278
 -0.142174 -0.0987289   0.328645
 -0.137664 -0.0982314   0.326679
-0.127837  -0.10389  0.319989
  -0.160045 -0.00488337    0.361911
-0.114165 -0.014882  0.325157
 -0.117371 -0.0143966   0.331417
 -0.118088 -0.0139024    0.33096
  -0.127684 -0.00975992    0.325585
  -0.119135 -0.00970856    0.322148
  -0.122597 -0.00900708    0.328199
  -0.168115 0.000315293    0.425313
 -0.167924 0.00129719    0.42487
  -0.158329 -0.00590015    0.391958
  -0.158157 -0.00388877    0.387333
  -0.158145 -0.00350999    0.391864
-0.130669 -0.099497  0.370277
 -0.131597 -0.0993561   0.372043
-0.130669 -0.100757  0.370378
  -0.112389 -0.00698912    0.319248
  -0.140297 -0.00263472    0.372311
  -0.108964 -0.00778194    0.312757
  -0.199214 -0.00854154    0.409633
  -0.17314 -0.0145706   0.355561
 -0.141112 -0.0107558   0.321419
  -0.126354 -0.00944119    0.312098
 -0.124162 -0.0994082   0.336288
-0.127507 -0.103199  0.334832
 -0.123094 -0.0990794   0.336824
 -0.127999 -0.0100775   0.312561
  -0.12661 -0.0100256   0.311664
  -0.12803 -0.0107889   0.312459
 -0.149764 -0.0966653   0.396255
 -0.148835 -0.0968062   0.394489
 -0.149911 -0.0980623   0.394024
 -0.208434 -0.0235385   0.405981
 -0.171229 -0.0284712   0.341128
 -0.161132 -0.0181289   0.334438
 -0.135287 -0.0073682   0.362763
  -0.13431 -0.0053955   0.363119
  -0.136948 -0.00559251    0.361748
 -0.153332 -0.0141748   0.329298
-0.211514 -0.048397  0.406345
 -0.176488 -0.0531648   0.346615
-0.175682 -0.043518  0.345531
 -0.120024 -0.0143893   0.320354
 -0.123417 -0.0107142   0.318277
 -0.119091 -0.0150002   0.320893
-0.134785 -0.011285  0.316794
 -0.137426 -0.0138645   0.319231
 -0.144013 -0.0126697    0.32282
 -0.134358 -0.0075091   0.360997
 -0.136017 -0.0057433   0.359984
  -0.133382 -0.00554938    0.361354
 -0.158322 -0.0926232   0.398881
 -0.165407 -0.0929194   0.395179
 -0.159727 -0.0925021   0.400399
 -0.164985 -0.0836382   0.341988
 -0.165009 -0.0819669   0.341963
 -0.155983 -0.0906161   0.336817
 -0.178785 -0.0738296   0.357113
 -0.208296 -0.0713448   0.409868
-0.124152 -0.100095  0.335484
-0.126805 -0.103299   0.33351
-0.127511 -0.103222  0.333735
 -0.224298 -0.0603055   0.430044
 -0.222475 -0.0469312   0.424624
 -0.207202 -0.0144124   0.412742
 -0.216382 -0.0287867   0.416979
  -0.194881 -0.00482616    0.413631
   -0.180652 -0.000141775     0.418723
-0.167924 0.0012962   0.42487
  -0.174262 0.000804979     0.42169
  -0.167619 -0.00161904     0.42668
  -0.167229 0.000351323    0.425776
  -0.168115 0.000314296    0.425313
 -0.114831 -0.0998706   0.331604
 -0.118076 -0.0993822   0.337787
 -0.117421 -0.0988351   0.338105
 -0.111193 -0.0082461    0.31706
  -0.121916 -0.00954181    0.335988
  -0.122992 -0.00837662    0.335329
 -0.120988 -0.0096827   0.334222
 -0.114834 -0.0143904   0.324782
 -0.118084 -0.0138972   0.330962
  -0.119133 -0.00973148     0.32215
  -0.112389 -0.00698712    0.319248
  -0.110067 -0.00754371     0.31485
  -0.126393 -0.00927201    0.312068
  -0.121459 -0.00935616    0.309011
-0.119519 -0.100113  0.327459
-0.118283 -0.104505   0.32846
-0.122806 -0.103836  0.326028
  -0.158492 -0.00621812    0.387975
   -0.16401 -0.00631745    0.386737
  -0.162037 -0.00636631    0.386123
 -0.124158 -0.0135505    0.32859
  -0.128443 -0.00977674    0.325777
  -0.127678 -0.00977372    0.325588
 -0.144597 -0.0965443   0.396697
 -0.145525 -0.0964034   0.398463
 -0.144597 -0.0978043   0.396797
  -0.16586 -0.0927586   0.397194
  -0.157876 -0.00606101    0.389942
-0.126298 -0.105539  0.319775
-0.127868 -0.103898  0.319942
-0.126395 -0.104292  0.319095
 -0.143531 -0.0113198   0.322853
-0.134569 -0.010143  0.317301
  -0.127792 -0.00952449    0.312928
 -0.172372 -0.0690014   0.345808
 -0.172039 -0.0630049   0.347344
 -0.168676 -0.0721774   0.345704
 -0.174417 -0.0437509   0.345204
 -0.172386 -0.0430388   0.346012
 -0.175026 -0.0531795   0.346376
-0.170936 -0.028638  0.341313
 -0.153568 -0.0141612   0.329318
 -0.162819 -0.0930742   0.393049
 -0.159028 -0.0930117   0.394092
 -0.159791 -0.0972436   0.393533
-0.120655 -0.101489  0.343987
-0.118112 -0.101382  0.345316
-0.117183 -0.101523  0.343551
 -0.135991 -0.0056834   0.359993
 -0.122992 -0.0081294    0.33531
  -0.133334 -0.00555139    0.361379
 -0.120223 -0.0141558   0.321091
 -0.124172 -0.0105432   0.319565
 -0.124362 -0.0106261   0.318854
 -0.173478 -0.0694822   0.346209
-0.123519 -0.103778  0.327347
-0.121979 -0.103961    0.3361
-0.118722 -0.104423  0.329921
-0.116741 -0.102003  0.343822
-0.117669 -0.101862  0.345588
 -0.11674 -0.103264  0.343922
  -0.21988 -0.0468257   0.425968
 -0.222557 -0.0469401    0.42457
 -0.221564 -0.0601312   0.431445
 -0.213048 -0.0274522   0.417957
 -0.203043 -0.0135735     0.4145
  -0.187297 -0.00465125    0.417673
 -0.221906 -0.0732972   0.435589
 -0.200135 -0.0854487   0.415285
 -0.156259 -0.0925367   0.336709
-0.212609 -0.084706  0.442419
 -0.187572 -0.0935262   0.422535
 -0.108277 -0.0150823   0.327152
 -0.112456 -0.0144483   0.335098
 -0.112723 -0.0152233   0.325392
 -0.169022 -0.0985888    0.39117
 -0.168092 -0.0961927   0.432991
 -0.181742 -0.0922336   0.458798
 -0.168092 -0.0962296   0.432994
 -0.198768 -0.0907262   0.449928
-0.123827 -0.103517  0.326879
 -0.157805 -0.0971284   0.370434
-0.127239 -0.103092  0.333403
 -0.176378 -0.0531771    0.34662
-0.140282 -0.101929  0.380227
 -0.169452 -0.0948509   0.435488
 -0.169452 -0.0958438   0.435567
-0.140292 -0.102918  0.380326
 -0.123461 -0.0995117   0.334966
 -0.122397 -0.0991851   0.335499
-0.122029 -0.103985  0.336076
-0.108037 -0.103834  0.333794
 -0.118451 -0.0997839   0.327995
 -0.108038 -0.0993485   0.333436
 -0.181783 -0.0912254   0.458797
 -0.197144 -0.0880103   0.450735
 -0.180967 -0.0891692   0.459232
 -0.108436 -0.0139944   0.334496
  -0.112708 -0.00940298    0.335467
 -0.112688 -0.0139137     0.3355
 -0.180898 -0.0911884    0.45926
 -0.181783 -0.0912254   0.458797
 -0.181742 -0.0922346   0.458798
 -0.210118 -0.0828421   0.443535
 -0.219048 -0.0726377   0.436949
 -0.153145 -0.0153196   0.328943
-0.160638 -0.019202   0.33414
 -0.205749 -0.0703651   0.411129
 -0.208697 -0.0482801   0.407817
 -0.219697 -0.0468176   0.426064
 -0.208839 -0.0482823   0.407742
 -0.162029 -0.0930893   0.393047
 -0.157868 -0.0927841   0.396866
 -0.158484 -0.0929412   0.394899
 -0.206586 -0.0267576   0.407187
 -0.191682 -0.0507408    0.37697
  -0.16899 -0.0722524    0.34557
 -0.209026 -0.0482628   0.407631
 -0.147041 -0.0157494    0.32594
 -0.200194 -0.0135806   0.409406
 -0.170436 -0.0341968   0.343421
 -0.173342 -0.0531015   0.347257
  -0.188032 -0.00527846    0.415082
 -0.170996 -0.0161594   0.356969
-0.119727  -0.10163  0.342222
  -0.165847 -0.00424828    0.391157
  -0.167161 -0.00162509    0.425799
  -0.167159 -0.00164792    0.425802
   -0.16554 -0.00459271    0.388062
  -0.158859 -0.00756097    0.362775
   -0.11812 -0.00996726    0.338018
 -0.119735 -0.0102145   0.334923
 -0.117192 -0.0101082   0.336252
  -0.139336 -0.00260918     0.37263
  -0.167614 -0.00161875    0.426671
  -0.152892 -0.00282596    0.398591
 -0.107045 -0.0986978   0.335303
  -0.10827 -0.0988149   0.333837
 -0.112448 -0.0981809   0.341783
 -0.167229 0.00035232   0.425776
   -0.16383 -0.00375631    0.393623
   -0.16063 -0.00347624    0.393923
  -0.150848 -0.00353575    0.388254
  -0.148192 -0.00333192    0.389635
 -0.162086 -0.0924015   0.401336
  -0.16587 -0.0926793   0.397974
 -0.165966 -0.0959712   0.398546
    -0.1631 -0.00453457    0.385998
 -0.124179 -0.0107264   0.318464
-0.148554 -0.092725  0.333462
 -0.124763 -0.0995621   0.335454
  -0.12476 -0.0998114   0.336176
 -0.123035 -0.0988528   0.336709
-0.120794  -0.10017  0.327926
-0.120562 -0.100205  0.327485
-0.123546 -0.103688  0.326194
 -0.180967 -0.0892071   0.459235
 -0.167128 -0.0931872   0.433066
-0.173441 -0.069626  0.346203
 -0.168567 -0.0948139    0.43595
 -0.170169 -0.0923579    0.43882
 -0.180967 -0.0891682   0.459232
 -0.186194 -0.0908345   0.422887
-0.110401 -0.013897  0.335706
  -0.11055 -0.0144345   0.335269
 -0.108655 -0.0139799   0.334188
  -0.11771 -0.0989981   0.337949
-0.152927 -0.096875  0.406184
 -0.198077 -0.0834132   0.416125
 -0.150835 -0.0980021   0.395796
  -0.16713 -0.0932242   0.433068
  -0.16385 -0.0963064   0.401181
 -0.160536 -0.0967584   0.401534
 -0.149911 -0.0982398   0.394037
 -0.165649 -0.0960466   0.395301
  -0.121951 -0.00960305    0.335975
 -0.119748 -0.0102838   0.334922
 -0.120664 -0.0100736   0.336689
-0.106567 -0.099208  0.335194
 -0.169548 -0.0879763   0.363437
 -0.124516 -0.0141212   0.328164
  -0.128723 -0.00977937    0.326172
  -0.128474 -0.00983283    0.325741
 -0.120802 -0.0146848   0.321101
 -0.124459 -0.0107208   0.318862
-0.12057 -0.01472  0.32066
  -0.145534 -0.00355383     0.39105
  -0.147262 -0.00351772    0.387872
  -0.148191 -0.00340274     0.38964
 -0.107052 -0.0149652   0.328618
 -0.109081 -0.0145318   0.334048
 -0.106447 -0.0990245   0.337493
-0.106773 -0.103512  0.337831
-0.10778 -0.10385 0.333593
  -0.145634 -0.00517689    0.391126
  -0.148237 -0.00340167    0.389616
  -0.149214 -0.00533454    0.389256
-0.127831 -0.102997  0.334349
-0.122929 -0.103807  0.337288
 -0.105807 -0.0138062   0.308555
 -0.104878 -0.0139471   0.306789
 -0.103264 -0.0136999   0.309883
 -0.144605 -0.0036688   0.389282
  -0.134127 -0.00538527    0.362883
   -0.13941 -0.00458949    0.372932
  -0.147262 -0.00351474    0.387872
-0.117669  -0.10311  0.345687
 -0.106823 -0.0990639   0.337489
  -0.144706 -0.00531778     0.38936
  -0.147308 -0.00351563    0.387848
 -0.170078 -0.0343969   0.343729
  -0.148286 -0.00547543     0.38749
 -0.12474 -0.099571  0.335431
 -0.12755 -0.103157  0.333673
-0.127785 -0.103125  0.334113
-0.118762 -0.107246  0.315162
-0.121646 -0.105534  0.315996
-0.119019 -0.106097  0.314406
-0.101884 -0.105242  0.315648
-0.102813 -0.103839  0.317313
-0.102813 -0.105191  0.317421
-0.120835 -0.100136  0.327927
-0.123724 -0.103722  0.326639
-0.120713 -0.100474  0.328559
 -0.158029 -0.0058682   0.392244
  -0.162417 -0.00360747    0.394254
 -0.106921 -0.0142527   0.330707
 -0.107224 -0.0148136   0.330517
 -0.106574 -0.0144777   0.328429
  -0.128855 -0.00954034    0.326502
 -0.126952 -0.0128678   0.312341
  -0.134263 -0.00539354    0.363144
   -0.13692 -0.00552954    0.361757
 -0.150839 -0.0979214   0.395789
  -0.131606 -0.00682057    0.364655
  -0.130677 -0.00696146    0.362889
  -0.131606 -0.00554762    0.364553
 -0.118936 -0.0991102   0.328819
 -0.118683 -0.0992502   0.328396
-0.120613 -0.100119  0.327451
  -0.110277 -0.00821678    0.317464
  -0.131706 -0.00721055    0.364633
-0.127526 -0.103343   0.33484
-0.122055 -0.103676  0.341161
 -0.169959 -0.0293931   0.341077
  -0.130677 -0.00570147    0.362789
  -0.133334 -0.00555138    0.361379
  -0.134263 -0.00539753    0.363144
-0.120216 -0.100007  0.328784
-0.123514 -0.103743  0.327347
-0.118779 -0.104477  0.329896
  -0.11643 -0.0983922    0.33914
 -0.112716 -0.0989558   0.332077
 -0.173158 -0.0531032   0.347353
 -0.127679 -0.0129124   0.312813
  -0.130778 -0.00735144    0.362867
 -0.108045 -0.0146181   0.326671
  -0.118399 -0.00989238     0.32085
 -0.107094 -0.0133357    0.30784
 -0.106131 -0.0134153   0.306088
 -0.104892 -0.0140174   0.306787
-0.173503 -0.053142  0.347133
  -0.118003 -0.00847186    0.332271
 -0.149206 -0.0961635   0.396508
 -0.150852 -0.0979947   0.395788
 -0.148293 -0.0979765   0.397133
  -0.165415 -0.00619637    0.388255
  -0.120335 -0.00794355    0.336692
  -0.11269 -0.0138819   0.335358
  -0.117778 -0.00983932    0.338188
  -0.117678 -0.00813651    0.338105
  -0.120405 -0.00798339    0.336658
  -0.121359 -0.00999697    0.336317
-0.114648 -0.106843  0.312168
-0.110671 -0.107382  0.310799
-0.119034 -0.106456  0.314507
 -0.114434 -0.0994552   0.331831
 -0.118799 -0.0999793   0.328677
  -0.116749 -0.00833024    0.336343
  -0.119406 -0.00818015    0.334934
  -0.120335 -0.00798642    0.336695
 -0.159676 -0.0842372   0.340385
 -0.134583 -0.0989825   0.370443
 -0.131112 -0.0990171   0.370006
 -0.133655 -0.0991234   0.368677
 -0.112694 -0.0986869   0.342218
 -0.110543 -0.0981671   0.341954
  -0.116749 -0.00833123    0.336343
   -0.11685 -0.00998021    0.336422
   -0.11948 -0.00817724    0.334895
 -0.102335 -0.0138408   0.308118
  -0.12043 -0.0101379   0.334552
 -0.12135 -0.101623  0.343633
-0.123002 -0.103484  0.342913
-0.120481   -0.1035   0.34424
 -0.119088 -0.0994517   0.329203
 -0.119138 -0.0986101   0.328939
-0.120817 -0.100161   0.32795
-0.114081 -0.099315  0.331915
  -0.118003 -0.00965011    0.332365
 -0.123733 -0.0142957   0.329722
  -0.118003 -0.00847784    0.332272
  -0.123219 -0.00884646    0.329558
   -0.11336 -0.00950528    0.323469
  -0.11336 -0.0103546   0.323536
  -0.112688 -0.00942795    0.335142
   -0.11336 -0.00950827    0.323469
 -0.108046 -0.0101324   0.326313
  -0.106575 -0.00999195    0.328071
  -0.106781 -0.00980998     0.33035
  -0.165252 -0.00587839    0.392238
  -0.159734 -0.00577909    0.393476
 -0.161708 -0.0057302    0.39409
 -0.146563 -0.0154975   0.325538
 -0.161118 -0.0222456   0.336466
 -0.106903 -0.0110712   0.311236
  -0.144605 -0.00492879    0.389382
 -0.126984 -0.0126959   0.312295
 -0.109247 -0.0103174   0.315642
  -0.111557 -0.00992643    0.320051
 -0.175679 -0.0434731   0.345501
 -0.120854 -0.0147778    0.32108
 -0.118711 -0.0156221    0.32171
 -0.118923 -0.0154825   0.322153
  -0.145976 -0.00530483    0.390956
  -0.147591 -0.00555205    0.387862
  -0.145048 -0.00544572    0.389191
-0.120814  -0.10041  0.328672
 -0.164002 -0.0930405   0.393661
 -0.108135 -0.0117662   0.307169
 -0.105476 -0.0115428   0.308545
  -0.10924 -0.0104793   0.315662
 -0.16152 -0.096628  0.401963
 -0.108708 -0.0987974   0.340892
 -0.109073 -0.0982644   0.340733
 -0.110393 -0.0986274   0.342471
 -0.110975 -0.0126958   0.303269
-0.122229 -0.012493  0.309113
  -0.161065 -0.00633213     0.38611
  -0.105648 -0.00952215    0.308711
 -0.116437 -0.0146597   0.332455
  -0.165781 -0.00596824    0.391515
  -0.162703 -0.00569913    0.394103
 -0.102108 -0.0108867   0.302044
 -0.102922 -0.0135719   0.310053
 -0.102821 -0.0117335   0.309959
 -0.105628 -0.0115778   0.308471
 -0.106502 -0.0137296   0.308183
-0.120222 -0.100425  0.327255
 -0.120744 -0.0997368   0.327092
 -0.118668 -0.0992415   0.328368
 -0.12262 -0.098609   0.33588
 -0.117636 -0.0989632   0.337921
 -0.101893 -0.0120638   0.308209
 -0.104549 -0.0119127   0.306799
 -0.105478 -0.0115805    0.30855
 -0.102079 -0.0128957   0.302149
 -0.123245 -0.0994109   0.335072
 -0.124352 -0.0999633   0.335265
 -0.107206 -0.0120876   0.305416
-0.102078 -0.012908  0.302146
  -0.10455 -0.0119109   0.306798
  -0.160015 -0.00633004    0.386575
 -0.101892 -0.0120648   0.308209
 -0.101993 -0.0137128   0.308287
 -0.104707 -0.0119094   0.306716
  -0.13435 -0.0992581   0.368322
-0.133454 -0.101144  0.368944
-0.136004 -0.101135  0.367602
 -0.105573 -0.0138705   0.306417
-0.126372 -0.102453  0.319633
   -0.1617 -0.0924532   0.401014
 -0.165244 -0.0926014   0.399162
  -0.135879 -0.00697429     0.36242
  -0.133676 -0.00765504    0.361367
  -0.134592 -0.00744382    0.363134
 -0.123971 -0.0137905   0.327858
  -0.122633 -0.00897367    0.328177
  -0.116749 -0.00959122    0.336444
  -0.122088 -0.00838098     0.33354
  -0.110084 -0.00845019    0.314955
  -0.109201 -0.00849357    0.315428
 -0.102105 -0.0108432   0.302036
 -0.103225 -0.0108238   0.302017
 -0.122656 -0.0150224   0.329214
   -0.1248 -0.0141789   0.328586
  -0.165868 -0.00603552    0.390271
  -0.149807 -0.00494063    0.388913
  -0.148844 -0.00502027    0.387161
  -0.147604 -0.00562138     0.38786
 -0.123084 -0.0980113   0.336443
  -0.112407 -0.00797622    0.319361
  -0.111521 -0.00794019    0.319824
  -0.109201 -0.00849257    0.315428
 -0.110087 -0.0085306   0.314966
  -0.10706 -0.0132744   0.307853
 -0.108135 -0.0121092   0.307195
   -0.14852 -0.00541115    0.389628
  -0.168085 0.000908221    0.425213
  -0.167196 0.000349382    0.425714
  -0.111518 -0.00734594    0.319766
  -0.112407 -0.00797722    0.319361
 -0.148511 -0.0960298   0.396862
 -0.145968 -0.0959235   0.398191
  -0.14504 -0.0960644   0.396426
   -0.1127 -0.0986181    0.34259
-0.108429  -0.10321  0.341619
  -0.10863 -0.0987443   0.341005
-0.122872 -0.106425  0.317671
-0.126459 -0.104309  0.319002
-0.123028 -0.105188  0.316952
 -0.148525 -0.0959606    0.39685
  -0.14887 -0.0967488   0.394466
-0.135982 -0.101181  0.367617
-0.136906 -0.100984  0.369376
-0.118915 -0.099215  0.328838
-0.168064 -0.095234  0.432862
 -0.167178 -0.0951691   0.433322
 -0.180898 -0.0912153   0.459262
-0.134117    -0.101  0.370515
-0.139368 -0.101897  0.380635
  -0.119406 -0.00817616    0.334933
  -0.122063 -0.00832512    0.333548
  -0.118004 -0.00843595    0.332269
  -0.122063 -0.00851751    0.333564
 -0.157856 -0.0037784   0.388665
 -0.157984 -0.0926267   0.398951
 -0.157659 -0.0974305   0.396103
-0.113351 -0.104587   0.33106
-0.107846 -0.107395  0.320749
-0.112385 -0.107335  0.327267
-0.111496 -0.106852  0.327689
 -0.167188 -0.0956133   0.433375
 -0.145525 -0.0975916   0.398557
-0.11268 -0.10313 0.342623
-0.117994 -0.103868  0.339887
 -0.108639 -0.0095282   0.333882
 -0.107216 -0.0985462   0.337202
  -0.132048 -0.00733749    0.364463
  -0.133663 -0.00758471    0.361369
   -0.13112 -0.00747839    0.362698
 -0.124667 -0.0136848   0.329183
 -0.128424 -0.0096143   0.326882
 -0.122662 -0.0987265   0.336105
 -0.122883 -0.0148923   0.329687
 -0.123183 -0.0144028    0.33019
 -0.124767 -0.0138606   0.329016
 -0.168064 -0.0952061   0.432859
-0.112381 -0.106889  0.327226
-0.109176 -0.107183  0.323276
-0.121908 -0.102125   0.34338
-0.120979 -0.102266  0.341614
-0.122055 -0.103521  0.341149
-0.108091 -0.105337  0.321053
  -0.11765 -0.0142829    0.33117
 -0.122753 -0.0141546   0.329377
 -0.165735 -0.0062119   0.387948
 -0.124559 -0.0995197   0.334954
 -0.122882 -0.0985123   0.336324
-0.110061  -0.10722  0.322813
-0.103298 -0.105682  0.311906
-0.102146 -0.107656   0.30986
-0.103224 -0.107693  0.309766
-0.102164 -0.107655  0.309803
-0.109175 -0.107282  0.323281
 -0.122637 -0.0149189   0.329216
 -0.107207 -0.0122501   0.305429
-0.11006 -0.10728 0.322816
 -0.106781 -0.0142957   0.330708
 -0.122869 -0.0148837   0.329657
-0.127893 -0.103908  0.319891
-0.142733 -0.099713  0.329425
  -0.134916 -0.00705393    0.360668
   -0.13692 -0.00574685    0.361775
  -0.135991 -0.00588775    0.360009
-0.10863 -0.10323 0.341363
  -0.149945 -0.00370964    0.386477
 -0.118385 -0.0997239   0.327829
-0.101884 -0.105241  0.315648
 -0.10547 -0.105565  0.316053
-0.104541 -0.105614   0.31428
 -0.124509 -0.0141318   0.328132
 -0.123926 -0.0138679   0.327692
 -0.122454 -0.0146709   0.328866
-0.101985   -0.1036  0.315464
-0.101884  -0.10524  0.315648
 -0.10475 -0.105635  0.314172
-0.105565 -0.103741  0.313592
  -0.128301 -0.00996908     0.32558
 -0.124379 -0.0106823   0.318614
 -0.124455 -0.0106317   0.319337
 -0.107788 -0.0146352    0.32647
 -0.106456 -0.0098094    0.33037
-0.102913 -0.103459   0.31723
-0.105674 -0.105585  0.315947
 -0.135278 -0.0991173   0.370088
-0.136927 -0.100964  0.369368
-0.134381 -0.100961  0.370707
-0.106494 -0.103601  0.315358
-0.119862 -0.104298  0.323121
-0.111499 -0.104859  0.327535
-0.109213 -0.105522   0.32314
 -0.122862 -0.0986162   0.336342
-0.113357 -0.104712  0.331066
-0.111499 -0.104858  0.327535
-0.113351 -0.104056  0.331017
-0.113351 -0.104584  0.331059
-0.117994 -0.103352  0.339846
-0.117994 -0.103864  0.339887
  -0.11268 -0.0986441   0.342265
-0.110393 -0.103113  0.342828
-0.119398 -0.103642  0.342555
-0.107051 -0.104102  0.315105
-0.105812 -0.103398  0.315701
-0.106157 -0.104185  0.313316
 -0.157966 -0.0971838   0.399433
-0.116841 -0.101623  0.343738
 -0.11674 -0.103263  0.343922
-0.119554 -0.103653  0.342474
-0.120422 -0.101764  0.341867
-0.120326 -0.103484   0.34432
-0.119398 -0.103636  0.342555
-0.122984  -0.10353  0.342926
-0.120327 -0.103505  0.344321
  -0.121745 -0.00986504    0.308555
 -0.121813 -0.0105552   0.308442
 -0.123185 -0.0105926   0.309333
 -0.11777 -0.101482  0.345504
 -0.10487 -0.103607  0.313947
   -0.15087 -0.00358754    0.388246
-0.133326 -0.101129   0.36901
 -0.108153 -0.0993863   0.333516
-0.135836 -0.099619  0.369835
 -0.134596 -0.0989133    0.37043
 -0.134942 -0.0997016   0.368046
 -0.130769 -0.0991164   0.370194
-0.131597 -0.100574   0.37214
-0.134254 -0.100946  0.370773
-0.133326  -0.10113   0.36901
  -0.122597 -0.00900608    0.328199
 -0.131698 -0.0989756   0.371959
 -0.124168 -0.0135572   0.328594
  -0.128626 -0.00968669    0.326164
-0.105799 -0.103466  0.315713
-0.102327   -0.1035  0.315276
 -0.108094 -0.0145789   0.326685
 -0.147254 -0.0981765    0.39543
-0.134254 -0.100998  0.370779
 -0.163157 -0.0966093   0.393214
  -0.150848 -0.00371418    0.388268
  -0.149919 -0.00385508    0.386502
 -0.114468 -0.0147439   0.325003
  -0.119175 -0.00969433    0.322125
 -0.119792 -0.0148927   0.322215
 -0.144698 -0.0961627   0.396613
 -0.147366 -0.0981892   0.395372
 -0.148278 -0.0963044   0.394742
 -0.148182 -0.0979638    0.39719
 -0.120721 -0.0142836   0.321678
 -0.145525 -0.0975916   0.398557
 -0.145626 -0.0960218   0.398379
 -0.145533 -0.0047879   0.391148
-0.103256  -0.10336  0.317042
  -0.149919 -0.00364973    0.386486
-0.122075 -0.103633  0.341147
 -0.147583 -0.0961707   0.395097
-0.127142 -0.101966  0.320201
   -0.10665 -0.00952056    0.308468
  -0.103427 -0.00985516    0.302326
 -0.103223 -0.0108101   0.302012
-0.120668 -0.101419  0.343975
-0.121014 -0.102208  0.341591
 -0.102287 -0.0128994   0.302141
 -0.108994 -0.0127013   0.302594
 -0.103225 -0.0107526   0.302066
 -0.102171 -0.0108832   0.302038
 -0.113298 -0.0106352   0.303851
 -0.103403 -0.0101286   0.302708
 -0.103229 -0.0106847   0.302012
-0.111347 -0.010511  0.303028
 -0.119172 -0.0101815   0.306662
 -0.106773 -0.0990261   0.337473
  -0.126362 -0.00951283     0.31208
  -0.12321 -0.0105758   0.309292
 -0.126646 -0.0107214   0.311568
  -0.109236 -0.00947784    0.303439
  -0.118772 -0.00943402    0.307304
  -0.110079 -0.00732798    0.314825
 -0.103694 -0.0095744   0.302814
 -0.124781 -0.0995368   0.335432
-0.127727 -0.103188  0.334121
 -0.124659 -0.0998755   0.336064
-0.122983  -0.10338  0.342914
-0.108748 -0.107423  0.320316
-0.108939 -0.108385  0.320758
-0.126291 -0.105659   0.31981
 -0.11238 -0.107877  0.327303
   -0.12313 -0.00989875    0.309442
 -0.118932 -0.0155249   0.322174
 -0.114447 -0.0147748   0.325081
 -0.122629 -0.0986514   0.335901
 -0.176371 -0.0531516   0.346634
-0.107198 -0.105498  0.312874
-0.108127 -0.105357   0.31464
-0.126305 -0.105683  0.319802
-0.110076 -0.108379  0.322901
  -0.149772 -0.00487937    0.388926
 -0.126646 -0.0107213    0.31157
-0.110755 -0.108368  0.311793
-0.103896 -0.108752   0.31082
-0.110058 -0.108208  0.322886
 -0.124207 -0.0107781   0.318433
-0.121408 -0.106879  0.316824
 -0.10343 -0.108554  0.310228
 -0.123023 -0.0082015   0.335299
-0.103351 -0.108368  0.310014
-0.103718 -0.108681  0.310789
 -0.10322 -0.107701  0.309759
-0.118736 -0.107191  0.315191
 -0.119147 -0.0996782   0.329319
-0.111958 -0.107261  0.311098
-0.111194 -0.105296  0.310859
-0.103207 -0.107748  0.309889
  -0.117677 -0.00945033    0.338209
 -0.10225 -0.107715  0.309904
 -0.160007 -0.0930531   0.393499
  -0.122017 -0.00982279    0.308758
 -0.121891 -0.0105235   0.308325
 -0.121448 -0.0094288   0.309018
  -0.118804 -0.00935496    0.307251
  -0.122844 -0.00945509    0.309909
-0.118759 -0.107193    0.3152
 -0.118508 -0.0152697   0.321362
 -0.118693 -0.0161185   0.321499
 -0.120563 -0.0147306   0.320628
-0.121352 -0.106667  0.316829
 -0.12515 -0.014591  0.328701
-0.121357  -0.10666  0.316825
  -0.11446 -0.0994912   0.331769
 -0.118779 -0.0154028   0.322007
 -0.119155 -0.0149478   0.322554
  -0.12051 -0.0143089   0.321059
-0.120206 -0.100695  0.327981
-0.123509  -0.10375  0.326252
 -0.119167 -0.0105074   0.306701
-0.126256 -0.105476  0.319814
 -0.120002 -0.0147938   0.322097
 -0.107226 -0.0121423    0.30541
 -0.108135 -0.0117623   0.307167
 -0.107204 -0.0121349   0.305415
 -0.106675 -0.0127425   0.302352
  -0.10818 -0.0118649   0.307152
 -0.122192 -0.0127043   0.309156
 -0.108638 -0.0140139    0.33424
 -0.119083 -0.0127079   0.306984
 -0.123177 -0.0105907   0.309344
 -0.119029 -0.0127063   0.306953
 -0.122921 -0.0127195   0.309644
 -0.163721 -0.0924895   0.400562
  -0.159896 -0.00417115    0.386249
 -0.119172 -0.0105121   0.306693
  -0.11916 -0.0105186   0.306712
-0.119026 -0.012713  0.306957
 -0.149933 -0.0981868   0.394022
-0.121976 -0.103935    0.3361
  -0.158004 -0.00619075    0.388632
 -0.123799 -0.0106497   0.318143
  -0.111563 -0.00953228        0.32
  -0.135844 -0.00691304    0.362433
  -0.113363 -0.00942051    0.323462
 -0.128025 -0.0107862   0.312467
 -0.122926 -0.0127181   0.309637
 -0.127678 -0.0129092   0.312815
 -0.156411 -0.0915848   0.337324
 -0.124508 -0.0996062   0.334989
 -0.123037 -0.0144014   0.328398
 -0.123195 -0.0105867   0.309319
 -0.118691 -0.0155177   0.321711
 -0.122639 -0.0155197   0.329003
-0.109193 -0.105425  0.323126
-0.108127 -0.105582  0.314658
-0.107198 -0.105629  0.312884
 -0.10547 -0.105575  0.316054
-0.108156 -0.105518  0.314637
-0.102089 -0.105645  0.309584
-0.104542 -0.105616  0.314281
-0.123782 -0.103658  0.326633
-0.109837 -0.105399  0.310589
-0.135983 -0.101015  0.367604
-0.136911 -0.100874   0.36937
-0.107215 -0.105592  0.312872
-0.102208  -0.10566  0.309584
-0.114107 -0.104859  0.312129
 -0.117718 -0.0142507   0.331183
 -0.134907 -0.0997599   0.368069
-0.121575 -0.103421  0.316551
-0.118855 -0.103965  0.314633
 -0.11857 -0.104062  0.314486
  -0.163729 -0.00576647    0.393638
-0.119008 -0.106084  0.314418
-0.123001 -0.105177   0.31699
-0.122434  -0.10322  0.317124
-0.118575 -0.104069  0.314483
-0.119012 -0.106095  0.314417
  -0.13204 -0.0988762   0.371772
-0.121573  -0.10342  0.316553
-0.101884  -0.10398  0.315547
 -0.114826 -0.0998754   0.331607
-0.123264 -0.103738  0.325919
-0.106123 -0.104243  0.313339
 -0.12629 -0.102222  0.319652
  -0.12059 -0.0147567   0.320627
-0.127829 -0.103895  0.320004
-0.12714 -0.10197 0.320207
-0.122444 -0.103223  0.317111
-0.123017 -0.105185  0.316969
  -0.11998 -0.0144667   0.320188
 -0.142299 -0.0998183    0.32925
-0.127733 -0.105074  0.320703
-0.127733 -0.105076  0.320705
 -0.165734 -0.0827823   0.342418
-0.124748 -0.014086  0.328606
-0.0864285 -0.0587998    0.27587
  -0.10772 -0.0836553   0.266658
 -0.114249 -0.0729332   0.262369
 -0.116543 -0.0600587   0.260136
 -0.114252 -0.0469927   0.260298
 -0.107724 -0.0357248   0.262831
-0.0979554 -0.0279698   0.267349
-0.0864315 -0.0249082   0.273164
-0.0749077 -0.0270062   0.279391
-0.0651369 -0.0339444   0.285083
-0.0586083 -0.0446665   0.289371
-0.0563149 -0.0575408   0.291605
-0.0586059  -0.070607   0.291442
-0.0651326 -0.0818749    0.28891
-0.0749021   -0.08963   0.284391
-0.0864254 -0.0926915   0.278576
-0.0979498 -0.0905935   0.272349
 -0.116501 -0.0196771   0.282164
-0.0864319 -0.0204215   0.272806
 -0.117804 -0.0206499   0.269981
 -0.114332 -0.0215878   0.258229
 -0.106612 -0.0223482   0.248696
-0.0958186 -0.0228153   0.242833
-0.0835977  -0.022918   0.241534
-0.0718076 -0.0226406   0.244995
-0.0622443 -0.0220253   0.252691
-0.0563633 -0.0211659   0.263448
-0.0550595  -0.020193   0.275632
-0.0585326 -0.0192551   0.287384
-0.0662527 -0.0184947   0.296916
-0.0770449 -0.0180276    0.30278
-0.0892667  -0.017925   0.304078
 -0.101056 -0.0182024   0.300617
  -0.11062 -0.0188177   0.292921
 -0.086425 -0.0971772   0.278934
 -0.116494 -0.0964328   0.288292
 -0.117798 -0.0974056    0.27611
 -0.114325 -0.0983436   0.264357
-0.106605 -0.099104  0.254824
-0.0958117 -0.0995711   0.248961
-0.0835907 -0.0996737   0.247662
-0.0718007 -0.0993963   0.251123
-0.0622374  -0.098781   0.258819
-0.0563563 -0.0979216   0.269576
-0.0550521 -0.0969489   0.281759
-0.0585257 -0.0960109   0.293512
-0.0662458 -0.0952505   0.303044
 -0.077038 -0.0947833   0.308908
-0.0892589 -0.0946807   0.310207
 -0.101049 -0.0949581   0.306745
 -0.110613 -0.0955734   0.299049
-0.107792 -0.102036  0.324911
-0.102784 -0.101826  0.327528
-0.104744 -0.102013  0.325185
 -0.113358 -0.0650303   0.459286
-0.0913176 -0.0752135   0.416214
-0.0917318 -0.0732345   0.418862
-0.0519194 -0.0521686   0.348984
-0.0505785  -0.052899   0.345463
-0.0468591 -0.0539999   0.335937
 -0.066276 -0.0371433   0.369688
-0.0790029 -0.0317228   0.400641
-0.0636579 -0.0370338   0.371056
 -0.139417 -0.0915786   0.411944
-0.144426 -0.091788  0.409327
 -0.142465 -0.0916008    0.41167
-0.0532301 -0.0527451   0.344328
-0.0505596 -0.0537988   0.345816
-0.0505631 -0.0526636   0.345762
-0.0503976 -0.0532444   0.345412
  -0.105002 -0.00958063    0.325342
  -0.113361 -0.00951402    0.323472
  -0.106828 -0.00946499    0.325649
-0.091531  -0.01861  0.406626
-0.0882422 -0.0195761   0.401371
 -0.088396 -0.0184792   0.408261
-0.0654626 -0.0506177   0.371191
-0.0645554 -0.0484326   0.369228
-0.0645392 -0.0509334   0.369436
-0.047352 -0.063649  0.336334
-0.0505968 -0.0536727    0.34562
-0.0701203 -0.0237949   0.366602
-0.0767377 -0.0204362   0.386111
-0.0672285 -0.0236741   0.368113
 -0.161998 -0.0895846   0.469149
 -0.180856 -0.0922374   0.459264
 -0.167206 -0.0961607   0.433455
-0.0468195 -0.0539992   0.335952
  -0.11336 -0.0100555   0.323512
-0.0993329 -0.0094691   0.330842
-0.0476131 -0.0430995   0.334494
-0.0508368 -0.0438274   0.344261
-0.0495521 -0.0541132   0.334531
-0.0468631 -0.0540006   0.335936
-0.0666544 -0.0346571   0.369291
-0.0653199 -0.0374565    0.36795
-0.0506155 -0.0463121    0.34462
-0.0504946 -0.0483047   0.344872
 -0.064725 -0.0439368    0.36878
-0.0621804 -0.0438303    0.37011
-0.0646114 -0.0464335   0.369039
-0.0504039 -0.0507985   0.345138
-0.0519253 -0.0501534   0.348817
 -0.140974 -0.0915852    0.41214
 -0.141238 -0.0956544   0.413166
-0.0499868 -0.0630646    0.33491
 -0.052986 -0.0329694   0.341887
-0.0499829 -0.0335667   0.331952
-0.0523494 -0.0352156   0.330865
-0.0524243 -0.0349302   0.342432
  -0.118003 -0.00935106    0.332341
   -0.10899 -0.00828447    0.336995
-0.0518364 -0.0373942   0.343032
-0.0530454 -0.0384886   0.347294
-0.0744628 -0.0833249   0.369068
-0.0731745 -0.0834508    0.36749
-0.0740474 -0.0833075   0.369285
-0.0526382 -0.0411758   0.347726
-0.0510681 -0.0418415   0.343933
-0.0502278 -0.0440095     0.3332
-0.0559108 -0.0261396    0.33943
-0.0537069 -0.0262625   0.328652
 -0.055697 -0.0284805   0.327813
 -0.075598 -0.0257105   0.381893
-0.0870884 -0.0220181   0.402245
-0.0797093 -0.0232837    0.39616
-0.0546746 -0.0285726   0.340418
-0.0563799 -0.0278395   0.344701
-0.0538515  -0.030516   0.341118
 -0.112642 -0.0442267   0.457787
-0.0943046  -0.032095   0.423137
 -0.094388 -0.0339794   0.424012
-0.0680218 -0.0145374   0.337513
-0.0618088 -0.0177435   0.322266
-0.0607947 -0.0227737   0.323694
-0.0592311 -0.0201771   0.324299
-0.0576102 -0.0253795   0.343851
 -0.119226 -0.0255474   0.468273
 -0.121463 -0.0427137   0.477391
 -0.110071 -0.0441543    0.45936
-0.0650354 -0.0163292   0.320119
 -0.122012 -0.0259554    0.46701
 -0.124147 -0.0428268   0.475989
  -0.12148 -0.0427144   0.477382
-0.0662653 -0.0191202    0.31969
 -0.070383 -0.0140117   0.316533
 -0.0849756 -0.00862123    0.328126
-0.0784646 -0.0117543   0.311482
-0.0713719 -0.0169027   0.316235
-0.0755755 -0.0124801   0.313256
-0.0797164 -0.0818295   0.381533
-0.0830657 -0.0819347   0.394456
 -0.076363 -0.0816886   0.383207
-0.0763966  -0.015422   0.313049
-0.0820684  -0.011225   0.309395
   -0.10918 -0.00746112    0.315305
-0.0889467 -0.0104726   0.305571
-0.0937987 -0.0257179   0.418662
-0.0910243 -0.0256187    0.42009
-0.0912981 -0.0278303   0.421992
-0.0826136 -0.0142247   0.309343
-0.0654794 -0.0506185   0.371182
-0.0785306 -0.0449911   0.403358
-0.0628489 -0.0505085   0.372557
-0.0892171 -0.0105598   0.305471
-0.0812679 -0.0426018   0.401741
-0.0628783 -0.0480082   0.372342
-0.0785455 -0.0425111   0.403017
-0.0955434 -0.0102139   0.302987
-0.0894622 -0.0135865   0.305583
   -0.10203 -0.00987667    0.301401
 -0.102123 -0.0098747   0.301991
-0.0917676 -0.0551887   0.428328
-0.0918738 -0.0571839   0.427969
-0.0899803 -0.0812176   0.399689
 -0.092204 -0.0798075   0.405367
 -0.088857 -0.0796783   0.407119
  -0.130727 -0.00624512    0.445179
 -0.097747 -0.0098534    0.39531
 -0.120917 -0.0134832   0.450858
 -0.102026 -0.0129022   0.301817
 -0.102078 -0.0129098   0.302149
  -0.105646 -0.00852275    0.308626
 -0.107044 -0.0110378   0.311503
  -0.110269 -0.00722108     0.31737
  -0.106482 -0.00692907    0.320898
 -0.109182 -0.0075007   0.315312
  -0.111503 -0.00694611     0.31971
-0.0645428 -0.0509335   0.369434
-0.0619771 -0.0483096   0.370574
-0.0619822 -0.0508265   0.370772
-0.0664003 -0.0632964    0.37171
-0.0636723 -0.0631784   0.373135
-0.0660489 -0.0607799   0.371693
 -0.0835172 -0.00862308     0.33456
-0.0688463 -0.0144701   0.342742
-0.0576235 -0.0253759   0.343846
-0.0865013 -0.0820783   0.392661
-0.0871989 -0.0819733   0.393977
-0.0837615 -0.0818296   0.395773
-0.0591475 -0.0262812   0.337736
-0.0558974 -0.0261454   0.339433
 -0.058638 -0.0249429   0.346317
-0.0595583 -0.0245736   0.348431
-0.0888254  -0.079608   0.407007
-0.0903521  -0.077724   0.412173
 -0.145738 -0.0827537   0.477426
 -0.122575 -0.0801817   0.455648
 -0.132351 -0.0697979   0.482446
-0.0622941 -0.0248911   0.345702
-0.0865355 -0.0810859   0.401422
 -0.062418 -0.0606394   0.371326
-0.0631306 -0.0651666   0.371312
-0.0628084 -0.0631515   0.371321
-0.0694729 -0.0769382   0.368917
-0.0683943 -0.0743921   0.369281
-0.0654264  -0.074279   0.370832
-0.0577254 -0.0286972   0.338822
-0.0558886 -0.0261468    0.33944
 -0.059163 -0.0262819   0.337726
-0.0719657 -0.0815401   0.367973
-0.0704576  -0.078981   0.368562
-0.0673541 -0.0788493   0.370183
-0.0577361 -0.0287005   0.338819
 -0.056861 -0.0276043   0.345964
-0.125499 -0.056472  0.481781
  -0.108616 -0.00944604     0.32516
  -0.110029 -0.00952841    0.323967
-0.0842498 -0.0749692   0.397931
-0.0693319  -0.074426   0.371056
-0.0664418 -0.0743051   0.372566
 -0.119644 -0.0973099   0.390735
 -0.10263 -0.103446  0.336931
-0.107099 -0.102897  0.345273
-0.0583132 -0.0270145   0.349282
-0.0555209 -0.0297826   0.345304
-0.0563478 -0.0278228    0.34471
  -0.096331 -0.00934739    0.332514
-0.0755365 -0.0274875   0.383484
-0.0930738 -0.0219631   0.414061
-0.0609451 -0.0273028   0.346818
-0.0555098 -0.0297934   0.345307
-0.0574818 -0.0289915   0.349875
-0.0925785 -0.0203797   0.411175
-0.0915509 -0.0185745   0.406631
-0.0896421 -0.0202016   0.412737
-0.0829289  -0.068403   0.400887
-0.0949928 -0.0688448   0.421452
-0.0921266 -0.0687249    0.42295
-0.0944211 -0.0753433   0.414592
-0.0811856 -0.0748411   0.399381
-0.0649879 -0.0300847   0.369802
-0.0796107 -0.0250837   0.397615
-0.0600117 -0.0292657   0.347462
-0.0568075 -0.0306458    0.33957
-0.0560333  -0.029567   0.346585
 -0.053851 -0.0305222   0.341115
-0.0771626 -0.0219687   0.389119
-0.0748456 -0.0384484   0.388031
-0.0838161 -0.0354326   0.404767
-0.0787523 -0.0360978   0.401871
-0.0558482  -0.033086   0.340393
-0.0529927 -0.0329686   0.341885
 -0.053836 -0.0305224   0.341125
-0.0568199 -0.0306463   0.339564
-0.0942496 -0.0382835   0.425658
-0.0565814 -0.0494379   0.352165
-0.0565789 -0.0514363   0.352325
-0.0558544 -0.0330882    0.34039
-0.0551686  -0.032029    0.34726
 -0.054631 -0.0322515   0.345968
-0.0693992 -0.0744128    0.37102
-0.0714226 -0.0790161   0.370323
-0.0704007 -0.0769737   0.370697
-0.0949864  -0.066339   0.423109
-0.0796895 -0.0657652   0.402886
-0.0921796 -0.0662216   0.424575
  -0.144158 -0.00530772    0.399362
 -0.144634 -0.0026891   0.402269
   -0.14435 -0.00284958    0.399065
-0.0735341 -0.0834658   0.367302
-0.0566194 -0.0314484   0.350526
-0.0540565  -0.034227   0.346429
-0.0546288 -0.0322545   0.345968
-0.094383 -0.040717  0.426196
-0.0945875 -0.0427073   0.426436
-0.0672692 -0.0285336   0.366213
-0.0655202 -0.0259585   0.366927
-0.0646617 -0.0284246   0.367576
-0.0590526 -0.0317282   0.348154
-0.0540476 -0.0342338   0.346432
-0.0945852 -0.0482983   0.427023
 -0.086001 -0.0479865   0.411308
-0.0833439 -0.0478754   0.412697
-0.0560439  -0.033433   0.350986
-0.0947597  -0.057314    0.42643
-0.0786916 -0.0567148   0.403787
-0.0920698 -0.0572015   0.427836
  -0.146135 -0.00225086     0.43686
   -0.13691 -0.00290336    0.402982
  -0.136599 -0.00284612    0.399778
 -0.064548 -0.0517172   0.369494
-0.0641796 -0.0517047   0.368468
-0.0615172 -0.0515934   0.369859
-0.0820496 -0.0265739   0.403593
-0.0795634 -0.0292622   0.400225
   -0.107 -0.102919  0.345251
-0.102643 -0.103582   0.33695
-0.113491 -0.104035  0.331282
 -0.055212 -0.0350488   0.340975
-0.0524229 -0.0349324    0.34243
-0.0545916 -0.0340036   0.347733
-0.0785534 -0.0792598   0.390084
-0.0649472  -0.030091   0.369824
-0.0676371 -0.0301965   0.368418
 -0.064412 -0.0325627   0.370303
  -0.05459 -0.0375084   0.341593
-0.0524118 -0.0349319   0.342437
-0.0552403 -0.0350502   0.340958
-0.0534459 -0.0367087   0.346946
-0.0545768 -0.0375086   0.341602
-0.0539946 -0.0364791   0.348252
-0.0655418 -0.0461172    0.37079
-0.0656855 -0.0436226   0.370516
-0.0647241 -0.0439363   0.368781
-0.0941643 -0.0297704   0.421846
-0.0751301 -0.0237428   0.378444
-0.0554534 -0.0359043   0.351495
-0.0530561 -0.0386899   0.347311
-0.0534397 -0.0367085   0.346949
 -0.064607 -0.0464333   0.369041
-0.0620362  -0.046326   0.370383
-0.0655458 -0.0461186   0.370787
 -0.148327 -0.0809758     0.4759
-0.0650868 -0.0394494   0.368232
 -0.055038 -0.0421307   0.353886
-0.0625448 -0.0393431    0.36956
-0.0654961 -0.0517515   0.371264
-0.0550648 -0.0378948   0.351857
-0.0946313 -0.0508015   0.427072
-0.0946113 -0.0482993   0.427011
-0.0919524 -0.0481881     0.4284
 -0.139864 -0.0911738   0.447434
-0.0920169 -0.0707263   0.421329
-0.0821082 -0.0703646   0.404601
-0.0813743 -0.0568269   0.402407
-0.0629883 -0.0561495   0.372933
  -0.144434 -0.00506494    0.402403
-0.0541669 -0.0394818   0.342043
 -0.051454 -0.0393685   0.343458
-0.0536039 -0.0384629   0.348622
-0.0824754 -0.0658813   0.401498
-0.0640141 -0.0304111   0.368075
-0.0635303   -0.03288   0.368526
-0.0660776 -0.0329865   0.367195
 -0.054182 -0.0394834   0.342035
-0.0510734 -0.0418429   0.343928
-0.0514456 -0.0393691   0.343464
 -0.091761 -0.0526955   0.428522
-0.0833249 -0.0704221   0.400224
-0.0678168 -0.0698599   0.371488
-0.0650357 -0.0697437   0.372941
-0.0868228 -0.0819953   0.393162
 -0.103468 -0.0909057   0.398745
-0.0537836 -0.0419562   0.342512
-0.0944356 -0.0528066   0.427137
 -0.115719 -0.0640334   0.457727
-0.0946352 -0.0508019   0.427067
-0.0863465 -0.0239809    0.40284
-0.0728153 -0.0499821   0.386122
-0.0546771 -0.0403756    0.35226
-0.0524095 -0.0431667   0.348007
-0.0526493 -0.0411781   0.347721
 -0.144811 -0.0963343   0.409794
 -0.144519 -0.0967941   0.406472
-0.0537602 -0.0419552   0.342526
-0.0553294 -0.0401207   0.353706
-0.0510526  -0.041842    0.34394
 -0.113499 -0.0103334   0.323801
 -0.0963589 -0.00961686    0.332757
 -0.0973758 -0.00881473    0.342805
-0.0524029 -0.0431705    0.34801
-0.114901 -0.025238  0.455017
-0.0937937 -0.0257264   0.418681
-0.0940288 -0.0279558    0.42055
-0.0544311   -0.04237   0.352547
-0.0814194 -0.0748478   0.399775
-0.0811335 -0.0728331    0.40101
 -0.0998357 -0.00859156    0.341834
-0.0949415 -0.0708485   0.419801
 -0.080433 -0.0703012   0.401636
-0.0535094 -0.0439386   0.342863
-0.0508168  -0.043826    0.34427
-0.0800895 -0.0682842   0.402284
  -0.142571 -0.00262941    0.404736
  -0.139368 -0.00273125    0.405027
-0.0799184 -0.0657741   0.403303
-0.0640353 -0.0651992   0.373105
-0.0795289 -0.0637567   0.403466
-0.118002 -0.104243   0.33992
 -0.141931 -0.0970212   0.404315
-0.0535253 -0.0439396   0.342855
-0.0508292 -0.0438269   0.344264
-0.0691697 -0.0257588   0.367258
-0.0682546 -0.0282206   0.367936
-0.0655488 -0.0281075    0.36935
-0.0520398  -0.047658    0.34856
-0.0521711 -0.0456609   0.348331
-0.0618962 -0.0518732   0.370901
-0.0620218 -0.0541133   0.371014
-0.0646249  -0.054222   0.369653
-0.0532992 -0.0464243   0.343218
-0.0685872 -0.0723942   0.371286
-0.0814081 -0.0381499   0.401024
-0.0786745   -0.03806   0.402298
  -0.136798 -0.00525421    0.400024
 -0.141806 -0.0054636   0.397407
  -0.138758 -0.00544138    0.397682
-0.0947808 -0.0617971   0.425288
-0.0945401 -0.0598097   0.426056
-0.0660515 -0.0607805   0.371692
-0.0540787 -0.0468558   0.353091
-0.0521755  -0.045661   0.348329
-0.0542024 -0.0448598   0.352866
 -0.053278 -0.0464231   0.343231
-0.0547621 -0.0446408   0.354106
-0.0505965 -0.0463111   0.344631
 -0.108467 -0.0128326   0.325175
   -0.10594 -0.00949447    0.325719
  -0.110408 -0.00952142    0.323653
-0.0693239 -0.0741166   0.371036
-0.0655886 -0.0562662   0.371571
-0.0651424 -0.0607669   0.369951
-0.0919467 -0.0450743   0.428166
-0.0833188 -0.0478777   0.412694
-0.105411 -0.101427  0.332525
-0.110145  -0.10188  0.326867
 -0.11042 -0.101637  0.329908
 -0.052034 -0.0476566   0.348562
-0.0871998 -0.0819734   0.393977
-0.0553421 -0.0475098   0.348634
-0.0504746 -0.0483031   0.344881
-0.0535082 -0.0470746   0.351857
 -0.105419 -0.0128104    0.32545
-0.0645392 -0.0509334   0.369436
-0.0641854  -0.051109   0.368419
-0.0728997 -0.0815799   0.369751
-0.0696846 -0.0814454   0.371431
-0.0531711 -0.0484159   0.343471
-0.0530703 -0.0509097   0.343746
-0.0504888 -0.0483039   0.344874
-0.0944037 -0.0552999   0.426969
-0.0844749 -0.0309465   0.404127
-0.0912964 -0.0278416   0.421977
-0.0838478 -0.0729478   0.399124
-0.0808699 -0.0728243   0.400554
 -0.068596 -0.0723946   0.371281
-0.0901532 -0.0173548   0.401916
-0.0628338 -0.0510742    0.37261
 -0.070133 -0.0498961   0.387503
-0.0628497 -0.0516409   0.372647
-0.0530761 -0.0509102   0.343742
-0.0552365 -0.0500067   0.348891
-0.0503849 -0.0507976   0.345149
-0.0947556 -0.0733571    0.41728
-0.0853459 -0.0749774   0.399651
-0.0802886 -0.0682929    0.40264
-0.0534043 -0.0495722   0.352109
-0.0539321 -0.0513524   0.353527
-0.0519448  -0.050155   0.348809
-0.0539655 -0.0493543   0.353349
-0.0878858 -0.0169341   0.395924
-0.0948392 -0.0662784   0.423315
-0.0518999  -0.052154   0.348991
  -0.11268 -0.0442793   0.457772
-0.0532244 -0.0528249    0.34441
-0.0505558 -0.0527133   0.345804
-0.0533679  -0.051571   0.352294
 -0.180972 -0.0891675   0.459241
 -0.168725 -0.0927714   0.436089
 -0.180856 -0.0922006   0.459261
  -0.135946 -0.00479842    0.445865
 -0.125488 -0.0126251   0.456485
 -0.122526 -0.0112491    0.45723
 -0.137276 -0.0920917   0.405691
 -0.136751 -0.0957586   0.410474
 -0.137704 -0.0967252   0.404965
-0.0657609  -0.072276   0.372762
 -0.064607 -0.0464334   0.369041
-0.0620335 -0.0463241   0.370385
 -0.062021 -0.0483277   0.370553
-0.0539859 -0.0493529   0.353341
-0.0797817 -0.0367308    0.39755
-0.0805966 -0.0384215   0.399519
-0.0538949 -0.0513526   0.353545
-0.104184 -0.103862  0.335839
-0.104935 -0.104202   0.33283
-0.106778 -0.104255  0.333181
-0.108459  -0.10145   0.33225
-0.0619811  -0.048325   0.370572
-0.0570556 -0.0512803   0.353177
-0.0945866 -0.0573068   0.426545
-0.135275  -0.06941  0.480787
-0.0567134 -0.0450341   0.351117
 -0.142653 -0.0958623   0.412336
-0.0946604 -0.0528051   0.426988
-0.0784808 -0.0522027   0.403753
 -0.091994 -0.0526935   0.428382
 -0.074995 -0.0317627   0.385424
-0.0791837 -0.0293249   0.399741
-0.0849983 -0.0284577    0.40371
-0.0663488 -0.0256499   0.368733
-0.0622899 -0.0418319   0.369891
-0.0621915 -0.0438326   0.370105
-0.0542201 -0.0448603   0.352859
  -0.109509 -0.00586538    0.388832
-0.0540321 -0.0468542   0.353112
 -0.128228 -0.0565141   0.480327
-0.0672874 -0.0678372   0.371605
-0.0667464 -0.0653125   0.371688
-0.0621524 -0.0438293   0.370123
-0.0941716 -0.0297673   0.421834
-0.0914593 -0.0296633   0.423234
-0.0916145 -0.0319764   0.424557
-0.0949862 -0.0663458   0.423124
-0.0921306 -0.0687383   0.422971
-0.0572382 -0.0405421   0.350554
 -0.137065 -0.0917345   0.409988
-0.0812426 -0.0548199   0.402413
  -0.09471 -0.0553096   0.426752
-0.0920325 -0.0551977   0.428151
-0.0658035 -0.0416263   0.370294
-0.0625412  -0.039346   0.369562
-0.0546953 -0.0403782   0.352251
-0.0627571 -0.0373485   0.369288
  -0.141873 -0.00299404    0.397001
  -0.138666 -0.00305504    0.397302
-0.0544413 -0.0423683   0.352543
  -0.16347 -0.0868565   0.468339
 -0.180967 -0.0891692   0.459232
 -0.0988926 -0.00865996     0.34232
  -0.118001 -0.00832714    0.332262
-0.0947112 -0.0553106   0.426769
 -0.092031 -0.0551981   0.428163
-0.0640363 -0.0345476   0.370659
-0.0569685 -0.0425372    0.35082
 -0.124227 -0.0780356   0.454359
-0.0672944 -0.0678365   0.371602
-0.0580972 -0.0360611   0.349836
 -0.124109 -0.0428255   0.476009
 -0.112716 -0.0442809   0.457753
-0.0948276 -0.0598207   0.425842
-0.0947559  -0.057316   0.426442
-0.0921168 -0.0597091   0.427275
-0.0634979 -0.0328787   0.368542
 -0.063167 -0.0348764   0.368876
-0.0554716  -0.035908   0.351487
-0.0635139 -0.0328794   0.368534
-0.0750713 -0.0221275   0.375857
 -0.055075 -0.0378921   0.351852
 -0.079406 -0.0637509   0.403237
-0.0637016 -0.0631836    0.37312
-0.0631258 -0.0348638   0.368896
-0.0576689 -0.0380511   0.350178
-0.0812808 -0.0450715   0.402139
-0.0676441 -0.0301938   0.368414
-0.0666739 -0.0305094   0.366684
-0.0660714 -0.0329842   0.367198
-0.0802234 -0.0250019   0.398401
  -0.06498 -0.0300824   0.369806
-0.0795828 -0.0283548   0.392981
-0.0787375 -0.0304425    0.39274
  -0.18086 -0.0922009    0.45927
-0.0646245 -0.0284232   0.367593
-0.0646896 -0.0284406   0.367563
-0.0641359 -0.0304289   0.368015
-0.0566398  -0.031455   0.350518
-0.0560541 -0.0334294   0.350981
-0.0645435 -0.0723152    0.37114
-0.0693954   -0.08163   0.371594
-0.0691766 -0.0822609   0.369497
-0.0640694 -0.0304006   0.368044
-0.0587589 -0.0335766   0.349354
-0.0919679 -0.0506902   0.428459
-0.0833272 -0.0503913   0.406431
-0.0946319  -0.050802   0.427058
-0.0919695 -0.0506907   0.428449
-0.0654697 -0.0260054   0.366955
-0.0574925 -0.0289788   0.349871
 -0.058323 -0.0270209   0.349277
-0.0662882 -0.0239901   0.366364
-0.0664115 -0.0240434   0.366313
-0.0922266 -0.0797755   0.405403
  -0.06584 -0.0587704   0.371643
 -0.078896 -0.0592251   0.403694
-0.0631679 -0.0586587   0.373039
-0.0818076 -0.0793951   0.388531
 -0.068351 -0.0788876   0.371928
-0.0654688 -0.0259565   0.366952
-0.0648265 -0.0574868   0.369808
-0.0649575 -0.0587388   0.369839
-0.0653243 -0.0374577   0.367948
-0.0631608 -0.0348652   0.368879
-0.0627788 -0.0373513   0.369278
-0.0943896 -0.0339753   0.424025
-0.0917092 -0.0338673   0.425412
-0.0917991 -0.0362519   0.426318
 -0.107878 -0.0031334   0.389488
   -0.127551 -0.000929658     0.384242
-0.0684222 -0.0201586   0.364939
-0.0595694  -0.024571   0.348426
-0.0815289 -0.0171221   0.390999
 -0.0952132 -0.00792636    0.396513
-0.0655027 -0.0632642   0.369913
-0.0651645 -0.0607487    0.36989
-0.0681684 -0.0260712   0.365544
-0.0675262 -0.0215399   0.365517
-0.0675257 -0.0215739   0.365518
-0.0919715 -0.0506905    0.42846
 -0.140531 -0.0883598   0.446632
-0.0655137 -0.0530115   0.371355
-0.0645807 -0.0529776   0.369577
-0.0935609 -0.0778816   0.410491
  -0.110656 -0.00691267    0.320153
  -0.139413 -0.00160073    0.372696
  -0.111503 -0.00694711     0.31971
-0.0945185 -0.0382993   0.425495
-0.0619821 -0.0516099   0.370835
-0.0947508 -0.0733482   0.417216
-0.0949526  -0.070869   0.419822
-0.0917447 -0.0732437    0.41881
-0.0532343 -0.0538739   0.344454
-0.0695726  -0.077153   0.368865
-0.0734441 -0.0835492    0.36735
-0.0684235 -0.0212339   0.367289
-0.0715722 -0.0213596   0.365644
-0.0935823 -0.0778209   0.410272
 -0.094459 -0.0754076   0.414616
-0.0903736 -0.0777116   0.411964
-0.0504026 -0.0557027   0.345532
-0.0519099  -0.053754   0.349115
-0.0855052 -0.0264742   0.403312
-0.0907289 -0.0238921   0.418269
-0.0793348  -0.027433   0.398848
-0.107894 -0.104312  0.333078
-0.0920236 -0.0482047   0.428358
-0.0532243 -0.0538181   0.344489
-0.0545003 -0.0538452   0.355017
-0.0505557 -0.0537065   0.345884
-0.0793034  -0.032613   0.394946
-0.0819101 -0.0773921   0.391153
-0.0704024 -0.0769778   0.370697
-0.0620614  -0.046327   0.370371
-0.0519425 -0.0557566   0.349257
-0.0518997 -0.0537533   0.349119
-0.0539372 -0.0538254   0.353722
-0.0519487 -0.0557567   0.349254
-0.0539747 -0.0558285   0.353861
-0.055237  -0.05589  0.349348
-0.0503853  -0.055702    0.34554
-0.0545553 -0.0558488   0.355162
 -0.110428 -0.0130198   0.322833
-0.0574164 -0.0539655   0.354192
-0.0620262 -0.0541133   0.371011
  -0.140466 -0.00441825    0.374939
-0.0530765 -0.0558146   0.344133
-0.0504928 -0.0582077   0.345663
-0.0504043 -0.0557029   0.345529
-0.0504914  -0.058208    0.34566
-0.0691883 -0.0257576   0.367248
-0.068187  -0.02607  0.365534
 -0.053168 -0.0583197   0.344264
-0.0897494 -0.0202913   0.412695
-0.0902144 -0.0218207    0.41549
 -0.081851 -0.0226526    0.39972
 -0.141799 -0.0921866   0.404331
-0.0520583 -0.0582631   0.349396
   -0.11782 -0.00936877    0.331994
 -0.0974319 -0.00872322    0.342808
-0.0531737 -0.0583203    0.34426
 -0.055354 -0.0583964   0.349478
-0.0504781 -0.0582075    0.34567
-0.0846244 -0.0729077   0.400205
-0.0685889 -0.0723973   0.371285
-0.0740483 -0.0833075   0.369285
-0.0728926 -0.0815855   0.369755
-0.0506196  -0.060215   0.345729
-0.0546919  -0.058356   0.355315
 -0.110153 -0.0132625   0.319792
-0.0658356 -0.0587708   0.371645
-0.0521963   -0.06027   0.349484
-0.0825955 -0.0638633   0.402511
-0.0667526 -0.0653128   0.371685
-0.0520472 -0.0582625   0.349401
-0.0541077 -0.0583355   0.353992
-0.0522016 -0.0602703   0.349481
  -0.140739 -0.00481638    0.405336
  -0.141512 -0.00263382    0.405307
-0.0542532 -0.0603428   0.354075
-0.0555029 -0.0604039    0.34955
-0.0506023 -0.0602141   0.345737
-0.0548592 -0.0603643   0.355413
-0.113391 -0.010282  0.323591
-0.0645524 -0.0517174   0.369492
-0.0619821 -0.0516099   0.370835
 -0.064031 -0.0345464   0.370661
-0.0533041  -0.060327   0.344324
 -0.050839 -0.0627254   0.345767
-0.0506222 -0.0602148   0.345726
-0.0508457 -0.0627259   0.345762
-0.0535316 -0.0628379    0.34436
-0.0524561 -0.0627778   0.349549
-0.111509 -0.108381  0.327807
 -0.10648 -0.107688  0.328942
 -0.12612 -0.099629  0.400823
 -0.136428 -0.0962852   0.407183
  -0.137072 -0.00501148    0.403064
-0.0535391 -0.0628385   0.344355
-0.0557645 -0.0629166   0.349595
-0.0508257 -0.0627251   0.345774
-0.0815957 -0.0593385   0.402314
-0.0921174 -0.0597074   0.427258
-0.0510802 -0.0647373   0.345754
-0.0551463 -0.0628775   0.355507
 -0.112738 -0.0233827   0.456289
-0.0527114 -0.0647946   0.349574
-0.0949485 -0.0643346    0.42419
-0.0524401 -0.0627821   0.349555
-0.0545272  -0.062856   0.354132
-0.0527158 -0.0647948   0.349572
 -0.054798 -0.0648678    0.35415
-0.0560389 -0.0649299   0.349592
 -0.051062 -0.0647366   0.345762
-0.0554423 -0.0648912   0.355554
-0.0666615 -0.0305099    0.36669
  -0.167614 -0.00162174    0.426671
  -0.157497 -0.00148616    0.432127
  -0.133578 -0.00226333    0.445661
-0.103059 -0.101583  0.330569
-0.102623 -0.104265  0.331044
-0.0537878 -0.0648506   0.344337
-0.0514497 -0.0672535   0.345688
-0.0510819 -0.0647375   0.345751
-0.0488624 -0.0725476   0.335907
-0.0514492 -0.0672548   0.345685
-0.0645698 -0.0304294   0.370045
-0.0627991 -0.0483928   0.372415
-0.0622373 -0.0407886   0.369837
-0.0541763 -0.0673676   0.344262
-0.113351 -0.104618  0.331062
 -0.10859 -0.104369  0.332705
-0.0541847 -0.0673691   0.344257
 -0.053696 -0.0673331   0.350851
-0.0514577  -0.067255   0.345682
-0.0531301 -0.0673141   0.349555
-0.0564703 -0.0674495   0.349534
-0.0652209 -0.0587475   0.370378
-0.0518229 -0.0692722   0.345585
-0.109046 -0.103157  0.344515
-0.0535329 -0.0693316   0.349504
-0.0691903 -0.0814319   0.370544
-0.0531172 -0.0673137   0.349561
-0.0552353 -0.0673891   0.354122
-0.0535356 -0.0693327   0.349503
 -0.080672 -0.0502803   0.407825
-0.0727693 -0.0500108   0.385939
-0.0556541 -0.0694063   0.354062
-0.0912649  -0.027882   0.422087
-0.0791354 -0.0336083   0.401577
-0.0568952 -0.0694683   0.349441
-0.0518264 -0.0692715   0.345581
-0.0540966 -0.0693516   0.350775
-0.0545774 -0.0693865   0.344143
-0.0523744  -0.071796   0.345399
-0.0523832 -0.0717966   0.345392
-0.0673937  -0.076841   0.372268
-0.0551621 -0.0719117   0.343941
-0.0541505 -0.0718494   0.349381
-0.0551723 -0.0719132   0.343935
-0.0546961  -0.071878    0.35062
 -0.147422 -0.0021622   0.438023
  -0.117863 -0.00967124      0.3321
-0.0575336 -0.0719967   0.349262
-0.0657299 -0.0722698   0.372778
-0.0529093 -0.0738211   0.345191
-0.0614501 -0.0515545   0.369715
-0.0613988 -0.0513151   0.369589
-0.0619813 -0.0512182   0.370804
 -0.144151 -0.0920308   0.406286
-0.0728798  -0.050001   0.386057
 -0.064071 -0.0516705   0.368352
-0.0547185 -0.0738829   0.349244
-0.0656525 -0.0562609   0.371541
-0.0541318 -0.0718598    0.34939
-0.0562862 -0.0719367   0.353932
-0.0547194 -0.0738859   0.349244
  -0.137524 -0.00534288    0.398638
  -0.136611 -0.00302479    0.399789
-0.0568813 -0.0739593    0.35378
 -0.168594 -0.0958045   0.436083
-0.0581415 -0.0740232    0.34906
-0.0529119 -0.0738204   0.345187
-0.0552629 -0.0739034   0.350445
-0.0557408 -0.0739386   0.343709
-0.0536769  -0.076353   0.344866
-0.0515963  -0.080947   0.334555
-0.0536759 -0.0763554   0.344862
-0.0921736 -0.0642204   0.425642
-0.0922255 -0.0662124   0.424565
-0.0565682  -0.076474   0.343354
  -0.117971 -0.00958712      0.3323
-0.0565819 -0.0764757   0.343346
-0.0560924 -0.0764396   0.350155
-0.0536883 -0.0763547   0.344858
-0.0555641 -0.0764233   0.349002
-0.0590326 -0.0765627   0.348717
-0.0915255 -0.0185298    0.40689
-0.0544089 -0.0783889   0.344535
 -0.11063 -0.104595  0.330721
-0.0813471 -0.0406091   0.401506
-0.0785901 -0.0405292   0.402723
-0.0635723 -0.0676812   0.371281
-0.0563495 -0.0784527   0.348751
-0.0555521 -0.0764228   0.349007
-0.0577517 -0.0765017   0.353526
-0.0563477 -0.0784577   0.348752
-0.0785711 -0.0547082   0.403796
-0.0585646 -0.0785313    0.35326
-0.0650806 -0.0394491   0.368235
-0.0624713 -0.0393351   0.369598
-0.0648616 -0.0419411   0.368549
-0.0645142 -0.0677152   0.373054
 -0.059876 -0.0785994   0.348387
-0.0544133 -0.0783863    0.34453
 -0.056864 -0.0784737   0.349858
-0.0946036 -0.0451874   0.426767
-0.0945872 -0.0427063   0.426444
-0.0919454 -0.0450754   0.428163
-0.0573733   -0.07851   0.342983
-0.0554523 -0.0809304    0.34404
-0.0554673 -0.0809322    0.34403
 -0.083367 -0.0818008   0.394789
-0.0691855 -0.0822541   0.369494
-0.0691912  -0.081432   0.370543
-0.0585159 -0.0810585    0.34244
-0.0572172 -0.0911188   0.331301
-0.0574883 -0.0810004   0.348355
-0.0585327 -0.0810604   0.342429
-0.0579801 -0.0810216   0.349398
 -0.066489 -0.0768145   0.370476
-0.0611026 -0.0811528   0.347858
-0.0672804 -0.0941353   0.344254
-0.0788423 -0.0772637   0.392795
-0.0704113 -0.0769731   0.370692
-0.0752963   -0.10423    0.32068
-0.0840782  -0.103806   0.336192
-0.0830056  -0.102234   0.342298
-0.0945784 -0.0451865   0.426779
-0.0919208 -0.0450753   0.428168
-0.0597414 -0.0810856   0.352845
-0.0574825 -0.0810042   0.348357
-0.0685221 -0.0930239    0.34918
-0.0691812 -0.0257533   0.367252
-0.0672613 -0.0285293   0.366217
-0.109173 -0.108179   0.32335
-0.102112 -0.108656  0.309875
-0.109172 -0.108271  0.323356
-0.095521 -0.108267  0.310816
-0.0892136  -0.107511   0.313208
-0.0946083 -0.0451854   0.426775
-0.0858709 -0.0479902   0.411427
-0.111494  -0.10785  0.327766
-0.110646 -0.107811  0.328209
-0.0655499 -0.0542548   0.371435
-0.0628249 -0.0516438    0.37266
-0.107005 -0.105472  0.318985
-0.107784 -0.108394  0.320709
-0.0884444  -0.018481   0.408239
 -0.102792 -0.0132091   0.320453
   -0.1078 -0.0134185   0.317836
-0.102087 -0.105657  0.309588
-0.095561 -0.105266  0.310527
-0.0894903  -0.104535   0.312825
-0.0793892  -0.105263   0.318432
-0.0800072  -0.102367   0.317874
-0.0703133   -0.10153   0.323562
-0.0712623 -0.0987569   0.322849
-0.0618607 -0.0956386   0.328548
-0.0632264 -0.0930797   0.327655
-0.0555814 -0.0883606   0.332284
-0.0574529  -0.086231   0.331166
-0.0537982 -0.0792208   0.333298
-0.0513218 -0.0712975   0.334541
 -0.092591 -0.0204119    0.41125
-0.117834 -0.103781  0.339575
-0.110741 -0.103327  0.343701
-0.107086 -0.103044  0.345224
-0.0821585 -0.0638656   0.401854
-0.0948814 -0.0618288   0.425218
-0.0921514 -0.0617116   0.426633
-0.0921815 -0.0642233   0.425631
-0.0538915 -0.0538223   0.353742
-0.0620373 -0.0541123   0.371006
-0.0539951 -0.0558294   0.353853
 -0.066401 -0.0256411   0.368705
-0.0811865 -0.0523155   0.402449
-0.0749194 -0.0341264   0.386514
-0.0636342  -0.064039   0.373223
-0.0620805 -0.0561191   0.371142
-0.0915168 -0.0381627   0.427108
-0.0628757 -0.0480081   0.372343
-0.0629352 -0.0460093   0.372152
-0.0656676  -0.056263   0.371534
-0.0658586  -0.058776   0.371634
-0.0631395  -0.058653   0.373054
-0.0670425 -0.0326727   0.368928
-0.0750508 -0.0299035   0.384347
  -0.06665 -0.0346579   0.369293
-0.0540532 -0.0583341   0.354017
-0.0622964 -0.0586253    0.37123
-0.0542728 -0.0603432   0.354067
-0.0655588 -0.0542557   0.371431
-0.0631889  -0.041517    0.37166
-0.0624618 -0.0606371   0.371302
-0.0628141 -0.0631457   0.371319
-0.0548144 -0.0648684   0.354143
-0.0545281 -0.0628558   0.354132
-0.0663853 -0.0678047   0.369812
-0.0658683 -0.0652821   0.369882
-0.0748864 -0.0360345   0.387267
-0.0634185 -0.0390255   0.371341
 -0.078883 -0.0336575    0.40125
-0.0918847  -0.059693   0.427439
-0.0919961 -0.0616818   0.426767
-0.0640801  -0.051148   0.368317
-0.0640577 -0.0514256   0.368199
-0.0674327 -0.0768486   0.372248
-0.0633696 -0.0606683   0.373093
-0.0628982 -0.0541445   0.372821
-0.0660278 -0.0391346   0.369977
-0.0633929 -0.0390274   0.371354
-0.0631261 -0.0651644   0.371315
-0.0636489 -0.0676783   0.371241
-0.0556687 -0.0694058   0.354056
 -0.055238 -0.0673882    0.35412
-0.117855 -0.103373  0.339581
-0.0658368 -0.0652926   0.369901
-0.0636073 -0.0676877   0.371262
-0.0654956 -0.0481195   0.370974
-0.0628535  -0.048011   0.372355
-0.0949494 -0.0643325   0.424165
-0.0640898 -0.0697095   0.371169
  -0.150598 -0.00175078    0.435866
-0.0641257 -0.0697039   0.371151
-0.0645501 -0.0484324   0.369231
-0.0614553 -0.0510371    0.36969
-0.0613988 -0.0513151   0.369589
-0.0648522 -0.0722243   0.370971
-0.0568941 -0.0739597   0.353775
-0.0562907 -0.0719349   0.353929
-0.0818186 -0.0613492    0.40216
-0.0790987 -0.0612357   0.403541
-0.0648052 -0.0722415   0.370995
-0.0654764 -0.0742702   0.370804
-0.0655296 -0.0742543   0.370777
-0.0623116 -0.0418346   0.369881
-0.0647214 -0.0439365   0.368782
-0.0656766 -0.0436226   0.370518
-0.0665054 -0.0767881   0.370466
-0.0585748 -0.0785317   0.353256
 -0.057757 -0.0764999   0.353523
-0.0631635  -0.058659   0.373042
 -0.061937 -0.0560671   0.371213
-0.0664539 -0.0768131   0.370493
 -0.141344 -0.0995068   0.384226
 -0.13964 -0.102838  0.381231
-0.0869392   -0.01743   0.403157
-0.0883147 -0.0183807   0.408376
-0.0833449 -0.0463749   0.406174
-0.0806873 -0.0462636   0.407563
-0.0673598 -0.0788516   0.370179
 -0.067433 -0.0788185   0.370142
-0.0919021 -0.0406273   0.427468
-0.0899988 -0.0174507   0.401544
-0.0867956 -0.0173167   0.403219
-0.117963 -0.103426  0.339792
-0.0930992 -0.0219413   0.413982
-0.0649278 -0.0587375   0.369853
-0.0622862 -0.0586271   0.371235
-0.0686841 -0.0813951   0.369685
-0.0944693 -0.0363674   0.424911
-0.0917989 -0.0362558   0.426307
-0.0686704 -0.0814084   0.369694
 -0.100993 -0.0927047   0.400259
  -0.139425 -0.00485555     0.40502
  -0.142473 -0.00487773    0.404746
-0.0837615 -0.0818296   0.395773
 -0.091735 -0.0732221   0.418792
-0.0919268  -0.048187   0.428414
-0.0546825 -0.0538514    0.34794
-0.0532461  -0.053689   0.344123
-0.0495472 -0.0541138   0.334532
-0.0533117 -0.0603269   0.344324
 -0.139304 -0.0956049   0.412604
-0.0531747 -0.0583192   0.344262
-0.0915877 -0.0362338   0.426443
-0.0546898 -0.0558713   0.348094
-0.0495076  -0.054112   0.334547
-0.0530689 -0.0533563   0.344016
-0.0640053 -0.0345523   0.370675
-0.110016 -0.104514    0.3315
 -0.053095 -0.0529262   0.344179
-0.0530752 -0.0509098   0.343744
-0.0546698 -0.0522266   0.347816
-0.0654747 -0.0632631   0.369927
-0.0653502   -0.05625   0.370919
-0.0656003 -0.0552636   0.371489
-0.0547019 -0.0502264   0.347641
-0.0566663 -0.0514376   0.352284
 -0.054709 -0.0502267   0.347638
-0.0546614 -0.0522266   0.347819
-0.0566993 -0.0494371    0.35211
-0.113383  -0.10412  0.331083
-0.0531635 -0.0484159   0.343474
-0.0548156 -0.0477283   0.347389
-0.0532957 -0.0464235   0.343222
-0.0655553 -0.0542557   0.371432
-0.0549497 -0.0457318   0.347166
-0.0568183 -0.0469394   0.351855
-0.0549541 -0.0457317   0.347164
-0.0548045 -0.0477283   0.347394
-0.0645452 -0.0677215   0.373038
-0.0569506 -0.0449428   0.351633
-0.0535319 -0.0439397   0.342851
-0.0552079 -0.0432436   0.346845
-0.0554447 -0.0412432    0.34657
-0.0571995 -0.0424505   0.351315
-0.0554669 -0.0412459   0.346561
-0.0552048 -0.0432386   0.346845
  -0.07289 -0.0815804   0.369756
  -0.110804 -0.00969025    0.322292
-0.0537815 -0.0419549   0.342517
-0.0656767  -0.043624    0.37052
-0.0655586 -0.0461189   0.370781
-0.0574572 -0.0404567   0.351033
 -0.054246 -0.0395049   0.342017
 -0.068679 -0.0208362    0.36712
 -0.065161 -0.0262284   0.367139
-0.0545994 -0.0375075   0.341591
-0.0558957 -0.0387593   0.346156
-0.0657151 -0.0250356   0.366751
-0.0582939 -0.0359812   0.350271
-0.0563152 -0.0367739   0.345793
-0.0558895  -0.038758   0.346159
-0.0563209 -0.0367751   0.345791
-0.0578794 -0.0379718   0.350631
 -0.138574 -0.0968319    0.40461
-0.0647464 -0.0562283   0.369748
-0.0621119 -0.0561182   0.371126
-0.0552141 -0.0350386   0.340965
-0.0570033 -0.0343093   0.345264
-0.0921742 -0.0797768   0.405374
-0.0936076 -0.0240186   0.416801
-0.0595706 -0.0315235   0.349287
-0.0576161 -0.0323183   0.344796
-0.0569775 -0.0342926   0.345272
-0.0558624 -0.0330862    0.34039
-0.0576255 -0.0323216   0.344792
-0.0943062 -0.0363603   0.425037
-0.0589452 -0.0335085   0.349755
-0.0917208 -0.0406029   0.427598
-0.0919277 -0.0425961   0.427825
-0.0701344 -0.0498757   0.387478
-0.0567981 -0.0306399   0.339569
-0.0586031 -0.0298505   0.344106
-0.0888298  -0.079637   0.407122
-0.110781 -0.104671    0.3298
-0.0577414 -0.0286945   0.338818
-0.0614681 -0.0270907   0.347979
-0.0595406 -0.0278879    0.34347
-0.0585978 -0.0298482   0.344108
-0.0595548 -0.0278973   0.343465
 -0.0967261 -0.00922463     0.33767
-0.0605389  -0.029067   0.348606
-0.0896167 -0.0202559   0.412723
-0.0617005 -0.0218395   0.322957
-0.0609897 -0.0254589   0.342533
-0.0696189 -0.0170701   0.337293
-0.0628955 -0.0246549   0.347052
-0.0609946 -0.0254462   0.342528
-0.0742933 -0.0159744   0.314357
-0.0834046 -0.0119588   0.329481
-0.0844758  -0.011485   0.334525
-0.0913986 -0.0338453   0.425637
-0.0630488 -0.0435122   0.371893
 -0.103067 -0.0129663   0.323494
 -0.104752 -0.0133963    0.31811
-0.0712461 -0.0164736   0.342002
-0.0888618 -0.0135466   0.305831
 -0.103231 -0.0103294   0.318814
 -0.102364 -0.0101484    0.32103
  -0.102865 -0.00988072    0.323479
 -0.095612 -0.0132458    0.30316
 -0.104631 -0.0103926   0.317635
  -0.10382 -0.0103825   0.318062
  -0.102469 -0.00991668    0.323442
 -0.106402 -0.0103796   0.317146
 -0.107944 -0.0103331   0.317089
-0.0676503  -0.030196   0.368411
 -0.108734 -0.0102551    0.31769
 -0.106402 -0.0103786   0.317146
 -0.105652 -0.0115221   0.308878
  -0.110796 -0.00989662    0.320449
 -0.110471 -0.0100115   0.319487
  -0.111557 -0.00992543    0.320051
  -0.13679 -0.0919773   0.406948
-0.0614787 -0.0270982   0.347974
-0.0605305 -0.0290556    0.34861
-0.0628489 -0.0505085   0.372557
 -0.069103 -0.0241066   0.364896
 -0.11251 -0.044313  0.457875
-0.0859755 -0.0479845   0.411307
 -0.066034 -0.0391348   0.369974
-0.0595794 -0.0315278   0.349283
-0.0589407 -0.0335023   0.349757
-0.0914615 -0.0296595   0.423258
-0.0835048 -0.0683875   0.401722
-0.0672874 -0.0678392   0.371606
-0.0657001 -0.0349714   0.367552
 -0.066658 -0.0346572   0.369289
-0.0660305 -0.0391337   0.369976
 -0.064858 -0.0419406   0.368551
-0.167128 -0.093225  0.433069
-0.0583033 -0.0359845   0.350268
-0.0578781 -0.0379687   0.350633
-0.0655044 -0.0481179   0.370969
-0.0782558 -0.0348461   0.393889
-0.0574652  -0.040457   0.351029
-0.0571995 -0.0424485   0.351315
-0.0627832 -0.0373515   0.369276
-0.0945196  -0.038297   0.425506
-0.0918534 -0.0381879   0.426888
-0.0919023 -0.0406253   0.427477
-0.0935442 -0.0778195    0.41029
-0.0903149 -0.0776845   0.411977
-0.0623152 -0.0418347    0.36988
 -0.056967 -0.0449428   0.351625
-0.056398   -0.0469  0.352045
-0.0663326 -0.0239918   0.366343
-0.0841676 -0.0704433   0.401631
-0.0937947 -0.0257345   0.418642
 -0.110406 -0.0100234     0.3194
 -0.110587 -0.0100325   0.319325
  -0.111557 -0.00992643    0.320051
  -0.110796 -0.00989662    0.320449
  -0.10348 -0.0097635   0.324294
-0.0663913 -0.0256357   0.368709
  -0.102832 -0.00987322    0.323372
-0.0620296 -0.0561223    0.37117
-0.0622791 -0.0586271   0.371238
  -0.06493 -0.0587332   0.369853
 -0.065134 -0.0607475   0.369905
-0.0624835 -0.0606366   0.371291
-0.0935418 -0.0240097     0.4168
-0.0731127 -0.0208601   0.368371
-0.0629048 -0.0246532   0.347048
-0.0705646 -0.0216667   0.363932
-0.0844125 -0.0171979   0.388583
-0.0850844 -0.0170919   0.389912
 -0.0974451 -0.00882549    0.342872
-0.0545881 -0.0693846   0.344142
-0.0945632 -0.0407387   0.426076
-0.0541763 -0.0673648    0.34426
-0.0537834 -0.0648513   0.344342
-0.0552489 -0.0628852   0.348359
-0.0916138 -0.0319825   0.424543
-0.0535066 -0.0628668   0.344368
 -0.057368 -0.0785136   0.342988
 -0.056582 -0.0764805   0.343348
-0.0570311 -0.0720335   0.348135
 -0.055163 -0.0719089   0.343938
-0.0594286 -0.0897103   0.329934
 -0.064547 -0.0484319   0.369234
-0.0655124 -0.0481183   0.370965
  -0.06065 -0.0811309   0.346925
 -0.068979 -0.0918454   0.343322
-0.0828144  -0.100208   0.336632
-0.0758816  -0.101345   0.320141
-0.0716424 -0.0213555    0.36562
-0.103441 -0.104804  0.326113
 -0.10918 -0.105188  0.323125
-0.106087 -0.105023  0.324739
-0.0921798 -0.0642167   0.425612
-0.104639 -0.104936  0.325186
 -0.10563 -0.105554   0.31636
-0.0630275 -0.0435154   0.371905
-0.108665 -0.105021  0.325238
-0.106085 -0.105018  0.324739
 -0.10918 -0.105177  0.323124
-0.110432 -0.104888  0.327054
-0.110739 -0.104828  0.327932
-0.104096 -0.104896  0.325347
-0.107398 -0.105077  0.324401
-0.0658208 -0.0652792   0.369906
-0.0631359 -0.0651669    0.37131
-0.103367 -0.101926  0.326462
-0.102383 -0.104512  0.328504
-0.102597 -0.104247  0.330908
-0.0840652 -0.0995124   0.341571
-0.102876 -0.104274  0.330978
-0.103425 -0.104232  0.331733
-0.0709409  -0.091415   0.347885
-0.0606527  -0.081133   0.346924
-0.0841475  -0.032938   0.404437
 -0.062909 -0.0812175   0.351346
-0.0585499 -0.0765428   0.347684
-0.0594101  -0.078579   0.347386
-0.0607357  -0.076624   0.352135
-0.0585508 -0.0765438   0.347683
-0.0594003 -0.0785836   0.347391
-0.0616065 -0.0786685   0.351835
-0.0576447 -0.0740043   0.347965
-0.0597892  -0.074081   0.352434
-0.0591544 -0.0720615   0.352611
-0.0576429 -0.0740082   0.347966
-0.0570228 -0.0719782   0.348136
-0.113537 -0.104351  0.331396
-0.102661 -0.103713  0.336962
-0.106015 -0.104044  0.334815
-0.0931062 -0.0219138      0.414
-0.0907373 -0.0238707   0.418286
-0.0559543 -0.0674341   0.348344
-0.0563787 -0.0694498   0.348279
-0.0584762 -0.0695239   0.352768
-0.0580345 -0.0675096   0.352842
-0.0563787 -0.0694518   0.348279
-0.0559446 -0.0674307   0.348349
-0.0701122 -0.0498997   0.387327
-0.0555108 -0.0649103   0.348379
-0.0731745 -0.0834508    0.36749
-0.0575711 -0.0649841   0.352885
-0.0572861 -0.0629729   0.352877
-0.0555122 -0.0649113   0.348379
-0.0552303 -0.0628981   0.348368
-0.0548202 -0.0583758   0.348226
-0.0549702 -0.0603854   0.348306
-0.0569985 -0.0604571   0.352827
-0.0568459 -0.0584506   0.352748
-0.0549728 -0.0603858   0.348305
-0.0548176 -0.0583784   0.348228
-0.0567079 -0.0559423   0.352621
 -0.056667 -0.0539391   0.352484
-0.0547111 -0.0558716   0.348085
-0.0546612 -0.0538681    0.34795
-0.0704208 -0.0789796    0.36858
 -0.070501 -0.0789378   0.368538
-0.0694667  -0.076935    0.36892
-0.0616238 -0.0786591   0.351826
-0.0630523 -0.0435127   0.371891
-0.0606204 -0.0766626   0.352192
-0.0694237 -0.0769372   0.368941
-0.0645399 -0.0677233   0.373041
-0.0683602 -0.0743907   0.369297
-0.0684178  -0.074371   0.369268
-0.0676829 -0.0723417   0.369492
-0.0598012 -0.0740804   0.352429
-0.0591553 -0.0720545    0.35261
 -0.067635 -0.0723598   0.369517
-0.0696625 -0.0814425   0.371442
-0.0668682 -0.0698257   0.369718
-0.0628946 -0.0541445   0.372823
-0.0669068 -0.0698182   0.369698
-0.0663955 -0.0677921   0.369806
-0.0584909 -0.0695234   0.352761
-0.0580345 -0.0675046   0.352841
-0.0663538 -0.0678025   0.369827
-0.0640718 -0.0514141   0.368187
-0.0658444 -0.0652781   0.369894
-0.0655115 -0.0632575   0.369908
-0.0575866 -0.0649837   0.352878
-0.0572861 -0.0629707   0.352876
-0.0656921  -0.034972   0.367556
-0.0652213 -0.0587466   0.370375
-0.0570557 -0.0604576     0.3528
-0.0651875 -0.0607504   0.369971
-0.0941704 -0.0297767   0.421818
-0.0567913 -0.0584483   0.352773
-0.0636962 -0.0631843   0.373122
-0.0655172 -0.0542547   0.371381
-0.0566377 -0.0539388   0.352497
-0.0566951 -0.0559392   0.352626
-0.0653355 -0.0562489   0.370921
-0.0615172 -0.0509975   0.369812
-0.0948847 -0.0618259   0.425204
-0.110378 -0.104897  0.326985
-0.110354 -0.104921  0.326991
-0.110739 -0.104823  0.327932
-0.111499 -0.104858  0.327535
  -0.113532 -0.00991083     0.32383
 -0.0964027 -0.00952327    0.332723
-0.068709  -0.08141  0.369675
-0.0914266 -0.0319672   0.424672
-0.0657547 -0.0722778   0.372766
-0.0718767 -0.0815425   0.368019
-0.0718767 -0.0815265   0.368018
  -0.13875 -0.0921644   0.404605
 -0.153308 0.00146408   0.432837
 -0.167039 0.00133721   0.425333
  -0.106447 -0.00933889     0.32709
-0.0634141 -0.0390243   0.371343
-0.0675904 -0.0215423   0.365486
-0.0705256   -0.02167   0.363953
-0.0907959 -0.0238891   0.418244
-0.0683868 -0.0201601   0.364957
  -0.141147 -0.00431001    0.376233
 -0.167039 0.00133721   0.425333
  -0.131894 -0.00256322    0.444555
-0.0845831 -0.0167967   0.397655
     -0.12 -0.0103696   0.451432
-0.0646404 -0.0542225   0.369649
-0.0716005 -0.0213458   0.365628
-0.0690853 -0.0240939   0.364904
-0.0900339 -0.0174115   0.401532
-0.0868201 -0.0172914   0.403209
 -0.066395 -0.0632972   0.371712
 -0.08174 -0.016952  0.391659
-0.0810663  -0.017058   0.390331
-0.0844125 -0.0171979   0.388583
-0.0674247 -0.0768523   0.372252
-0.0746114 -0.0191239   0.378948
-0.0810663  -0.017058   0.390331
-0.0690143 -0.0200893   0.366284
-0.0684793 -0.0212253   0.367259
 -0.068547 -0.0211846   0.367267
-0.0647752 -0.0562295   0.369735
-0.0689941 -0.0200556    0.36628
-0.0683177 -0.0201542   0.364993
 -0.149886 0.00114445   0.434798
 -0.158432 0.00149886   0.429936
  -0.167614 -0.00161676     0.42667
-0.0701203 -0.0237949   0.366602
-0.0628524 -0.0510804     0.3726
 -0.211716 -0.0678752   0.464425
 -0.190424 -0.0430196   0.473638
 -0.218244 -0.0571531   0.460136
 -0.220538 -0.0442786   0.457903
 -0.218247 -0.0312126   0.458065
  -0.21172 -0.0199447   0.460598
 -0.201951 -0.0121896   0.465117
  -0.190427 -0.00912808    0.470932
 -0.178903 -0.0112261   0.477159
 -0.169133 -0.0181643    0.48285
 -0.162603 -0.0288864   0.487139
  -0.16031 -0.0417607   0.489372
 -0.162601 -0.0548268    0.48921
 -0.169129 -0.0660948   0.486677
 -0.178897 -0.0738498   0.482159
 -0.190421 -0.0769114   0.476343
 -0.201945 -0.0748134   0.470116
F
1 2 3
   1    3 2150
   1 1409 1425
   1 1425    2
   1 2139 1409
   1 2150 2139
2 7 3
  2 666   7
   2 1425  666
 3  7 72
   3   72 2149
   3 2149 2150
 7 25 72
 7 26 25
  7  27 110
 7 91 27
  7 110 120
  7 120  26
  7 666  91
25 26 70
25 70 72
26 38 70
26 39 38
 26 120 821
 26 821  39
 27  91 821
 27 821 110
38 39 71
38 71 70
 39 399  71
 39 821 399
 46  68 141
 46 133  68
 46 141 399
 46 399 804
 46 804 838
 46 838 133
 63  68 133
 63 133 237
 63 146  68
 63 237 838
 63 799 146
 63 838 799
  68  146 2146
  68 2146  141
  70   71 2148
  70 2148 2149
  70 2149   72
  71  141 2147
 71 399 141
  71 2147 2148
 91 666 708
 91 708 822
 91 822 821
110 821 120
133 838 237
 141 2146 2147
146 147 149
146 148 147
 146  149 2143
146 799 838
146 838 148
 146 2143 2145
 146 2145 2146
147 148 550
147 550 149
148 838 550
149 150 158
149 154 150
 149  158 2159
149 550 154
 149 2159 2143
150 154 158
154 157 158
154 166 157
154 550 683
154 683 691
 154  691 1513
 154 1513  166
157 165 158
 157  166 1776
 157  887 1600
 157 1600  165
 157 1776  887
158 165 181
 158  181 2158
 158 2158 2159
165 886 181
 165 1600  886
 166 1513 1776
 181  886 2158
 294  687 1513
294 691 839
294 839 687
 294 1513  691
399 821 804
550 838 683
664 666 667
664 667 824
664 708 666
664 823 708
664 824 823
666 957 983
666 983 667
666 986 957
 666 1409  986
 666 1425 1409
667 971 824
667 983 971
683 838 691
 687  688 1513
687 839 840
687 840 688
 688  840 1666
 688 1666 1668
 688 1668 1513
691 838 839
708 823 822
804 821 822
804 822 839
804 839 838
822 823 840
822 840 839
823 824 841
823 841 840
824 825 841
824 971 825
825 826 842
825 842 841
825 971 826
826 827 844
826 843 842
826 844 843
826 957 827
826 969 957
826 971 969
827 828 888
827 888 844
827 947 828
827 955 947
827 957 955
828 891 888
828 908 891
828 922 908
828 933 934
828 934 936
828 936 922
828 947 995
828 995 933
 840  841 1666
 841  842 1666
 842  843 1668
 842 1668 1666
 843  844 1669
 843 1669 1668
 844  845 1655
844 880 845
844 888 880
 844 1655 1684
 844 1684 1669
 845  880 1544
 845 1544 1606
 845 1606 1690
 845 1646 1688
 845 1686 1655
 845 1688 1686
 845 1690 1646
855 856 857
 855  857 1144
 855 1009  856
 855 1026 1009
 855 1077 1734
 855 1144 1326
 855 1326 1077
 855 1733 1026
 855 1734 1733
 856 1006  857
 856 1009 1006
 857 1006 1187
 857 1051 1188
 857 1187 1051
 857 1188 1144
 862 1310 1894
 862 1546 1310
 862 1548 1546
 862 1732 1548
 862 1894 1732
 880  888 1482
 880 1482 1501
 880 1501 1520
 880 1520 1533
 880 1533 1542
 880 1542 1544
 883 1058 1848
 883 1778 1058
 883 1848 1851
 883 1851 2130
 883 2126 1778
 883 2127 2126
 883 2130 2127
 885  886 1600
 885 1007 2157
 885 1143 1007
 885 1515 1143
 885 1600 1515
 885 2157 2158
 885 2158  886
 887 1515 1600
 887 1776 1515
 888  891 1227
 888 1227 1242
 888 1242 1264
 888 1264 1277
 888 1277 1449
 888 1449 1460
 888 1460 1482
 891  908 1118
 891  913 1158
 891 1118  913
 891 1158 1178
 891 1178 1193
 891 1193 1227
 903 1239 1317
 903 1242 1239
 903 1264 1242
 903 1274 1277
 903 1277 1264
 903 1295 1274
 903 1317 1295
 907  908 1064
 907 1042 1084
 907 1064 1042
 907 1084 1118
 907 1118  908
 908  922 1019
 908  927 1064
 908 1019  927
 913  914 1158
 913 1091 1130
 913 1118 1091
 913 1130  914
 914  918 1178
 914 1122 1128
 914 1128 1139
 914 1130 1122
 914 1139 1177
 914 1171  918
 914 1177 1171
 914 1178 1158
 918 1171 1186
 918 1182 1193
 918 1186 1182
 918 1193 1178
 922  936 1019
 926 1053 1546
 926 1058 1778
 926 1474 1053
 926 1546 1848
 926 1778 1474
 926 1848 1058
 927 1019 1037
 927 1037 1064
933 995 996
933 996 934
934 996 936
 936  996 1019
 937  996 1003
 937 1003 1025
 937 1019  996
 937 1025 1037
 937 1037 1019
938 939 940
 938  940 1894
 938 1284 2152
 938 1525 1284
 938 1894 1525
 938 2152 2153
 938 2153  939
 939 1026  940
 939 2153 2154
 939 2154 1026
 940  973 1159
 940 1026  973
 940 1159 1710
 940 1710 1894
947 955 957
947 957 986
 947  986 1409
 947 1408  995
 947 1409 1408
 952 1000 1662
 952 1380 1000
 952 1662 1380
957 969 983
 959 1105 2031
 959 1525 1568
 959 1568 1105
 959 2031 1525
 963  968 1710
 963 1260  968
 963 1307 1260
 963 1565 1307
 963 1710 1780
 963 1780 1565
 968 1260 1621
 968 1621 1710
969 971 983
 973 1026 1733
 973 1097 1627
 973 1395 1097
 973 1627 1159
 973 1733 1395
 977 1006 1008
 977 1008 1011
 977 1011 1006
 995 1408 1413
 995 1413  996
 996 1413 2137
 996 2137 1003
1000 1006 1011
1000 1011 1794
1000 1380 1006
1000 1794 1662
1003 1004 1025
1003 2137 1004
1004 1035 1025
1004 1417 1851
1004 1851 1035
1004 2137 1417
1006 1009 1008
1006 1051 1187
1006 1113 1653
1006 1380 1113
1006 1653 1051
1007 1008 1009
1007 1009 2156
1007 1143 1794
1007 1794 1008
1007 2156 2157
1008 1794 1011
1009 1026 2155
1009 2155 2156
1012 1502 1773
1012 1708 1502
1012 1773 1708
1025 1035 1056
1025 1056 1037
1026 2154 2155
1035 1043 1056
1035 1848 1043
1035 1851 1848
1037 1042 1064
1037 1056 1042
1042 1056 1084
1043 1070 1056
1043 1082 1070
1043 1848 1082
1046 1474 1778
1046 1525 1474
1046 1778 1525
1051 1256 1188
1051 1379 1256
1051 1380 1576
1051 1576 1379
1051 1653 1380
1053 1105 1444
1053 1444 1546
1053 1474 2031
1053 2031 1105
1056 1070 1084
1061 1215 1548
1061 1548 1732
1061 1732 1894
1061 1894 1215
1070 1082 1112
1070 1112 1084
1076 1194 1379
1076 1197 1194
1076 1199 1197
1076 1361 1199
1076 1379 1708
1076 1708 1361
1077 1145 1267
1077 1267 1734
1077 1326 1145
1082 1095 1112
1082 1546 1095
1082 1848 1546
1084 1091 1118
1084 1112 1091
1091 1112 1130
1095 1122 1112
1095 1128 1122
1095 1546 1128
1097 1395 1708
1097 1708 1773
1097 1773 1627
1105 1310 1444
1105 1568 1310
1112 1122 1130
1113 1380 1653
1128 1546 1139
1136 1177 1548
1136 1186 1177
1136 1226 1186
1136 1548 1226
1139 1546 1177
1143 1515 1794
1144 1145 1326
1144 1188 1145
1145 1188 1256
1145 1191 1267
1145 1256 1191
1159 1235 1710
1159 1307 1565
1159 1565 1235
1159 1627 1307
1171 1177 1186
1177 1546 1548
1182 1186 1208
1182 1208 1227
1182 1227 1193
1186 1224 1208
1186 1226 1224
1191 1194 1267
1191 1256 1379
1191 1379 1194
1194 1197 1267
1197 1199 1733
1197 1733 1734
1197 1734 1267
1199 1361 1762
1199 1762 1733
1208 1224 1317
1208 1239 1227
1208 1317 1239
1209 1260 1773
1209 1295 1547
1209 1547 1260
1209 1702 1295
1209 1773 1702
1215 1621 1548
1215 1710 1621
1215 1894 1710
1224 1226 1317
1226 1548 1317
1227 1239 1242
1235 1565 1780
1235 1780 1710
1260 1307 1773
1260 1547 1548
1260 1548 1621
1274 1295 1702
1274 1449 1277
1274 1455 1449
1274 1702 1455
1284 1525 1778
1284 1538 2151
1284 1778 2119
1284 2117 1538
1284 2119 2117
1284 2151 2152
1290 1317 1548
1290 1547 1317
1290 1548 1547
1295 1317 1547
1307 1627 1773
1310 1546 1444
1310 1568 2102
1310 2102 1894
1361 1708 1762
1379 1380 1628
1379 1567 1708
1379 1576 1380
1379 1580 1567
1379 1603 1580
1379 1613 1603
1379 1625 1613
1379 1628 1625
1380 1646 1649
1380 1649 1628
1380 1662 1646
1395 1733 1762
1395 1762 1708
1408 1409 2138
1408 1538 2117
1408 2117 1413
1408 2138 1538
1409 2107 2138
1409 2139 2107
1413 2117 2119
1413 2118 2126
1413 2119 2118
1413 2126 2127
1413 2127 2137
1417 1435 1851
1417 2137 1435
1435 2130 1851
1435 2137 2130
1449 1455 1460
1454 1455 1702
1454 1460 1455
1454 1482 1460
1454 1494 1482
1454 1702 1719
1454 1719 1494
1461 1702 1773
1461 1719 1702
1461 1773 1719
1474 1525 2031
1482 1494 1501
1491 1494 1719
1491 1501 1494
1491 1520 1501
1491 1528 1520
1491 1719 1528
1499 1502 1528
1499 1528 1719
1499 1719 1502
1502 1524 1528
1502 1708 1524
1502 1719 1773
1513 1514 1515
1513 1515 1776
1513 1668 1669
1513 1669 1514
1514 1656 1515
1514 1669 1656
1515 1656 1657
1515 1657 1794
1520 1528 1533
1524 1526 1528
1524 1531 1526
1524 1534 1531
1524 1708 1534
1525 1894 2102
1525 2102 1568
1526 1531 1553
1526 1533 1528
1526 1553 1562
1526 1562 1533
1531 1534 1553
1533 1562 1542
1534 1563 1553
1534 1708 1563
1538 2138 2150
1538 2150 2151
1542 1558 1544
1542 1562 1558
1544 1558 1574
1544 1574 1585
1544 1585 1607
1544 1607 1606
1553 1563 1572
1553 1572 1562
1558 1560 1574
1558 1562 1560
1560 1562 1572
1560 1572 1594
1560 1594 1574
1563 1567 1572
1563 1708 1567
1567 1580 1572
1572 1580 1594
1574 1594 1585
1580 1603 1594
1585 1594 1596
1585 1596 1607
1594 1603 1596
1596 1603 1624
1596 1624 1607
1603 1613 1624
1606 1607 1618
1606 1618 1640
1606 1640 1690
1607 1624 1618
1613 1625 1635
1613 1635 1624
1618 1624 1626
1618 1626 1640
1624 1635 1626
1625 1628 1635
1626 1635 1640
1628 1649 1635
1635 1649 1661
1635 1661 1640
1640 1661 1690
1646 1652 1688
1646 1661 1649
1646 1662 1652
1646 1690 1661
1652 1657 1686
1652 1662 1794
1652 1686 1688
1652 1794 1657
1655 1656 1684
1655 1657 1656
1655 1686 1657
1656 1669 1684
1778 1785 2119
1778 2118 1785
1778 2126 2118
1785 2118 2124
1785 2124 2119
2107 2139 2150
2107 2150 2138
2118 2119 2124
2127 2130 2137
2143 2159 2145
2145 2147 2146
2145 2156 2147
2145 2159 2156
2147 2149 2148
2147 2152 2149
2147 2156 2152
2149 2152 2150
2150 2152 2151
2152 2154 2153
2152 2156 2154
2154 2156 2155
2156 2158 2157
2156 2159 2158
