19
r_lower_leg 
V
-0.0868731  -0.015718   0.273631
-0.0871593 -0.0195521   0.274888
-0.0863376 -0.0145869   0.271764
-0.053901  -0.10834  0.171672
-0.0666132   -0.10833   0.203453
-0.063742 -0.108326  0.204321
-0.105535 -0.100262  0.294755
-0.105784 -0.102474  0.295066
 -0.101597 -0.0999384   0.303009
-0.0412214  -0.105537  0.0946015
-0.0431907  -0.106779    0.11379
-0.0316516  -0.106199  0.0976624
 -0.110805 -0.0189778    0.27688
 -0.111251 -0.0200053   0.277582
-0.107535 -0.018359  0.283346
-0.0857409 -0.0959274   0.253776
-0.0950339 -0.0965339   0.246191
-0.0888925 -0.0956215   0.257612
-0.109952 -0.102876  0.284663
  -0.1048 -0.103557  0.294717
-0.105106 -0.102983  0.294778
 -0.084934 -0.0184717   0.243233
 -0.084777 -0.0181113   0.247823
-0.0861718 -0.0193733   0.240951
-0.0852165  -0.018589   0.247795
-0.0886639 -0.0253099   0.252441
-0.0852685 -0.0256394    0.24831
-0.0965792  -0.101453   0.309232
 -0.103984 -0.0934381   0.213267
 -0.103021 -0.0931799   0.214728
  -0.10423 -0.0884435   0.212534
-0.0328552 -0.0368645  0.0947988
  -0.03342 -0.0366431  0.0967059
-0.0348108 -0.0361523  0.0962447
-0.0957641 -0.0993375   0.309824
-0.095768 -0.101334  0.309993
-0.0909763 -0.0986539   0.304284
-0.0915552 -0.0985016   0.306192
-0.0915551  -0.099631   0.306283
-0.0891712  -0.104397   0.284895
-0.0957668  -0.101404   0.309999
-0.0965791  -0.101427    0.30923
-0.0446468  -0.106383     0.1345
-0.0438491  -0.105604   0.136775
-0.0432559  -0.105826   0.134877
 -0.053929 -0.0344589   0.116258
-0.0566553 -0.0355666   0.112502
-0.0559645 -0.0360782   0.112515
-0.0776136  -0.107684   0.239887
-0.0874546  -0.106467   0.272438
-0.0747434  -0.107686   0.240757
-0.0817127   -0.10494   0.274059
-0.0822916  -0.104788   0.275967
-0.0822915  -0.106022   0.276065
-0.0922209 -0.0199207   0.238285
-0.0877014 -0.0190699   0.239614
-0.0898915 -0.0199584   0.239118
-0.089532 -0.106334  0.245585
-0.0925703 -0.0971632   0.244688
-0.0857919 -0.0968386   0.248646
-0.0342259  -0.105074  0.0998268
-0.0347677   -0.10498   0.101751
-0.0334282  -0.104295   0.102103
-0.0944372 -0.0999423   0.305464
-0.101613 -0.100028  0.303011
-0.101136 -0.105259  0.274323
-0.0880345  -0.106387   0.274352
 -0.101552 -0.0925966   0.214895
-0.0586151 -0.0970372  0.0991152
 -0.103732 -0.0801527    0.21195
-0.0301929 -0.0360667  0.0976389
-0.0296139 -0.0351235  0.0956432
 -0.030193 -0.0348336  0.0975405
-0.0873054  -0.102562   0.282024
-0.0998384  -0.102086   0.278089
-0.0967191  -0.100258    0.30267
 -0.108906 -0.0999189   0.287354
-0.105806  -0.10253  0.295022
-0.105497 -0.017257    0.2881
 -0.102567 -0.0169075   0.294799
-0.0965896 -0.0157506   0.302221
 -0.101594 -0.0188402   0.296538
 -0.096526 -0.0163725   0.302385
 -0.105868 -0.0175806   0.288307
-0.0869827  -0.108374   0.277953
-0.0860197  -0.108212   0.278211
-0.086868 -0.107024   0.28093
-0.0359541  -0.106359   0.101498
-0.043073 -0.107024  0.118201
-0.0457242   -0.10763   0.134273
-0.0509283  -0.106411   0.170326
-0.054858  -0.10634  0.171224
-0.0515073  -0.106259   0.172234
 -0.105543 -0.0197588   0.288328
 -0.109203 -0.0212781    0.28061
 -0.106259 -0.0173842   0.288456
-0.0942245 -0.0205759   0.297067
-0.0947892 -0.0203534   0.298974
-0.0961802 -0.0198627   0.298513
-0.0851632  -0.106355   0.275221
-0.105682 -0.021392  0.269341
 -0.109198 -0.0211423   0.280653
-0.0874556  -0.106375   0.272431
-0.0880346  -0.106223   0.274339
-0.0868724  -0.104985   0.274593
-0.0963237  -0.104817   0.247106
-0.0986629  -0.096738   0.249921
-0.0957713 -0.0163765   0.303201
-0.0957711 -0.0183762    0.30336
-0.0973057 -0.0185521   0.298067
 -0.116962 -0.0269488   0.266499
 -0.114491 -0.0269981    0.26588
 -0.115893 -0.0266204   0.270612
-0.0849616 -0.0189008   0.266206
-0.0855263 -0.0186784   0.268113
-0.0869172 -0.0181876   0.267652
 -0.120969 -0.0931358   0.272798
 -0.120005 -0.0916382   0.272971
 -0.119569 -0.0917071    0.27138
-0.0944338 -0.0184519    0.29893
-0.0505873 -0.0329621   0.116833
-0.0466911 -0.0456444    0.11708
-0.0458483  -0.032552   0.115493
-0.0862376 -0.0265433   0.243272
-0.0950402 -0.0267559    0.24062
-0.0900883 -0.0267947   0.240128
-0.0445859  -0.105797   0.136567
-0.0463779  -0.107726   0.136178
-0.0407161  -0.105711   0.137734
-0.0325925 -0.0323905  0.0914286
-0.0413313 -0.0332382  0.0887874
-0.0732114 -0.0229181   0.173882
-0.0892859  -0.106359   0.259527
-0.0886586 -0.0960846   0.258093
-0.094753 -0.105716   0.25931
-0.0938551 -0.0184995   0.297014
-0.0967263 -0.0186028   0.296151
 -0.032841 -0.0367954  0.0947976
-0.0306714 -0.0365767  0.0975344
-0.0913823 -0.0257873   0.194583
-0.0520025 -0.0356501  0.0945755
-0.0490911 -0.0347065  0.0931353
-0.0444602 -0.0344102   0.089051
-0.0536837 -0.0276163   0.163201
-0.0509351 -0.0275499    0.16403
 -0.051514 -0.0273976   0.165938
-0.0592619 -0.0207235    0.17895
 -0.107334 -0.0162939   0.264367
-0.0869815 -0.0133821    0.27032
-0.033586  -0.10464 0.0999862
-0.0297163  -0.104554   0.101153
-0.0352661  -0.106334  0.0996118
-0.0863307  -0.105078   0.272669
-0.0855331  -0.104298   0.274944
 -0.100868 -0.0946818    0.21818
-0.0866789   -0.10299   0.192837
-0.0557341 -0.0375447   0.108822
 -0.055982 -0.0462509   0.109493
 -0.054008 -0.0456709   0.116681
-0.0957713 -0.0162629   0.303192
-0.0876429 -0.0173057   0.276312
-0.0651725 -0.0725566   0.103564
-0.0680546 -0.0726263   0.102695
 -0.067083 -0.0660088   0.100144
-0.0641532 -0.0794972   0.102108
-0.0670383 -0.0795763   0.101232
-0.0849399   -0.10452   0.273046
-0.0855188  -0.104368   0.274954
-0.0821913  -0.104454   0.273875
-0.0528292 -0.0465569   0.105657
-0.0559828 -0.0374808   0.108793
-0.0641192 -0.0240946   0.197484
 -0.064684 -0.0238722   0.199391
-0.0660748 -0.0233815    0.19893
 -0.105028 -0.0891165   0.211181
-0.0685503 -0.0726463   0.102515
-0.0649016 -0.0842299  0.0961565
-0.0458364  -0.106623   0.121403
-0.0492849 -0.0969033   0.122218
-0.050575 -0.106225  0.122594
 -0.105075 -0.0392912   0.207213
-0.0624977 -0.0481972  0.0939932
-0.0652084 -0.0621893  0.0942886
 -0.119447 -0.0920754   0.267495
 -0.102257 -0.0957049   0.222027
 -0.103918 -0.0957451   0.221526
 -0.107018 -0.0641738   0.208596
  -0.05762 -0.0400347   0.094875
 -0.103484 -0.0343636   0.208718
 -0.110223 -0.0991912   0.273953
-0.111553 -0.101014  0.270823
 -0.117133 -0.0919197   0.269442
-0.058791 -0.110391  0.188063
-0.0511338  -0.108221   0.162489
-0.0642694  -0.108347   0.206072
-0.0504496  -0.107959   0.170595
-0.0539001   -0.10831   0.171672
-0.0533211  -0.108291    0.16975
-0.0429069 -0.0299563   0.128928
-0.0316696 -0.0333461  0.0919232
-0.0434859 -0.0297263    0.13083
-0.0949613 -0.0204182   0.296831
-0.0967587 -0.0185577   0.296137
-0.0910916 -0.0203178   0.297997
-0.0461758 -0.0270289   0.136071
-0.0325977  -0.032392  0.0914596
-0.0506926  -0.024169   0.150825
-0.0877279   -0.10463   0.283591
-0.0872794  -0.102654   0.281945
-0.0957639   -0.10145   0.309993
-0.0597674 -0.0217697   0.180736
-0.0656423  -0.018759   0.199982
-0.0452388 -0.0269964   0.136426
-0.0325976 -0.0333839  0.0915388
-0.0344795 -0.0355037  0.0910249
-0.0344888 -0.0325112  0.0908116
-0.0325943 -0.0323878  0.0914498
-0.0862746  -0.106177   0.278894
-0.0344885 -0.0355126  0.0910512
-0.0411751 -0.0334223  0.0888558
  -0.11798 -0.0919848   0.268101
-0.0411891 -0.0365856   0.089104
-0.0468519 -0.0345319  0.0904826
-0.0411894 -0.0335154  0.0888589
-0.0504334  -0.103531  0.0994054
-0.0566885  -0.103488   0.113786
-0.0544647  -0.103906    0.11048
-0.0411719 -0.0364815  0.0891009
-0.0654514  -0.107092   0.203704
-0.0666135  -0.108337   0.203451
-0.0660304   -0.10694   0.205612
-0.0467179 -0.0377429  0.0909368
 -0.046666 -0.0377018  0.0910247
-0.0466663 -0.0344611  0.0907659
-0.0891037 -0.0176509    0.27772
 -0.088161 -0.0174086   0.278039
-0.0868875  -0.016072   0.273707
-0.0504198 -0.0384926   0.094204
-0.0544995 -0.0411031  0.0953871
-0.0576196 -0.0453648  0.0953005
-0.0626596 -0.0505295  0.0941837
-0.0604655 -0.0536025  0.0950946
-0.0646381 -0.0622442  0.0945184
-0.0617426 -0.0621742  0.0953913
-0.0641947 -0.0659313   0.101009
 -0.107027 -0.0641747   0.208593
-0.034165 -0.104487  0.101895
-0.0359568  -0.106417   0.101505
-0.0302953  -0.104402   0.103062
  -0.12053 -0.0932995   0.275523
  -0.11861 -0.0912838   0.274016
-0.120002 -0.091636  0.272962
-0.0849474 -0.0188307   0.266205
-0.0821988 -0.0187643   0.267033
-0.0827778  -0.018612   0.268942
-0.0917811  -0.106609   0.260207
-0.0874663  -0.106955   0.258722
-0.0897918  -0.106202   0.259952
-0.0862746  -0.106176   0.278894
 -0.117415 -0.0245291   0.271765
 -0.115881 -0.0264865   0.270605
 -0.114198 -0.0242946   0.274599
-0.0641051 -0.0240245   0.197483
-0.0619354 -0.0238058    0.20022
 -0.102423 -0.0311187   0.212608
-0.0552933  -0.106749   0.169029
-0.0505582  -0.106516   0.170447
-0.0561954  -0.108374   0.168885
  -0.11846 -0.0258152   0.261752
-0.0963336 -0.0189144   0.251875
 -0.099215 -0.0201402   0.248148
-0.0978074 -0.0200867   0.250714
-0.0608704  -0.107994   0.205166
-0.0614495  -0.107977   0.207085
-0.0643209  -0.108309    0.20624
-0.0561926  -0.108304    0.16888
-0.0496318  -0.107116   0.123141
-0.0827002  -0.107032   0.214033
-0.0566132  -0.104396   0.118059
-0.0872947   -0.01461   0.271476
-0.0873788  -0.013628   0.271676
-0.0733672  -0.017609   0.225515
 -0.105898 -0.0509943   0.209062
 -0.106476 -0.0511942   0.207714
 -0.106984 -0.0641732   0.208608
-0.0712915  -0.107378   0.239685
-0.0718704  -0.107324   0.241601
-0.074742 -0.107656  0.240756
 -0.106402 -0.0640691   0.209965
-0.0847785  -0.107119   0.254982
-0.0533201  -0.108347   0.169751
 -0.104729 -0.0393902   0.207355
-0.0614568 -0.0232958   0.200324
-0.0608778 -0.0234481   0.198416
 -0.060878 -0.0222449    0.19832
-0.0862316 -0.0963212   0.248844
-0.0900813 -0.0965726     0.2457
-0.0879671  -0.106098   0.281036
-0.0870388  -0.106232   0.281433
-0.0882026  -0.104104   0.285124
-0.110412 -0.101802  0.285224
 -0.113476 -0.0979632   0.281221
 -0.115502 -0.0991938   0.279342
-0.0296078  -0.105924   0.101296
-0.0301867  -0.106016   0.103223
-0.0330582   -0.10635   0.102379
-0.0400286  -0.107271   0.135971
-0.0406075  -0.107326   0.137896
-0.0434791  -0.107658   0.137052
-0.0341886  -0.105133  0.0998428
-0.0352787  -0.106287  0.0996241
-0.0665705  -0.019374   0.203111
-0.0860139 -0.0135827   0.270608
  -0.10294 -0.0310599    0.21665
 -0.118522 -0.0257769    0.26173
  -0.10372 -0.0294279   0.216259
 -0.103096 -0.0307244   0.212333
 -0.102716 -0.0307025    0.21659
 -0.103652 -0.0294052    0.21628
-0.0542626  -0.027464   0.165109
 -0.120245 -0.0926848   0.271221
 -0.119395 -0.0919852   0.268625
-0.120287 -0.092849  0.268863
-0.087996 -0.106255  0.281145
-0.0878049   -0.10693   0.280565
 -0.106753 -0.0641817   0.208275
 -0.105803 -0.0775831   0.211116
 -0.106325 -0.0640714   0.209879
-0.0561928  -0.106937   0.170867
-0.0567711  -0.108394   0.170808
-0.119054 -0.024848  0.264544
 -0.105823 -0.0171169   0.268633
 -0.109555 -0.0177521    0.26381
-0.0848918   -0.10666   0.254728
 -0.118324 -0.0259151   0.261832
-0.0976528 -0.0143475   0.267149
-0.0910848 -0.0982707   0.304221
-0.0909762 -0.0998869   0.304383
-0.096751 -0.100303  0.302664
-0.0949545 -0.0983572   0.303054
 -0.096316 -0.0153433   0.271323
-0.0869764 -0.0135534   0.270335
-0.0891182 -0.0174318    0.27775
-0.0919676 -0.0167202   0.290611
-0.0879895   -0.01483   0.273798
-0.0875265 -0.0138324   0.272182
 -0.119318 -0.0918403   0.270439
 -0.117133 -0.0919197   0.269442
-0.0863468  -0.108037   0.279282
-0.0862746  -0.106183   0.278894
-0.0869346  -0.106594   0.281117
-0.0889965  -0.105191   0.193513
-0.0873921  -0.109807   0.232138
 -0.11274 -0.104806  0.269791
-0.0869796  -0.109407   0.277984
-0.0615581  -0.106361   0.206923
-0.0672213  -0.108382   0.205366
-0.0592445  -0.111412   0.186291
 -0.118524 -0.0263521   0.261838
 -0.117345 -0.0269026   0.262166
 -0.118383 -0.0277957   0.264752
-0.0878042 -0.0154449   0.273232
-0.0860221 -0.0143838   0.270701
-0.0869677 -0.0145485   0.270386
-0.0989353 -0.0209014   0.247371
-0.0958409   -0.02534   0.252475
-0.0926576 -0.0186993   0.253145
-0.0466597  -0.107654  0.0966095
-0.0443759  -0.108489  0.0948222
-0.0490173  -0.107272  0.0988822
-0.0519033  -0.106374   0.100195
 -0.118476 -0.0915631   0.273911
 -0.117133 -0.0919197   0.269442
-0.0325847  -0.109207  0.0975566
-0.0412139  -0.108608  0.0948468
-0.0539171  -0.103582   0.110228
-0.0504326 -0.0979842   0.108756
-0.0441125   -0.10615   0.112444
-0.0714001   -0.10586   0.239531
-0.0770471  -0.107793   0.237972
-0.0616047 -0.0841008  0.0971831
-0.0623523 -0.0942669  0.0977676
-0.0645097 -0.0841709  0.0963073
-0.0752698  -0.105946   0.238364
-0.0942103 -0.0205057   0.297066
-0.0914618 -0.0204393   0.297894
-0.0920407  -0.020287   0.299803
-0.0576149 -0.0975746  0.0994689
-0.0576144  -0.102514  0.0998632
-0.0602841 -0.0910939  0.0981418
-0.0624808 -0.0954798  0.0977678
-0.0507953   -0.10356  0.0988063
-0.054552 -0.101182  0.100185
 -0.103942 -0.0771693   0.211648
 -0.04666 -0.104453  0.096354
-0.046806 -0.104404 0.0961066
-0.0411827  -0.108559  0.0948502
-0.046659 -0.107592 0.0965744
-0.0976989 -0.0260562   0.249387
-0.0981906   -0.02645   0.244454
-0.0888976 -0.0258436    0.25204
-0.0463499  -0.107658   0.136183
-0.0411705  -0.105579  0.0946161
-0.0344824  -0.106121  0.0966884
-0.0411721  -0.108639  0.0948598
-0.0411829   -0.10549  0.0946052
-0.0344821  -0.109137  0.0969292
-0.0510355 -0.0268876   0.166042
-0.0504566 -0.0258726   0.164041
-0.0510356 -0.0256545   0.165944
-0.0533281 -0.0256808   0.163154
-0.0539071 -0.0254617   0.165057
-0.0316561  -0.106132  0.0977154
-0.032591 -0.109149 0.0975877
-0.0344783  -0.109141  0.0969181
-0.0325911  -0.108151   0.097508
-0.0506561  -0.111145   0.157673
-0.0325903  -0.108151  0.0975062
-0.0957711 -0.0183453   0.303358
-0.0400354 -0.0301481   0.129814
-0.0401437 -0.0316679   0.129903
-0.0429057 -0.0299812    0.12893
-0.0461468  -0.109837    0.14261
-0.0656029  -0.111399   0.207275
-0.071979 -0.105708  0.241439
-0.0776436  -0.107733   0.239882
 -0.103981 -0.0934609   0.213194
 -0.116327 -0.0253272   0.272096
 -0.114488 -0.0269988    0.26587
-0.0822992  -0.018102   0.269046
-0.0817203 -0.0182543   0.267138
-0.0817204 -0.0169793   0.267036
-0.0733455  -0.109879   0.232837
-0.0873734  -0.109016   0.279301
-0.0654278  -0.106447   0.205756
-0.0873011  -0.108061   0.278984
-0.101543 -0.106768  0.277107
-0.106042 -0.106823  0.271848
-0.0870077  -0.109828   0.278062
-0.088018 -0.107806  0.281304
-0.0992119 -0.0211647   0.243797
-0.0976936 -0.0958342   0.254957
-0.0981843  -0.096228   0.250025
-0.0432766  -0.031926   0.128973
-0.0438413 -0.0317036    0.13088
-0.0452322 -0.0312129   0.130419
-0.0654587  -0.023473   0.197028
-0.0660377 -0.0233207   0.198936
   -0.0672 -0.0221387   0.198489
-0.114786  -0.10127  0.272315
-0.115255 -0.101773  0.268797
-0.0614569 -0.0220617   0.200226
-0.0643285 -0.0218699   0.199339
-0.0758487  -0.105794   0.240272
 -0.117434 -0.0267141    0.26944
 -0.104562 -0.0971501   0.221205
 -0.120153 -0.0935259   0.266642
 -0.120322 -0.0933116     0.2689
 -0.120235 -0.0936567   0.266701
-0.0909833 -0.0186963     0.2979
-0.0878794 -0.0159046   0.273519
 -0.117423 -0.0245198   0.271793
 -0.104824 -0.0972083   0.221306
 -0.120169 -0.0935243   0.266637
 -0.119283 -0.0921039   0.266824
-0.0554854 -0.0971936   0.118526
 -0.103725 -0.0964753   0.217179
 -0.103749 -0.0958741   0.221517
-0.104641 -0.097217  0.221373
-0.0405074  -0.105759   0.135706
-0.043835 -0.105673  0.136785
-0.0410863  -0.105607   0.137614
-0.0300924  -0.036729  0.0956261
-0.0928554 -0.0167527   0.290093
-0.0446095  -0.106442   0.134516
-0.0457248  -0.107627   0.134283
-0.0451885   -0.10629   0.136424
 -0.095564 -0.0199543   0.296611
-0.0961429  -0.019802    0.29852
-0.0973053 -0.0186199   0.298073
 -0.117985 -0.0933345   0.276853
-0.0432624 -0.0318559   0.128972
-0.0405138 -0.0317895     0.1298
-0.0410928 -0.0316372   0.131708
-0.104804 -0.088776  0.211224
-0.059734 -0.110413  0.187728
-0.0502245  -0.105226   0.108971
-0.0458353  -0.106273    0.11032
 -0.117698 -0.0246202   0.272095
 -0.118094 -0.0246402   0.269985
 -0.118144 -0.0250179   0.269099
 -0.117802 -0.0251121   0.267932
 -0.118261 -0.0247273   0.269774
 -0.112674 -0.0206155   0.270355
-0.117321  -0.02649  0.269319
-0.0470402 -0.0350201    0.10397
-0.0539992 -0.0373543   0.105727
 -0.071878 -0.0203999   0.234661
-0.0712992 -0.0193131   0.232654
-0.0718781 -0.0191668   0.234563
-0.0435395 -0.0329357   0.112205
-0.0435384 -0.0459503   0.113244
-0.0939152  -0.105834   0.259423
 -0.117552 -0.0237033   0.270788
 -0.110762 -0.0191092   0.276831
-0.0862935  -0.105137   0.272685
 -0.120695 -0.0941264    0.27425
 -0.120307 -0.0934604   0.275278
-0.0903799 -0.0164207    0.27736
 -0.106909 -0.0172725   0.282705
-0.0741707 -0.0191213   0.231768
-0.0654886  -0.107034   0.203688
-0.064691 -0.106254  0.205964
-0.0510285  -0.107979   0.172517
 -0.104719 -0.0166539   0.287775
 -0.106816 -0.0174156   0.282798
 -0.096277 -0.0154289   0.301337
 -0.101873 -0.0159672   0.294086
 -0.105541 -0.0176136   0.288157
-0.0964076 -0.0153372   0.301154
-0.0854519 -0.0189658   0.243566
-0.0857986 -0.0260638   0.242995
-0.0896051 -0.0198929   0.239084
-0.0511371  -0.106363   0.172355
-0.0330645 -0.0346398  0.0966538
-0.0886899 -0.0163523   0.276243
-0.0963234  -0.015344   0.301484
-0.0975995 -0.0156486   0.271346
-0.0991427 -0.0171092   0.274652
-0.0891133 -0.0166161   0.277613
-0.0852624 -0.0964142    0.25396
-0.0296078  -0.104936   0.101217
-0.0301868  -0.104784   0.103125
-0.0886001 -0.0173288   0.276023
-0.0822993 -0.0168689   0.268948
-0.0845919 -0.0167875    0.26615
 -0.050565 -0.0274283   0.164132
 -0.053327 -0.0257057   0.163157
 -0.108946 -0.0184347   0.267749
 -0.109666 -0.0196417   0.271316
 -0.102875 -0.0948753   0.216763
 -0.103804 -0.0957426   0.221556
 -0.102138 -0.0957024   0.222059
 -0.109149 -0.0193773    0.26945
-0.0359298  -0.106219   0.101497
 -0.118327 -0.0255789   0.264561
-0.118309 -0.024648  0.268003
-0.109565 -0.019843   0.27132
-0.0856909  -0.104644   0.272828
-0.0818212  -0.104558   0.273995
-0.087476  -0.10653  0.272437
 -0.117733 -0.0253134   0.266428
-0.0440258  -0.097681   0.112408
-0.0435339  -0.097287   0.117342
-0.0435331  -0.106536   0.118081
 -0.117172 -0.0268582   0.268262
 -0.118204 -0.0250094    0.26908
 -0.117802 -0.0251121   0.267932
-0.120002 -0.091639  0.272962
  -0.11848 -0.0915623    0.27392
-0.0469212 -0.0965178   0.120698
-0.0525904   -0.09736   0.110156
-0.0550457  -0.096713   0.118249
-0.101867 -0.103158  0.301057
-0.106727 -0.103514  0.289958
-0.101097 -0.104918  0.281245
-0.0401372  -0.105863   0.135826
-0.0457219   -0.10768   0.134277
-0.113904 -0.100826  0.276132
-0.109895 -0.102804  0.284654
-0.106588 -0.103428   0.29014
-0.115382 -0.100094  0.278518
-0.0857471 -0.0261494   0.248205
-0.0758799 -0.0205781   0.231365
-0.0764589 -0.0204258   0.233274
-0.0776212 -0.0192437   0.232827
 -0.120809 -0.0931691   0.273625
-0.0963068  -0.105926   0.258835
-0.0992194  -0.105089   0.254931
-0.0955334 -0.0982049   0.304962
-0.0973115  -0.100053    0.30457
-0.0916637 -0.0981184   0.306129
-0.065337 -0.110455  0.206317
-0.0531892  -0.110415   0.169483
-0.0860139  -0.108489   0.278214
 -0.120374 -0.0932628    0.27127
-0.0550502 -0.0463742    0.11423
-0.0444704 -0.0468239   0.108586
-0.0469248  -0.046178   0.116678
-0.0869769  -0.108235   0.277923
-0.0542897  -0.106492   0.169313
 -0.120748 -0.0919398   0.272801
 -0.120842 -0.0931387   0.272837
  -0.12105 -0.0933909   0.273675
-0.045565  -0.10709  0.121773
-0.0915622 -0.0186476   0.299817
-0.0938549 -0.0185025   0.297014
-0.0944338 -0.0184558   0.298931
  -0.11644 -0.0995125   0.271443
-0.111845 -0.102471  0.277202
 -0.120333 -0.0932945   0.271275
  -0.10224 -0.0883954    0.21306
 -0.104931 -0.0888084   0.211232
-0.0878303 -0.0157411   0.273342
 -0.120374 -0.0932638    0.27127
-0.0440171 -0.0464603   0.113139
-0.110912 -0.103668  0.274017
-0.0588248 -0.0217418   0.181072
-0.0643285 -0.0218689   0.199339
-0.0637495 -0.0220771   0.197435
-0.0863011 -0.0182802    0.26575
-0.0986336  -0.106799   0.278695
-0.100263 -0.105027  0.281549
-0.111519 -0.101978  0.277209
-0.0962729  -0.102633   0.308308
-0.0891742  -0.105306   0.284977
-0.0868477  -0.106906   0.280853
-0.0881451  -0.106722   0.281724
-0.0640978  -0.106476   0.204066
-0.0965763  -0.101536   0.309229
-0.0964518  -0.102351   0.308881
-0.088766   -0.1056  0.283647
-0.0886851  -0.104653   0.283302
-0.105517 -0.102082  0.294875
 -0.10552 -0.104958  0.295135
-0.0963394  -0.101445   0.309074
-0.0915621 -0.0197771   0.299907
-0.0909832 -0.0199294   0.297999
-0.0608705  -0.106897   0.205078
-0.0879514  -0.107553   0.281073
-0.0881957  -0.106924   0.281861
-0.0996665  -0.106696   0.278415
-0.0963038  -0.105963   0.258821
 -0.120238 -0.0935275   0.275305
-0.0880914  -0.107287   0.281544
-0.0878918  -0.106618   0.280828
 -0.118527 -0.0921341   0.276006
-0.0400287  -0.106246    0.13589
-0.0456089 -0.0465259   0.105987
-0.0880416 -0.0150007   0.273984
-0.0879575 -0.0152573   0.273747
  -0.09616 -0.0153246   0.271369
-0.0981912 -0.0157278   0.271246
 -0.108024 -0.0184931   0.267331
-0.0452099  -0.109816   0.142966
-0.0316633  -0.106129  0.0977339
-0.0407271  -0.107397   0.127902
-0.0880908 -0.0151642    0.27416
-0.0996577 -0.0176933   0.267625
-0.0993091 -0.0209855   0.243679
-0.0992301 -0.0201817   0.248156
 -0.101991 -0.0886049    0.21227
 -0.104174 -0.0884411   0.212477
-0.0926386 -0.0273949   0.204681
-0.0967309 -0.0208176   0.239923
-0.0938442 -0.0955827   0.258103
 -0.109646 -0.0210343   0.264893
-0.072397 -0.109856  0.233154
-0.0769093  -0.107458    0.24793
-0.0963458 -0.0189609   0.251895
-0.0868801 -0.0181279   0.267658
-0.0880424 -0.0169448   0.267211
-0.0352511  -0.106265  0.0996108
-0.0324796  -0.106262   0.100452
 -0.091809 -0.0181539    0.25319
-0.0939486 -0.0190091   0.252483
-0.0880424 -0.0167784   0.267198
-0.0874813 -0.0179264   0.251662
-0.0745404 -0.0211986   0.231821
-0.0751051 -0.0209772   0.233728
-0.0764961 -0.0204865   0.233267
-0.0918097 -0.0181242   0.253173
-0.0848152  -0.018097   0.247851
-0.0671924  -0.108329   0.205371
-0.0643195  -0.108313   0.206241
-0.0877303 -0.0187139   0.239549
-0.0849168 -0.0185057   0.243235
-0.0741998 -0.0191558   0.231763
-0.0566553 -0.0378239   0.108857
 -0.120423 -0.0920988    0.27439
-0.0852692 -0.0186068   0.247748
-0.0614569 -0.0220617   0.200226
-0.0328351  -0.104516   0.100204
-0.0334141  -0.104364   0.102112
-0.0300865   -0.10445   0.101033
 -0.101294 -0.0949783   0.218135
-0.0922144 -0.0199598   0.238274
-0.0986696 -0.0214386   0.243909
-0.0986692 -0.0259632    0.24427
-0.0935938  -0.026403   0.239183
-0.0994348 -0.0217684   0.243271
-0.0852614  -0.106643   0.254777
-0.0630039  -0.028917   0.147748
-0.0570207 -0.0367438   0.108413
-0.0566637  -0.035641   0.112525
-0.0545616 -0.0369709   0.105201
-0.099539 -0.104067  0.250625
-0.0972979 -0.0961466   0.257025
 -0.120357 -0.0933117   0.268911
 -0.119539 -0.0918615   0.266769
 -0.103562 -0.0344229   0.208731
 -0.102645 -0.0346182   0.210279
-0.0538691 -0.0334986   0.116073
-0.0977346  -0.105187   0.257136
-0.0992098  -0.105134   0.254917
-0.0496017 -0.0322645   0.117226
-0.0316631  -0.108133   0.097894
 -0.102029 -0.0901394   0.213406
-0.0533271 -0.0257187   0.163158
-0.0455902 -0.0320293   0.115808
-0.0559769  -0.103044   0.114027
-0.0559774 -0.0975876   0.113591
-0.0463564 -0.0298853   0.129973
-0.0430911  -0.032431   0.112269
-0.0817126  -0.106112   0.274152
-0.0412316 -0.0364751  0.0890802
-0.0432082 -0.0331678   0.107941
-0.0406143 -0.0298942   0.131714
-0.0400354 -0.0301481   0.129814
-0.0434859 -0.0297014   0.130828
-0.0343049 -0.0354916  0.0910885
-0.0458683 -0.0341539   0.104577
-0.115404 -0.100205  0.278583
-0.0538078  -0.105907   0.121859
-0.0442846  -0.037412  0.0892359
-0.0502938 -0.0355701   0.103429
-0.0433029 -0.0328817   0.112178
-0.0562659  -0.108264   0.168852
-0.0567715  -0.108324   0.170802
-0.0549227  -0.106196   0.171197
-0.0341947 -0.0362439  0.0943429
-0.033059 -0.106378  0.102378
-0.0539071 -0.0254627   0.165057
-0.0550374 -0.0270648   0.162746
-0.0536978 -0.0276864   0.163202
-0.0556535 -0.0269732   0.164648
-0.0444654 -0.0971637   0.112605
-0.0440126 -0.0968001   0.117158
-0.0938492 -0.0258048   0.252531
-0.0770343  -0.107727   0.237972
-0.074163 -0.107708   0.23884
 -0.117421 -0.0245235   0.271773
-0.0745262 -0.0211295    0.23182
-0.0723566 -0.0209108   0.234557
-0.0586021 -0.0460283  0.0950575
-0.0429069 -0.0299563   0.128928
-0.035936 -0.034785 0.0957942
-0.0480189 -0.0973958   0.109702
-0.0316695 -0.0353447  0.0920828
-0.0325148 -0.0349878  0.0947575
-0.0316695 -0.0353437  0.0920827
  -0.11786 -0.0920229    0.26815
-0.0316681 -0.0333464  0.0919195
-0.0567719  -0.108327   0.170802
-0.0827703  -0.104301   0.275783
-0.0967263 -0.0187722   0.296164
-0.0324855 -0.0349307  0.0947566
-0.0296139 -0.0351245  0.0956432
-0.0297223 -0.0366064  0.0957286
-0.0353708 -0.0349924  0.0938862
-0.0871815  -0.019538   0.274964
 -0.033592 -0.0367079  0.0945627
-0.0637495 -0.0220521   0.197433
 -0.103845 -0.0395234   0.207507
-0.0938474  -0.100304   0.303545
-0.0824001  -0.104406   0.275904
-0.0880661  -0.106437   0.274347
 -0.035936 -0.0349096  0.0958042
-0.0353571 -0.0350619  0.0938959
-0.0915622 -0.0186476   0.299817
-0.0457788 -0.0301283   0.128071
-0.0330646  -0.034608  0.0966502
-0.0609791  -0.106513   0.205015
-0.0666289  -0.108407   0.203452
-0.0613492   -0.10641   0.204894
-0.0646768  -0.106324   0.205974
-0.0619282  -0.106257   0.206802
-0.0955571 -0.0988502    0.30291
-0.0967192  -0.100088   0.302656
 -0.096136 -0.0986979   0.304818
-0.0613564 -0.0239581   0.198311
-0.0967316 -0.0207712   0.239939
-0.0943087 -0.0207443   0.238942
-0.0992825 -0.0217769   0.243605
-0.0429076 -0.0299834   0.128929
-0.0324793  -0.106257   0.100451
-0.0316695 -0.0353397  0.0920824
-0.0555034 -0.0467378   0.109677
-0.0303013 -0.0364541  0.0976369
-0.0359618 -0.0347178  0.0957811
 -0.034171 -0.0365556   0.096471
 -0.119201 -0.0921926   0.271467
 -0.120716 -0.0941296   0.274286
-0.0440134 -0.0317684   0.128737
 -0.045782 -0.0301185   0.128068
-0.0955943 -0.0987913   0.302894
-0.0947967 -0.0980117    0.30517
-0.0560679   -0.10298    0.11405
  -0.12024 -0.0935088   0.266593
-0.091455 -0.098167    0.3041
-0.0947825 -0.0980811    0.30518
-0.0920339 -0.0980147   0.306008
-0.0759096   -0.10638   0.238204
-0.075112 -0.105601   0.24048
-0.0745189  -0.105823   0.238582
-0.0446161 -0.0313045   0.128517
-0.0463573 -0.0299701   0.129978
-0.0457784 -0.0301224    0.12807
-0.0972982 -0.0999362   0.304565
-0.0717703  -0.105757    0.23941
-0.0750978  -0.105671    0.24049
-0.0723492  -0.105604   0.241319
-0.0442897  -0.104833  0.0946174
-0.0434859 -0.0297512   0.130832
-0.0445923 -0.0316161   0.130645
-0.0434846 -0.0297263    0.13083
-0.0463735 -0.0298878   0.129967
-0.0504497  -0.106898    0.17051
-0.0514926  -0.096481   0.121152
-0.0407226 -0.0315156   0.131811
-0.0712991 -0.0205522   0.232753
-0.0621562 -0.0842068  0.0969729
-0.0915551   -0.09963   0.306282
 -0.117474 -0.0267151   0.269427
-0.0561993 -0.0258658   0.162298
 -0.101081 -0.0352318   0.210381
 -0.102485 -0.0394622   0.209077
-0.0621748  -0.062142  0.0952177
-0.0671925  -0.108179   0.205359
-0.0657174 -0.0725723   0.103366
 -0.054439 -0.0275278   0.162965
  -0.05621 -0.0258581   0.162294
-0.0510286  -0.106745   0.172418
-0.117527 -0.026681  0.269377
 -0.117466 -0.0261305   0.264562
 -0.117119 -0.0252544    0.26792
  -0.0672 -0.022039  0.198482
-0.0567786 -0.0257304   0.164208
-0.0561997 -0.0258708   0.162298
-0.0567787 -0.0256387     0.1642
-0.053918 -0.103452  0.110979
-0.0501741   -0.10429   0.108743
-0.0874889 -0.0178947   0.251644
 -0.089848 -0.0184173   0.252754
-0.0525952 -0.0470201   0.106138
-0.0666172 -0.0222221   0.196577
-0.0539084 -0.0254818   0.165058
-0.0550136 -0.0273774   0.164875
-0.0539059 -0.0254866    0.16506
-0.0567957 -0.0256431   0.164196
-0.0565583  -0.102897   0.113681
  -0.11801 -0.0277282   0.262041
 -0.117734 -0.0272286   0.262997
-0.0712916  -0.106243   0.239594
-0.0718705  -0.106091   0.241503
-0.0511439  -0.027276    0.16604
-0.0637495  -0.022102   0.197437
-0.064856 -0.023937  0.197248
-0.0666339 -0.0222245   0.196572
-0.0637484  -0.022077   0.197436
-0.0609863 -0.0238365   0.198414
-0.0916705 -0.0201654   0.299905
-0.0973192 -0.0185016   0.298059
-0.0955403 -0.0202659   0.298739
-0.0882142  -0.104291   0.285177
-0.0643283  -0.021864   0.199338
 -0.065435 -0.0237847   0.199156
-0.0643273 -0.0218948   0.199342
-0.0672181 -0.0220454   0.198477
-0.0986622  -0.104271   0.250522
-0.0615653 -0.0236842   0.200322
-0.0938477  -0.100219   0.303538
-0.0325837  -0.108373  0.0975018
-0.0316621  -0.108132    0.09789
-0.0865659 -0.0184769   0.250169
 -0.100549 -0.0321269    0.21351
 -0.101194 -0.0308856   0.217172
-0.0556163 -0.0269125   0.164655
 -0.104497 -0.0640259   0.210428
-0.0656628 -0.0725602   0.103385
 -0.104478 -0.0640273   0.210433
-0.0296138  -0.036219  0.0957306
-0.0504565 -0.0270399   0.164134
-0.0846865 -0.0187661   0.248014
-0.0724187 -0.0175836   0.225833
-0.0769182 -0.0184225   0.240825
-0.0770422  -0.019396   0.230918
-0.0714075 -0.0209405   0.232751
-0.0770735 -0.0191834   0.230892
-0.0752772  -0.021042   0.231585
-0.066621 -0.022291  0.196581
 -0.103916 -0.0957724   0.221523
 -0.117498 -0.0237473   0.270776
-0.0776212 -0.0190862   0.232814
-0.0770345  -0.107678   0.237967
-0.0776135  -0.107526   0.239875
-0.0764514  -0.106287   0.240129
-0.0440069  -0.105949   0.134659
-0.0874635 -0.0168888   0.265286
-0.0747509 -0.0189521   0.233674
-0.0942035 -0.0982334   0.303271
-0.0845922 -0.0167547   0.266147
 -0.103958 -0.0395922   0.208644
-0.0747497  -0.018974   0.233676
-0.0915622 -0.0186476   0.299817
-0.0719865 -0.0207882   0.234659
-0.0718781 -0.0191668   0.234563
-0.0776515 -0.0190361   0.232801
-0.0957641 -0.0993675   0.309827
-0.0758562 -0.0208897   0.233494
-0.0862698  -0.104492   0.274736
-0.0862362 -0.0164716   0.271578
-0.0406142 -0.0311272   0.131813
-0.0400353 -0.0312795   0.129905
-0.0614496  -0.106744   0.206986
-0.0818287 -0.0186427   0.267136
-0.0875027 -0.0168459   0.265271
-0.0856984 -0.0187441    0.26597
-0.0429002  -0.107603   0.135127
-0.0868239 -0.0155465   0.273454
-0.0758724  -0.106439    0.23822
-0.0862391 -0.0164779   0.271589
-0.0851708 -0.0166731   0.268061
-0.0944267 -0.0999615   0.305438
-0.0874634 -0.0170971   0.265303
-0.0406077  -0.106094   0.137798
-0.0347737 -0.0360916  0.0962512
-0.0851708 -0.0166761   0.268061
-0.0717777 -0.0210631   0.232649
-0.0824077 -0.0184904   0.269044
-0.0822993 -0.0168689   0.268948
-0.0880745 -0.0167313   0.267185
-0.0917762  -0.106571   0.260222
-0.0862774 -0.0185918   0.267878
-0.0463506  -0.107528    0.13617
-0.0978233 -0.0203706    0.27176
-0.0871795 -0.0196355   0.274961
-0.0306655  -0.104297   0.102941
 -0.107071 -0.0224222   0.268866
-0.0648511    -0.1066   0.203847
 -0.114503 -0.0270092   0.265866
 -0.116131 -0.0271923   0.263448
  -0.11634 -0.0270867   0.263377
 -0.116216 -0.0272027   0.263319
-0.0514962 -0.0461421   0.117133
  -0.10297 -0.0309282   0.216641
 -0.10226 -0.032085  0.213132
-0.0480244  -0.047056   0.105683
 -0.102859 -0.0309258    0.21667
  -0.10372 -0.0395043   0.207734
 -0.101756 -0.0394958   0.208692
-0.0993555  -0.103967   0.250448
 -0.103918 -0.0509342   0.209561
 -0.101999 -0.0395449   0.209234
  -0.10583 -0.0510023   0.208987
 -0.104438 -0.0640255   0.210448
-0.084584 -0.106442  0.273307
-0.0993076  -0.104753   0.250342
-0.0967782  -0.105326   0.246686
-0.0922725   -0.10636   0.245147
-0.0891714  -0.104314   0.284888
-0.0554989 -0.0970776   0.113696
-0.0877085  -0.107045   0.246576
-0.0849118  -0.107226   0.250269
-0.0817126  -0.106112   0.274152
-0.0851631  -0.106353   0.275221
-0.0848015  -0.107131   0.254934
-0.0874532  -0.106921    0.25873
 -0.045195 -0.0311522   0.130425
 -0.065292 -0.0804605   0.284423
-0.0866146 -0.0587728   0.276223
-0.0750738 -0.0875042   0.282017
-0.0866118 -0.0901733    0.27873
-0.0981507 -0.0880616   0.275061
 -0.107933 -0.0814906   0.271569
 -0.114469 -0.0714619   0.268785
 -0.116766 -0.0595011   0.267134
 -0.114472 -0.0474293   0.266867
 -0.107937 -0.0370849   0.268024
-0.0981559 -0.0300412   0.270429
-0.0866173 -0.0273731   0.273716
 -0.075079 -0.0294838   0.277385
 -0.065296 -0.0360548   0.280878
-0.0587594 -0.0460835   0.283661
 -0.056463 -0.0580445   0.285312
-0.0587572 -0.0701162    0.28558
 -0.037757 -0.0238266   0.220375
-0.0670832 -0.0154022   0.253011
 -0.068605 -0.0146167   0.275983
-0.0513771 -0.0190949   0.215952
-0.0860192 -0.0135263   0.270623
-0.0415446 -0.0305128   0.307093
-0.0512481 -0.0287437   0.316333
-0.0378104 -0.0317674   0.300057
-0.0336797 -0.0257951   0.156159
-0.0148376 -0.0347664   0.114599
-0.0228127  -0.032578  0.0984173
-0.0534054 -0.0226038    0.16317
-0.0338491 -0.0868149   0.279849
-0.0337545 -0.0873613   0.269913
-0.0337138 -0.0876716   0.270399
-0.0316697 -0.0323463  0.0918434
-0.0599174 -0.0197599    0.25396
 -0.059469 -0.0251409   0.254525
 -0.060104 -0.0201542   0.253934
-0.0186542  -0.084516   0.141207
-0.0189474 -0.0847172   0.141087
-0.0190642 -0.0851348   0.141071
-0.0738141 -0.0176458   0.256405
-0.0742328 -0.0178776   0.251065
-0.0734312 -0.0181078   0.256184
-0.0154095 -0.0640453   0.206018
-0.0130445 -0.0614866   0.206531
-0.0129916 -0.0639869   0.206747
-0.0125398 -0.0640257   0.206887
-0.0129906 -0.0639869   0.206747
-0.0151546 -0.0646736   0.202242
-0.0184557 -0.0693298   0.218214
-0.0264336 -0.0676532    0.25213
-0.0180284 -0.0673029   0.216554
-0.0129915 -0.0646364   0.206798
-0.0339642  -0.032742    0.29473
-0.0302855 -0.0350677   0.281178
-0.0129906 -0.0643117   0.206773
-0.0122677 -0.0646038   0.203113
-0.0129915 -0.0646364   0.206798
-0.0122668 -0.0646038   0.203113
-0.0129906 -0.0643117   0.206773
-0.0261131 -0.0651432   0.251996
-0.0261446  -0.063143   0.251791
-0.0197907 -0.0628768   0.224814
-0.0646781 -0.0949212   0.265451
-0.0694421 -0.0949288   0.265462
-0.0648088 -0.0954476   0.266044
-0.00782729  -0.0803093    0.154069
-0.00817263  -0.0803193    0.155091
-0.00776944  -0.0778095    0.155379
-0.0707143 -0.0256766   0.247828
 -0.073782 -0.0183306   0.251208
-0.0707338 -0.0187079   0.247282
-0.0154218 -0.0646952   0.206066
-0.0122668 -0.0646038   0.203113
 -0.069987 -0.0178012   0.260108
-0.0698854 -0.0183042   0.259676
-0.0648262 -0.0190803   0.259952
-0.0485455 -0.0316926   0.317315
-0.0536402 -0.0294067   0.315733
-0.0459352 -0.0405678   0.318731
-0.00226806  -0.0620593    0.137045
-0.00537565  -0.0546661    0.152768
 -0.003715 -0.0581177   0.145331
-0.00234605  -0.0535491    0.123203
-0.0123062 -0.0412071   0.163648
-0.00544135  -0.0546327    0.153198
-0.00494826   -0.056812    0.153068
-0.0453929  -0.078794   0.321936
-0.0456034 -0.0789127   0.321882
-0.0332705 -0.0785374   0.305785
-0.0643669 -0.0186332   0.260312
  -0.03877 -0.0816617   0.310361
-0.0273393 -0.0811325   0.276981
-0.0304697 -0.0811183   0.293447
-0.00734196  -0.0593699    0.152545
-0.00455272  -0.0593035    0.153386
-0.00420415  -0.0610153    0.153629
-0.00778823  -0.0568806    0.152211
-0.0387499 -0.0816946   0.310338
-0.0389678 -0.0817044   0.311447
-0.0326992 -0.0815045   0.300724
-0.00535717  -0.0546677    0.152772
-0.00801941  -0.0567581    0.152916
-0.00371877  -0.0581147    0.145343
-0.00494252  -0.0568118    0.153069
-0.0276229  -0.081003   0.264028
-0.0272037 -0.0806444   0.264071
-0.0267878 -0.0798788   0.263569
-0.00666977   -0.058186    0.144454
-0.0444788 -0.0664222   0.321195
 -0.043447 -0.0552282   0.320583
-0.0304801 -0.0566626   0.302601
 -0.005037 -0.0620725   0.136112
-0.00211906  -0.0620605    0.137023
-0.00370579  -0.0580467    0.145316
-0.00431611  -0.0613026    0.153618
-0.00454257  -0.0593034    0.153387
-0.00504997  -0.0621313    0.136139
-0.00453166   -0.059303    0.153393
-0.0185381 -0.0852601   0.139163
-0.0191163  -0.092883   0.141692
 -0.019117 -0.0851077   0.141071
-0.0183005 -0.0477638   0.205937
-0.0179676 -0.0482263   0.203186
-0.0176584 -0.0480891   0.204062
-0.00135545  -0.0647937    0.132858
 -0.027999 -0.0392349   0.259815
-0.0284642 -0.0383274   0.261129
-0.0279796  -0.039843   0.259899
-0.0165145 -0.0548914   0.130016
-0.0165152 -0.0477143   0.129443
-0.0159362 -0.0478666   0.127535
-0.00878994  -0.0814818    0.155967
-0.00732384  -0.0725252    0.155692
-0.00751217  -0.0757984    0.155182
-0.00757788  -0.0592521    0.153229
-0.00479132  -0.0757382    0.156722
-0.00457331  -0.0732318    0.156588
-0.00733862  -0.0732984    0.155754
-0.0073544 -0.0593711   0.152542
-0.00432281  -0.0612993    0.153615
-0.0629363 -0.0950019   0.271625
-0.0574522  -0.102015    0.27385
-0.0658078 -0.0950713    0.27076
-0.00687923  -0.0638624    0.153044
-0.00411201  -0.0637961    0.153879
-0.00710248  -0.0613665    0.152777
-0.0634805 -0.0247164   0.266381
-0.0629426 -0.0242271   0.265975
 -0.062942 -0.0309557   0.266512
-0.00577108  -0.0630304     0.14288
-0.00428232  -0.0612986    0.153627
-0.000213795   -0.0708012     0.125227
-0.00106533  -0.0662296    0.131251
-0.0607168 -0.0316966   0.257305
-0.0605578 -0.0321182    0.25739
-0.0603368 -0.0316411   0.257925
-0.00427774  -0.0648642    0.131977
-0.000807656   -0.0678177     0.130001
-0.00374689  -0.0678313    0.129064
-0.00083851   -0.067811    0.130005
-0.00134737  -0.0647191     0.13279
-0.0646874 -0.0949952   0.265429
-0.0612172 -0.0952518    0.26221
-0.0729193 -0.0952506   0.262239
-0.00375602  -0.0678814    0.129126
-0.00240122  -0.0657979    0.141987
-0.00398882  -0.0657941     0.15407
-0.00407485  -0.0637931    0.153883
-0.0703641 -0.0959229   0.253815
-0.0617387 -0.0957712   0.255706
-0.0656795 -0.0959815   0.253075
-0.000687494   -0.0699696     0.129237
-0.0642307  -0.030777   0.268752
-0.0638104 -0.0307272   0.269375
 -0.063811 -0.0239986   0.268837
-0.0729261 -0.0254727   0.256667
-0.0612235 -0.0254739    0.25664
-0.0646949 -0.0252172   0.259859
-0.0054222 -0.0657372   0.141887
-0.00411871  -0.0637961    0.153877
-0.0163097 -0.0567218   0.207256
-0.0160074 -0.0572796   0.203917
-0.0157116 -0.0570482   0.205368
-0.00688689  -0.0638629    0.153042
-0.00678046  -0.0658616    0.153234
-0.0023168  -0.067819   0.142039
-0.00402089  -0.0657949    0.154066
-0.00674206  -0.0671293    0.153347
-0.00530203   -0.067796    0.141716
-0.000687316   -0.0699678     0.129243
-0.0482301  -0.081685   0.321463
-0.0389405 -0.0813948   0.310298
-0.0646879   -0.02528   0.259889
-0.0648176 -0.0246727   0.260395
-0.0694502 -0.0252784   0.259901
-0.00360482  -0.0700382    0.128364
-0.0254984 -0.0780682   0.265451
-0.0256911 -0.0782582   0.283302
-0.0256861 -0.0781896   0.265477
-0.00359885  -0.0705703     0.12837
-0.000682502   -0.0705001     0.129253
-0.000687116   -0.0699677     0.129239
-0.000674265   -0.0705067     0.129254
-0.0734816 -0.0957062   0.262438
-0.0732972 -0.0956267   0.257529
 -0.073828 -0.0961154   0.257401
-0.000701201   -0.0710265     0.129326
-0.00252297  -0.0873181    0.125845
-0.000679341    -0.070507     0.129253
-0.0640497 -0.0943031   0.273846
-0.0638047 -0.0947734   0.274488
-0.0638053 -0.0875464   0.273911
-0.0659756 -0.0944486   0.271183
-0.0670101 -0.0948924   0.273001
-0.0665491  -0.094315   0.273096
-0.00400144   -0.059615    0.123185
-0.0039928 -0.0811977    0.12491
-0.00313226  -0.0708915    0.124349
-0.00711955  -0.0429107    0.120906
 -0.007119 -0.0490013   0.121392
-0.0211754 -0.0315626   0.160302
-0.0111067 -0.0381026   0.118633
-0.0149577 -0.0386841   0.114948
-0.0149623 -0.0350352    0.11465
-0.0108962 -0.0427339   0.119141
-0.0339855  -0.087858   0.267261
-0.0299472 -0.0777091   0.258759
-0.0357491 -0.0889869   0.260687
-0.0173833 -0.0337989   0.109204
 -0.017383 -0.0371612   0.109473
-0.0228192 -0.0325943  0.0984145
-0.0228297 -0.0356685  0.0986483
-0.0497699 -0.0241248   0.151226
-0.0182659  -0.080784   0.208583
-0.0169971 -0.0782442   0.206669
 -0.017643 -0.0807588   0.206674
-0.0498429 -0.0270881   0.151706
-0.0588286  -0.020743   0.181005
-0.0679102 -0.0178436   0.210898
-0.0273539 -0.0321424   0.224103
-0.00513172  -0.0566873     0.15385
-0.00967726  -0.0524149    0.179299
-0.0156305 -0.0463743   0.204541
-0.0428799 -0.0938213   0.280761
-0.0345224  -0.086839   0.282739
 -0.050651 -0.0977262   0.278715
 -0.048205 -0.0819773   0.321421
-0.0476852 -0.0819644   0.321557
-0.00544777  -0.0564833    0.154986
-0.00507586  -0.0566808    0.153844
-0.00720818  -0.0545911    0.166198
-0.0664311 -0.0950448   0.271093
-0.0151161 -0.0480276   0.204828
-0.048362 -0.081694  0.321351
 -0.046755 -0.0790566   0.321575
-0.0102824 -0.0545654   0.165883
-0.00971584  -0.0523379    0.179497
-0.069997 -0.105843  0.267131
-0.0670092  -0.104733   0.273787
-0.0664306  -0.104813   0.271873
-0.00392349   -0.063219     0.15389
-0.00548583  -0.0546405    0.153214
-0.00471516  -0.0591393    0.154363
-0.00500916  -0.0589718    0.155318
-0.0259119 -0.0782364   0.276149
-0.0265275 -0.0782099   0.265223
-0.00531601  -0.0546657    0.152785
-0.0804476 -0.0148362   0.276086
 -0.086025 -0.0134065   0.270654
-0.0680564 -0.0207916   0.211619
 -0.038104 -0.0303557      0.274
-0.0865693 -0.0138073    0.27247
-0.0508821 -0.0208453   0.281857
 -0.070041 -0.0156926    0.27927
-0.0340154 -0.0863693   0.282326
-0.0272089 -0.0747362   0.281304
-0.0338169 -0.0865314   0.280309
-0.0192027 -0.0542063   0.138602
-0.0187866 -0.0464809   0.138612
-0.0190218 -0.0470403   0.138051
-0.0451204 -0.0231729   0.269785
-0.0698121 -0.0954623   0.265866
-0.0698942  -0.105391   0.266622
-0.0648267  -0.104444    0.26677
-0.0514004  -0.020642   0.282344
-0.0509431  -0.020967   0.283462
-0.0500054 -0.0212809   0.282231
-0.0646436  -0.016621   0.280677
-0.0609649  -0.103822   0.263495
 -0.060331 -0.0956873   0.263038
-0.0609656 -0.0957026   0.262847
-0.0591702 -0.0178818   0.281956
-0.0302829 -0.0814147   0.293454
-0.0271612 -0.0812735   0.277275
-0.0608535  -0.105176   0.255939
-0.0600161   -0.10383    0.26057
-0.059481 -0.104372  0.260845
-0.0546532 -0.0193794   0.282618
-0.0526186  -0.020151   0.282626
-0.0407726 -0.0256519   0.263861
-0.0400953 -0.0261349   0.264835
-0.0443179 -0.0236355   0.270487
 -0.045871 -0.0228765   0.273121
-0.0499978 -0.0212637   0.282232
-0.0508907 -0.0208615   0.281855
-0.0365399 -0.0288548   0.259763
-0.0360442 -0.0293087   0.261063
-0.0210835 -0.0438825   0.229137
 -0.028926 -0.0384856   0.255718
-0.0288044 -0.0386419   0.257781
-0.0243245 -0.0492568   0.251703
-0.0248788 -0.0507612   0.255378
 -0.024845 -0.0506305   0.257883
-0.0284225   -0.03787   0.282916
-0.0276057 -0.0413432   0.261954
-0.0247947 -0.0471729    0.25162
-0.0636697 -0.0313235   0.268956
-0.0376573 -0.0304858   0.276767
-0.0255191 -0.0446266   0.251573
-0.0262354 -0.0425832   0.251561
-0.0339551 -0.0745976    0.30388
-0.0273252 -0.0400063   0.251646
-0.0635602 -0.0877484   0.271381
-0.0641386 -0.0943247   0.273827
-0.0641392 -0.0875961    0.27329
-0.0232305 -0.0606641   0.252468
-0.0241144 -0.0603826   0.255994
-0.0189081 -0.0477721   0.128722
-0.0232539  -0.058252   0.252293
-0.0232422  -0.056238   0.252173
-0.0165317 -0.0476186   0.129435
-0.0161814 -0.0471662   0.130025
-0.0190529 -0.0472356   0.129159
-0.0236071 -0.0537349   0.251966
-0.0238745 -0.0517205   0.251843
-0.0241018 -0.0601763   0.258573
-0.0698211 -0.0246877   0.260214
 -0.073423 -0.0249647   0.256748
-0.0635995 -0.0877444   0.271355
-0.0630925 -0.0871917    0.27148
-0.0629369 -0.0877749   0.271048
-0.0248595 -0.0707781   0.256832
-0.0237818 -0.0695888   0.253144
-0.0241153 -0.0603826   0.255994
-0.0235433 -0.0675834      0.253
-0.0231987 -0.0650792   0.252858
 -0.023246 -0.0630731   0.252664
-0.0232272 -0.0606638   0.252471
-0.0248287 -0.0705742    0.25934
-0.0242666 -0.0602796   0.257285
 -0.035642 -0.0346528   0.301333
-0.0261067 -0.0607325   0.251604
-0.0232678 -0.0582532   0.252284
-0.0232314 -0.0606638   0.252471
-0.060359 -0.104281  0.263715
-0.066094 -0.104803  0.271522
-0.0617433 -0.0259931   0.250136
-0.0733027 -0.0258489   0.251956
-0.0703685 -0.0261451   0.248242
-0.0266402 -0.0784012    0.26441
-0.0266461 -0.0781121   0.265217
-0.0271767 -0.0792081   0.263829
-0.0261444 -0.0583226   0.251418
-0.0609367 -0.0249025   0.257098
-0.0606661 -0.0253606   0.256764
-0.0261517 -0.0583223   0.251418
-0.0200056 -0.0605274    0.23898
-0.0232744 -0.0582528   0.252285
-0.0226716  -0.046444   0.113319
 -0.029856 -0.0465003   0.112623
 -0.027427 -0.0465589   0.111886
-0.0220823 -0.0934073   0.140833
-0.0215093 -0.0929408    0.14097
-0.0209747 -0.0929954   0.139042
-0.0606445 -0.0256262   0.254731
-0.0600922 -0.0256128   0.254898
-0.0169382 -0.0628078   0.225608
-0.0198064 -0.0628778   0.224738
-0.0169282 -0.0628083   0.225606
 -0.022884 -0.0605962   0.238116
-0.0133858 -0.0636557   0.208697
-0.0700589  -0.101299   0.286422
-0.0545859 -0.0953455   0.299077
-0.0532512 -0.0972044   0.288207
-0.0606525 -0.0885187   0.261842
-0.0603317 -0.0884603   0.262461
-0.0601864 -0.0879738   0.261919
-0.0203199 -0.0460944   0.117696
-0.0318172 -0.0463721    0.11423
-0.0210594 -0.0462878   0.115275
 -0.013388 -0.0641577   0.208737
-0.0659526 -0.0945348   0.271197
-0.0665315 -0.0943825   0.273105
-0.0189174 -0.0478182   0.128722
 -0.019433 -0.0472902   0.128539
-0.0159855 -0.0637185   0.207913
-0.0179591 -0.0600557   0.229848
-0.0133868 -0.0636557   0.208696
-0.0205794 -0.0603183   0.227849
-0.0233799 -0.0562468   0.252138
 -0.026261 -0.0563164    0.25127
 -0.023598 -0.0537352   0.251964
-0.0659589 -0.0247568   0.265626
-0.0635659  -0.024699   0.266348
-0.0665378 -0.0246045   0.267534
-0.0264892 -0.0538049   0.251094
-0.0184338 -0.0554385   0.230121
-0.0132983 -0.0611636   0.208512
-0.0264997 -0.0538047   0.251094
-0.018094 -0.057552  0.229641
-0.0309042 -0.0456442   0.123347
-0.0261487 -0.0455293   0.124781
-0.0286694 -0.0455491   0.124535
 -0.015952 -0.0477706   0.127531
-0.0183222  -0.048008   0.126797
 -0.015313 -0.0473947   0.127162
-0.0209752 -0.0576294   0.228725
-0.0135576  -0.059157   0.208286
-0.0332553 -0.0459938    0.11897
-0.0330095 -0.0461944   0.116458
-0.0174271 -0.0603393   0.212819
-0.0134454 -0.0611556   0.208479
-0.00838373  -0.0815844    0.154631
-0.0187388 -0.0478131   0.126663
 -0.018837 -0.0474463   0.126595
-0.0181845 -0.0474641   0.126297
-0.0160874 -0.0592181   0.207523
-0.0182734 -0.0555493   0.229463
 -0.021161 -0.0556282   0.228536
 -0.016459 -0.0858202   0.132484
-0.0161779 -0.0857435   0.133105
-0.0160489 -0.0852014    0.13262
-0.0267795 -0.0517907   0.250967
-0.0272428  -0.049268   0.250825
-0.0243251  -0.049197   0.251711
 -0.023864 -0.0517205   0.251843
-0.0272551 -0.0492678   0.250828
-0.0185856 -0.0530524   0.229185
-0.0188829 -0.0510811   0.228797
-0.0187443 -0.0529453   0.229825
-0.0274226 -0.0968987   0.115905
-0.0226671 -0.0967839   0.117338
-0.0249017 -0.0968789    0.11615
-0.0158397 -0.0462131    0.20656
-0.0126763 -0.0576345   0.206335
-0.0152608 -0.0463654   0.204652
-0.0666756  -0.104601   0.274402
-0.0584508  -0.101962   0.276687
-0.0214773 -0.0531416   0.228198
-0.0140442 -0.0546657   0.207779
 -0.033251 -0.0963336   0.122989
-0.0203154 -0.0964342   0.121715
-0.0298516 -0.0968401   0.116642
-0.0137856 -0.0566609   0.208017
-0.0137799   -0.05666   0.208019
-0.0600798 -0.0318336     0.2554
-0.0594684 -0.0318695   0.255062
-0.0596252 -0.0323552   0.255601
-0.0165741 -0.0547269   0.207017
-0.0188915 -0.0510756   0.228829
-0.0164059 -0.0551747   0.204322
-0.0218181 -0.0511542   0.227897
-0.0247897 -0.0471701   0.251631
-0.0347541 -0.0785777   0.306627
-0.0282993 -0.0783671   0.294431
-0.0277483 -0.0472415   0.250739
-0.0277338 -0.0472398   0.250736
-0.0247783  -0.047169   0.251631
-0.0185374 -0.0930353   0.139783
-0.0285256 -0.0446993   0.250667
-0.0194322 -0.0485741   0.228547
-0.0199553 -0.0465777   0.228272
-0.0195823 -0.0484784   0.229131
-0.0729244 -0.0181059    0.24902
-0.0709122 -0.0183027    0.24683
-0.0222641 -0.0487424   0.227083
-0.0149003 -0.0501837   0.207162
-0.0665608 -0.0246908   0.267534
-0.0670164 -0.0241177    0.26735
-0.0664375   -0.02427   0.265442
-0.0144704  -0.052175   0.207451
-0.0144637 -0.0521728   0.207453
-0.0185515 -0.0931307   0.139782
 -0.017914 -0.0935602    0.13949
-0.0207855 -0.0936296   0.138625
-0.0175077 -0.0502467   0.206376
-0.0199625 -0.0465754   0.228288
-0.0227903 -0.0467724   0.226654
-0.0262357 -0.0425813   0.251572
-0.00360395  -0.0710967    0.128442
-0.0037632 -0.0731064   0.129541
-0.00703665  -0.0712865    0.154567
-0.0292949 -0.0426552    0.25065
-0.0292773 -0.0426524   0.250646
-0.0262217 -0.0425791   0.251574
-0.0164845 -0.0717339   0.208401
-0.0162377 -0.0692258   0.208276
-0.0156378 -0.0692039    0.20636
-0.0164017 -0.0553189   0.130102
-0.0160489 -0.0554144   0.130226
-0.0161807 -0.0548418   0.130638
-0.0304715 -0.0400824   0.250697
-0.0208561 -0.0440168   0.228296
-0.0384134 -0.0301137   0.277031
-0.0238161 -0.0441714   0.226902
-0.0160283 -0.0462177   0.206503
-0.0205661 -0.0458938   0.120209
 -0.021758 -0.0457161   0.122436
 -0.015562 -0.0476977   0.206763
-0.0155582 -0.0476966   0.206764
-0.0215162 -0.0928563   0.140987
 -0.021654 -0.0934012   0.141487
-0.0187824 -0.0933318   0.142353
-0.0589381 -0.0236967   0.181605
-0.0160235 -0.0462186   0.206505
-0.0182794 -0.0477653   0.205944
-0.0148936 -0.0501836   0.207164
-0.0187831 -0.0850581   0.141692
-0.0156322 -0.0463744    0.20454
-0.0160283 -0.0462177   0.206503
-0.0280509 -0.0784574   0.289944
-0.0273459 -0.0809828   0.277286
-0.0260931 -0.0783599    0.27616
-0.0156264 -0.0463753   0.204542
-0.0168819 -0.0505723   0.204496
-0.0144573 -0.0505138   0.205227
-0.0658551 -0.0192232   0.246401
-0.0176373 -0.0480905   0.204069
-0.0191369 -0.0469333   0.138022
-0.0216582 -0.0465502   0.137747
 -0.027869 -0.0783397   0.289948
-0.0605556 -0.0952371   0.262382
-0.0607176 -0.0885097   0.261843
-0.0264122 -0.0463591   0.279281
-0.0247211 -0.0584405   0.280329
-0.0302989  -0.056745   0.302076
-0.0131187 -0.0638734   0.208795
-0.0133857 -0.0646541   0.208776
 -0.015448 -0.0556115   0.128258
-0.0157683 -0.0554251   0.128193
-0.0158927 -0.0550134   0.128136
-0.0500755  -0.028655    0.31665
-0.0652714  -0.022562   0.312015
-0.0511811  -0.028749   0.316354
-0.0159886 -0.0612174   0.207712
-0.0659525 -0.0248372   0.265611
-0.0635816  -0.024608   0.266344
-0.0135528 -0.0591571   0.208287
-0.0159963 -0.0612172    0.20771
-0.0163049 -0.0567213   0.207258
-0.0154922  -0.059544   0.205633
-0.0163001 -0.0567222   0.207259
-0.00479707   -0.075739     0.15672
-0.00416266  -0.0753469    0.154785
-0.0138442 -0.0541665     0.2078
-0.0140385 -0.0546656   0.207781
-0.0170155 -0.0522365   0.206684
 -0.017027 -0.0522368   0.206681
-0.0741943  -0.106843   0.258062
-0.0742665  -0.106653   0.260536
-0.0737688  -0.106364   0.258218
-0.0634687   -0.09446   0.271955
 -0.063633 -0.0877521   0.271335
-0.0175077 -0.0502467   0.206376
-0.0185415 -0.0471812   0.136122
-0.0191198 -0.0542061   0.138604
-0.0191204 -0.0470289   0.138031
-0.00679146   -0.071276    0.153663
-0.00706968  -0.0712864    0.154562
-0.00672951  -0.0683619    0.153449
-0.00397377  -0.0682953     0.15428
-0.00702536   -0.068195    0.154417
-0.0272527 -0.0814384    0.26497
-0.0268783 -0.0808679   0.263633
-0.0271891 -0.0809049   0.263912
-0.0288073 -0.0813647   0.290145
-0.0269843 -0.0812823   0.280633
-0.00397375  -0.0685008    0.154296
-0.0036373 -0.0686886   0.151944
-0.00397373  -0.0687062    0.154312
-0.00363634  -0.0686885    0.151944
-0.00397375  -0.0685008    0.154296
-0.0341706 -0.0403077   0.301067
-0.0308038 -0.0374159   0.277274
-0.0703794 -0.0958622   0.253784
-0.0657859 -0.0965224   0.252584
-0.0707107 -0.0964513   0.253479
-0.00654236  -0.0687587    0.151068
-0.0182919 -0.0477606    0.20594
-0.0168723 -0.0505691   0.204498
-0.00702316   -0.068784     0.15445
-0.00736748  -0.0646224    0.176066
-0.00411675  -0.0684219    0.155284
-0.00411773  -0.0681302     0.15526
-0.0267222   -0.07833   0.265252
-0.00715883  -0.0668568    0.174888
-0.0640484 -0.0245591   0.268277
-0.0215134 -0.0470867   0.137309
-0.00411677  -0.0681302    0.155261
-0.0693217 -0.0201148    0.27982
-0.0553658 -0.0231191   0.293076
-0.0044101 -0.0679652   0.156217
-0.0271389 -0.0812259   0.265005
-0.0170213 -0.0522346   0.206682
-0.0164117 -0.0525626   0.204797
-0.0159635 -0.0550518   0.205132
-0.0617207 -0.0260664   0.250123
 -0.061525 -0.0255384   0.249549
-0.0601012 -0.0251687   0.254317
-0.00898224  -0.0660507    0.167134
-0.00826811  -0.0637984    0.180922
-0.005992 -0.066076  0.167444
-0.00716872  -0.0680318    0.155385
-0.0284915 -0.0384068   0.261177
 -0.029351 -0.0384276   0.260918
-0.0284683 -0.0388019   0.260363
-0.0292405 -0.0389908    0.25997
-0.0280168 -0.0410787   0.260631
-0.0287057 -0.0400589   0.259809
-0.0158565 -0.0478858    0.12757
-0.0153123 -0.0550703   0.127775
-0.00410373   -0.068422    0.155286
-0.00710972  -0.0668669    0.174767
-0.00411768  -0.0687137    0.155307
-0.00821774  -0.0689163    0.181238
-0.0210549 -0.0966276   0.119294
-0.0601164 -0.0251388   0.254427
-0.0601131 -0.0254575   0.254933
-0.0156754 -0.0598619   0.203678
-0.0131519  -0.059488   0.206339
 -0.015497 -0.0595447   0.205632
-0.0133722 -0.0569917   0.206073
-0.0131471  -0.059488    0.20634
-0.0132653 -0.0543188   0.205892
-0.0131471 -0.0594874    0.20634
-0.0154135 -0.0615439   0.205817
-0.00995638   -0.064172    0.190704
-0.0154058 -0.0615439   0.205819
-0.0607579 -0.0316897   0.257316
-0.0603374 -0.0249125   0.257388
-0.00715103  -0.0668653    0.174783
-0.00994991  -0.0669985    0.190892
-0.0100465 -0.0669353    0.17391
-0.0391313 -0.0333778   0.308536
-0.0473288 -0.0316696    0.31764
-0.00776548  -0.0618416    0.177479
-0.00416735  -0.0656295    0.155048
-0.00426855   -0.063628    0.154873
-0.0737817 -0.0253621   0.251771
-0.0270069 -0.0791715   0.263609
-0.0260703 -0.0784894   0.264197
-0.0217535 -0.0960559   0.126455
-0.0205616 -0.0962336   0.124228
-0.00445819  -0.0654647    0.156003
-0.0041661 -0.0656296   0.155047
-0.0042698  -0.063628   0.154874
-0.00744743  -0.0603457    0.174364
-0.0045627 -0.0634661   0.155812
-0.00621013  -0.0615808    0.167003
-0.00448103  -0.0611284    0.154629
-0.00476394  -0.0609685    0.155551
-0.0159463  -0.093816   0.131195
-0.0153087 -0.0942456   0.130903
-0.0181803  -0.094315   0.130037
-0.0606712 -0.0254605   0.256806
-0.0275301 -0.0400693   0.259879
-0.00931732  -0.0614547    0.167288
-0.00854168  -0.0593317      0.1803
-0.00733184  -0.0635329    0.154977
-0.0191703 -0.0851072   0.141078
-0.0190314 -0.0928588   0.141706
-0.00916243  -0.0634617    0.167438
-0.00613361   -0.063521    0.167546
-0.00855368  -0.0611554    0.181536
-0.00446202   -0.065465    0.156002
-0.0237151 -0.0959278   0.128062
-0.0325119 -0.0961403   0.125411
-0.0482772 -0.0773767   0.321032
-0.0421177 -0.0870597   0.302324
-0.0136251 -0.0549964   0.205837
-0.0159693  -0.055053    0.20513
-0.0136184 -0.0549962   0.205839
-0.0136194 -0.0549952   0.205839
-0.0599643 -0.0882289   0.259917
-0.0596068 -0.0881163   0.260008
-0.0594633 -0.0886887   0.259599
 -0.015702 -0.0570484   0.205371
-0.00811533  -0.0574522    0.176365
-0.00471228  -0.0591382    0.154363
-0.00477255  -0.0609695    0.155549
-0.00646757  -0.0590836    0.166735
-0.0275247 -0.0803405   0.263781
-0.0278493 -0.0808131   0.264258
-0.0277404 -0.0812686   0.264848
-0.00679529   -0.071276    0.153662
-0.00524675  -0.0711899    0.141555
-0.0657884 -0.0257475   0.246935
-0.00812359  -0.0557608    0.174392
-0.00501968   -0.058974    0.155314
-0.0067491 -0.0570877   0.166504
-0.00471342  -0.0591397    0.154357
-0.0184618 -0.0472005   0.136158
-0.0179182 -0.0467093    0.13575
-0.0179175 -0.0543849   0.136363
-0.0140417 -0.0525054   0.205512
-0.0271177 -0.0409906   0.260816
-0.0268975 -0.0410588   0.260653
-0.00976983  -0.0570808    0.166079
-0.00917175  -0.0548488    0.179723
-0.00780893  -0.0590414    0.154474
-0.0215191  -0.092895   0.140978
-0.0219286 -0.0930721   0.140871
-0.00947176  -0.0590755    0.166324
-0.00885095  -0.0568372     0.18001
-0.0186083 -0.0852626   0.139118
-0.0184445 -0.0930183   0.139821
 -0.060215 -0.0322638   0.257487
-0.0600917  -0.031843   0.255395
-0.0596303 -0.0323971   0.255579
-0.0167963 -0.0510749   0.201455
-0.014465 -0.050514  0.205224
-0.0144583 -0.0505118   0.205226
-0.0042814 -0.0732208   0.155646
-0.0164002 -0.0525623   0.204801
 -0.016368 -0.0530569   0.201798
-0.0373408 -0.0315838   0.264496
-0.0380285 -0.0303234   0.274027
-0.0375642 -0.0314324   0.264685
-0.0175977 -0.0807493   0.204607
-0.0182707 -0.0807821   0.208582
-0.065864 -0.106406  0.284151
-0.0754829  -0.108503   0.281389
-0.0509709  -0.109013   0.223147
-0.0641856  -0.111413   0.206048
-0.0338832  -0.108905   0.162628
-0.0228109  -0.108288   0.104423
-0.0213956  -0.103015   0.165854
-0.0148394  -0.104647    0.12015
-0.0483811 -0.0817164   0.321347
-0.0466746  -0.078961   0.321592
 -0.065971 -0.0247822   0.265648
-0.0664256 -0.0242605   0.265447
-0.0658142 -0.0242965   0.265109
-0.031663 -0.109137 0.0979741
-0.0664973 -0.0950493   0.271035
-0.0658069   -0.10472    0.27153
-0.0664391  -0.104817   0.271864
-0.0158883 -0.0717109   0.206484
-0.0129915 -0.0646364   0.206798
-0.0155145  -0.067199   0.206238
 -0.013043 -0.0671393   0.206983
-0.0609737 -0.0956903   0.262862
-0.0154151 -0.0646952   0.206068
-0.00673139  -0.0687729    0.153481
-0.00397469  -0.0687063    0.154312
-0.00678764  -0.0712755    0.153664
-0.00401371  -0.0712087      0.1545
-0.0606706 -0.0316907   0.257303
-0.0694383 -0.0252167    0.25987
-0.0641443 -0.0307769   0.268753
-0.0635653 -0.0309292   0.266845
-0.00402424  -0.0712091    0.154497
-0.00227293  -0.0711161     0.14196
-0.0596032 -0.0324072   0.255553
 -0.038259 -0.0313572   0.261456
-0.000844742   -0.0730359     0.130421
-0.00402357  -0.0712072    0.154498
-0.00406328  -0.0732174    0.154635
-0.00412456  -0.0732126    0.154626
-0.00689466  -0.0732797    0.153791
-0.00241052  -0.0731226    0.142567
-0.00413031  -0.0732129    0.154625
-0.00707822  -0.0757853    0.153936
-0.00539544  -0.0731967    0.142206
-0.00108194  -0.0744056    0.131906
-0.0606383 -0.0954041   0.260302
-0.00138224  -0.0755631    0.133709
-0.00429864  -0.0757168    0.132774
-0.000835315   -0.0730957     0.130366
-0.00217319  -0.0776014    0.138246
-0.00434353   -0.075716     0.15476
-0.0043074 -0.0756337   0.132827
-0.0043107 -0.0757188   0.154769
-0.0159925  -0.061217   0.207711
-0.0154056 -0.0640452   0.206019
-0.00708013  -0.0757863    0.153935
-0.0656847 -0.0187987   0.245927
-0.00582602  -0.0757157    0.144047
-0.0209303 -0.0930931   0.139062
-0.00459988  -0.0777268    0.154842
-0.00435119  -0.0757198    0.154758
-0.00708683  -0.0757859    0.153933
-0.0209344  -0.047239   0.135401
-0.0076447 -0.0758099   0.155862
-0.00857936  -0.0814767    0.156031
-0.00832294  -0.0803268    0.156017
-0.00459164  -0.0777267    0.154843
-0.00733839  -0.0777933    0.154017
-0.00214763  -0.0776007    0.138255
-0.00460562  -0.0777273    0.154841
-0.00781772  -0.0803043    0.154072
-0.00503135  -0.0802391    0.154912
-0.0641261 -0.0876049   0.273292
-0.0636603 -0.0870599    0.27337
-0.0876901  -0.105789   0.283558
-0.0907676  -0.101469   0.293421
-0.00770469   -0.077807     0.15516
-0.00289798  -0.0789081    0.142232
-0.00510984  -0.0776723    0.137361
-0.00381155  -0.0801779    0.147076
-0.00676297  -0.0803219    0.146166
-0.00216145  -0.0776633     0.13823
-0.00502752  -0.0802382    0.154913
-0.0609821 -0.0249299   0.257195
-0.0265075 -0.0781696   0.265213
-0.0656756 -0.0959199   0.253043
-0.0615212 -0.0963133   0.255198
-0.00815749  -0.0803187    0.155044
-0.0038058 -0.0801778   0.147078
-0.00677595  -0.0802494    0.146183
-0.00530498  -0.0815649    0.154935
-0.00817924  -0.0803125    0.155092
-0.00783782  -0.0803069    0.154066
-0.00528488  -0.0815624    0.154941
-0.00538628    -0.08152    0.155485
-0.0873058  -0.102697   0.282034
 -0.021344 -0.0471277    0.13525
-0.0214422 -0.0467609   0.135183
-0.0207898 -0.0467787   0.134884
-0.0738205  -0.106469   0.263444
-0.0734329  -0.106048   0.263186
-0.0426675 -0.0297075   0.297591
-0.0707476 -0.0257121   0.247761
-0.0656796 -0.0262696   0.247482
-0.00918091  -0.0804195    0.178697
-0.00515032   -0.080245    0.155657
-0.00522745   -0.081562    0.154958
-0.00537642  -0.0815218    0.155487
 -0.015965 -0.0859384   0.130588
-0.0154462  -0.085447   0.130685
-0.0153095 -0.0859719   0.130242
-0.0617186 -0.0957068   0.255683
-0.00507064  -0.0777467    0.156797
-0.00553083  -0.0802608    0.156858
-0.0124457 -0.0934987   0.167723
-0.0186235 -0.0852381   0.139136
-0.0186611 -0.0845097    0.14116
-0.0103012 -0.0804216   0.167678
-0.00969878  -0.0804605    0.181552
-0.00725338  -0.0803467    0.168173
-0.00553753  -0.0802595    0.156856
-0.0111452  -0.101222   0.123643
-0.0268148 -0.0939389   0.229135
-0.00711472  -0.0966018    0.125192
-0.0156847 -0.0829493   0.207444
-0.0150165 -0.0806954   0.207466
-0.0700038    -0.1058   0.267101
-0.0265477 -0.0799637   0.263348
-0.0264077 -0.0789097   0.263783
-0.0205407 -0.0809244   0.231115
-0.0160748 -0.0827875   0.209408
-0.037157 -0.103299  0.226812
-0.0497323  -0.111132   0.158073
-0.0498204  -0.108133   0.158125
-0.0587871   -0.11139   0.188131
-0.0316633  -0.106124  0.0977335
-0.0228597  -0.108178   0.104396
-0.0228301  -0.105097   0.104183
-0.0173768  -0.106012    0.11497
-0.0173771  -0.102711   0.114706
-0.0149805  -0.104375   0.120152
-0.0148718  -0.100755   0.120015
 -0.010823 -0.0967036   0.123494
-0.00711523  -0.0909568    0.124742
-0.00360453  -0.0710983    0.128445
-0.000688179   -0.0710271     0.129328
-0.000681344   -0.0705005     0.129249
-0.00359905  -0.0705701    0.128374
-0.00360473  -0.0710976    0.128449
 -0.016003 -0.0859479   0.130531
-0.0153159 -0.0829355   0.207554
-0.0156806 -0.0829443   0.207444
-0.0143897 -0.0781782   0.207455
-0.0132233 -0.0742693   0.207497
-0.0156911 -0.0829446   0.207441
-0.0373407  -0.031436   0.264363
-0.0380056 -0.0311016   0.264657
-0.0154432 -0.0807168   0.209434
 -0.063608 -0.0309307   0.266813
-0.0158948 -0.0827832   0.209462
-0.0615321 -0.0198506   0.249107
-0.0154509  -0.080714   0.209432
-0.0160661 -0.0827873    0.20941
-0.0204946 -0.0809254   0.230952
-0.0176153 -0.0782652    0.20858
-0.0148174 -0.0781967   0.209423
-0.0275886 -0.0415717   0.261895
-0.0265595  -0.041318   0.262269
-0.0234519 -0.0809952   0.229692
-0.0410013 -0.0977461   0.265237
-0.0337075 -0.0915934   0.260292
-0.0265334 -0.0811677   0.254123
-0.0473525  -0.100345   0.273784
-0.0522102  -0.100252   0.287802
-0.0589194  -0.108391   0.188329
-0.0678722  -0.111155   0.218249
-0.0860109   -0.10921   0.278262
-0.0680487   -0.10815   0.218593
-0.0269305 -0.0794232   0.257692
-0.0256686 -0.0786459    0.25388
-0.0296002 -0.0812418   0.253199
-0.0707152  -0.106346   0.254273
-0.0295839 -0.0812432   0.253193
-0.0256748 -0.0786447   0.253883
-0.0265189 -0.0811679    0.25412
-0.0276376 -0.0812379   0.264855
-0.0251013 -0.0766284   0.253705
-0.0197634 -0.0784051   0.230855
-0.0286833 -0.0787173   0.252977
-0.0197721 -0.0784058   0.230883
-0.0209263 -0.0930304   0.139043
-0.0226948  -0.078475   0.229706
-0.0148241 -0.0781978   0.209421
-0.0192626 -0.0763917   0.230678
-0.0159356 -0.0550437   0.128108
-0.0144098 -0.0761875   0.209386
-0.0318128  -0.096712   0.118249
-0.0330051 -0.0965342   0.120477
-0.0171953 -0.0762535   0.208546
-0.0192587 -0.0763913   0.230658
-0.0144165 -0.0761863   0.209384
-0.0221013 -0.0764576   0.229291
-0.0251034 -0.0766282   0.253708
-0.0159752 -0.0550465   0.128073
-0.0280746 -0.0766999   0.252813
-0.0245151 -0.0741125   0.253503
-0.0280623 -0.0767001    0.25281
-0.0250924 -0.0766283   0.253706
-0.0241368 -0.0721012   0.253345
-0.0137932 -0.0736717   0.209354
-0.0274527 -0.0741825   0.252617
-0.0187819 -0.0738781    0.23058
-0.0249062 -0.0465391   0.112131
-0.0665392  -0.094301   0.273121
-0.0666762 -0.0948428   0.273622
-0.0216178 -0.0739449   0.229305
-0.0237196 -0.0455879   0.124043
-0.0421503 -0.0938039   0.277837
 -0.049528 -0.0976385   0.275905
-0.0136171 -0.0716527   0.209252
-0.0140128 -0.0736749   0.209306
-0.00919397  -0.0733906    0.167434
-0.00734437  -0.0732986    0.155752
-0.0339365 -0.0875307   0.267779
-0.0164883 -0.0717335     0.2084
-0.0184788 -0.0718694   0.230485
 -0.013768 -0.0716678    0.20922
-0.0213055 -0.0719363   0.229245
-0.0189029 -0.0474846   0.126606
-0.0183292 -0.0479244   0.126814
-0.0189509 -0.0478719   0.128716
-0.0270534 -0.0721716   0.252466
-0.0266558 -0.0696607    0.25228
-0.0237657 -0.0695902   0.253153
-0.0241273 -0.0721009   0.253344
-0.0133262 -0.0691566   0.209134
 -0.026665 -0.0696602   0.252279
-0.0182251 -0.0693621   0.230485
-0.0641499 -0.0944162   0.273823
-0.0164261 -0.0935441   0.133119
-0.0161772 -0.0940171   0.133765
-0.0215236 -0.0471329   0.137309
-0.0220391 -0.0466048   0.137126
-0.0210952  -0.069431    0.22949
-0.0377464  -0.030503   0.277029
-0.0383006  -0.029961   0.277046
-0.0133057 -0.0671451   0.208988
-0.0135509 -0.0691609   0.209086
-0.0179147 -0.0852866    0.13883
 -0.016102 -0.0672212   0.208157
-0.0180662  -0.067357   0.230359
-0.0134439  -0.067157   0.208959
-0.0173622 -0.0672723    0.21308
-0.0209351 -0.0674258   0.229394
-0.0235448 -0.0675834   0.253001
-0.0338207 -0.0865731   0.280314
-0.0342178  -0.087081   0.279707
-0.0264251 -0.0676529    0.25213
-0.023355 -0.065077  0.252812
-0.0235376 -0.0675831   0.253001
  -0.01676 -0.0737413   0.208478
-0.0158821 -0.0736995   0.203424
-0.0161552 -0.0737186   0.206564
-0.00718223  -0.0732894    0.154763
-0.0262361 -0.0651466   0.251943
-0.0179461 -0.0648525   0.230183
-0.0325163 -0.0458004   0.121392
-0.0180845 -0.0549334   0.136881
-0.0192047 -0.0542311   0.138579
-0.0185408 -0.0543584   0.136695
-0.0205563 -0.0649105   0.228123
-0.0169363 -0.0628085   0.225609
-0.0133867 -0.0646542   0.208776
-0.0330807 -0.0818172   0.302614
-0.0198064 -0.0628778   0.224738
-0.0199971 -0.0629384   0.239141
-0.0169282 -0.0628083   0.225606
-0.0133663 -0.0641547   0.208741
-0.0228742 -0.0630079    0.23827
-0.0232673 -0.0630735   0.252658
 -0.023225 -0.0606641   0.252471
-0.0261007 -0.0607326   0.251605
 -0.026906 -0.0791831   0.259983
-0.0335413 -0.0911982   0.261837
-0.0405404 -0.0972815   0.266117
-0.0466449 -0.0998946   0.274243
-0.0482906  -0.100176   0.277777
-0.0527548  -0.100361   0.288463
-0.0513132 -0.0997811   0.287921
-0.0686663  -0.105273    0.28692
-0.0771077    -0.1086   0.280915
-0.0540658  -0.100849   0.288838
-0.0558953  -0.101555   0.288936
-0.0590228  -0.102666   0.288736
-0.0589083  -0.089459   0.319096
-0.0755342 -0.0968325   0.315143
-0.0209411 -0.0930464   0.139056
-0.0214479 -0.0935992   0.138931
-0.0793161  -0.107094   0.283876
-0.0860184  -0.109327   0.278311
-0.0794506 -0.0191444   0.307881
-0.0871825 -0.0194992    0.27496
-0.00802142  -0.0803896    0.156068
-0.00858128  -0.0814768     0.15603
 -0.015177 -0.0922658   0.167223
-0.0865668  -0.108739   0.280068
 -0.026505 -0.0387388   0.277938
-0.0176249 -0.0782655   0.208577
-0.0138022 -0.0741169   0.209405
-0.0167513 -0.0737415   0.208481
-0.0140071 -0.0736746   0.209308
-0.0162301 -0.0692259   0.208278
-0.0135461 -0.0691607   0.209087
-0.0193868 -0.0472852   0.128538
-0.0159989 -0.0647175   0.207989
-0.0349418 -0.0786943   0.306611
-0.0261442 -0.0958691     0.1288
-0.0160046 -0.0647174   0.207987
-0.0636886   -0.03135   0.268937
-0.00452971  -0.0757269    0.155794
-0.00475727  -0.0777349    0.155809
-0.0081723 -0.0778928   0.176258
-0.00475355  -0.0777352    0.155817
-0.00807146   -0.075907    0.177549
-0.00677711  -0.0778335    0.168111
-0.0609281  -0.103741   0.263585
-0.0645071  -0.104883   0.267269
-0.0045091 -0.0757278   0.155785
-0.0631047 -0.0871522   0.271472
-0.0636781 -0.0870187   0.273384
-0.0048009 -0.0757388   0.156719
-0.00648624  -0.0758255    0.168052
-0.00947708  -0.0758991    0.167548
-0.00885907  -0.0759377    0.181537
-0.0075844  -0.075806    0.15588
-0.0267012 -0.0784358   0.264743
-0.0278682 -0.0808727   0.264353
 -0.027244 -0.0791749   0.263817
-0.0139946  -0.076168   0.207415
-0.00978963  -0.0779079    0.167623
-0.00919279  -0.0779472    0.181612
-0.0344511 -0.0864842   0.282672
-0.0143907 -0.0781802   0.207455
-0.0162802 -0.0762104   0.203442
-0.0165819 -0.0762305   0.206635
-0.0729527 -0.0255346   0.256684
-0.0738366 -0.0253849   0.251762
-0.0170057 -0.0782424   0.206667
-0.0143964 -0.0781793   0.207453
-0.0169952 -0.0782421    0.20667
-0.059905 -0.104298   0.26071
-0.0600965  -0.103908   0.260621
-0.0600972  -0.095931   0.259984
-0.0169041 -0.0782311   0.204433
-0.00758966  -0.0713897    0.177214
-0.0042836 -0.0732206   0.155647
-0.00416696  -0.0712168    0.155501
-0.0165641 -0.0857925   0.132491
-0.00755217  -0.0733743    0.175914
-0.00417175  -0.0712167      0.1555
-0.00446533  -0.0712279    0.156461
-0.0060803 -0.0713127    0.16781
  -0.00419 -0.0687129   0.155311
-0.00441004  -0.0687249    0.156278
-0.00445959  -0.0712279    0.156462
-0.0601971 -0.0879215   0.261972
-0.0341539 -0.0878278   0.270353
-0.0337153 -0.0876357   0.269843
-0.0090455 -0.0713859   0.167318
-0.00837178   -0.071423    0.181319
-0.00722777  -0.0712946    0.155628
-0.0601062 -0.0959284   0.259979
-0.0656097   -0.10633   0.252893
-0.0658327  -0.105821   0.253319
-0.0615024  -0.104774   0.255897
-0.0133566 -0.0716497   0.207247
-0.00622016  -0.0733172    0.167929
-0.00854774  -0.0734285    0.181436
-0.0135918 -0.0736575   0.207336
-0.0135918 -0.0736565   0.207336
-0.0156288 -0.0716919     0.2033
-0.0131414 -0.0691429   0.207113
-0.0308998  -0.095984   0.127366
-0.0135966 -0.0736568   0.207335
-0.0609253 -0.0957193   0.262763
-0.0606556 -0.0953941   0.262338
-0.0161456 -0.0737188   0.206566
-0.00598777  -0.0688089    0.167635
-0.00837774  -0.0815903    0.154608
-0.00895324  -0.0688822    0.167178
-0.00825153  -0.0689188    0.181229
-0.0215174 -0.0471485   0.137328
-0.0286648 -0.0958889   0.128554
-0.0156445 -0.0692033   0.206358
-0.0131462  -0.069143   0.207111
-0.0609261 -0.0200248   0.256901
-0.0156368 -0.0692034    0.20636
-0.0155758 -0.0691923   0.203953
-0.0872564   -0.10704   0.282239
-0.0870474  -0.107579    0.28157
-0.0395995 -0.0928818   0.269104
-0.0447958 -0.0962121   0.267793
-0.0872385  -0.106904    0.28215
-0.0697825  -0.105499   0.286641
-0.0524481  -0.101195   0.265869
-0.0395459 -0.0928296   0.269116
-0.070237 -0.104372  0.288038
-0.0704001  -0.103805   0.289861
-0.0626975  -0.103883   0.288211
-0.0706679  -0.103895   0.289693
-0.0872202  -0.106872   0.282132
-0.069795 -0.105551  0.286705
-0.00719673  -0.0732911    0.154777
 -0.087137 -0.0150657   0.274463
-0.0726466 -0.0154542   0.278502
-0.0804511  -0.015109     0.2764
-0.0871307 -0.0151388   0.274439
-0.0727198 -0.0155561   0.278708
-0.0508963  -0.100924   0.263174
-0.0594626 -0.0959157   0.260176
-0.0870324 -0.0148039   0.274086
-0.0382858 -0.0313558   0.261448
 -0.018904 -0.0936262   0.132383
-0.0165111 -0.0935684   0.133104
-0.0183251 -0.0937785   0.130475
-0.0870844 -0.0149746   0.274272
-0.0876025 -0.0161451   0.276085
-0.0881489 -0.0165031    0.27796
-0.0296469 -0.0684788   0.305809
-0.0401071  -0.055155   0.321485
-0.0415447 -0.0684755   0.322154
-0.0278906 -0.0565303    0.30411
-0.0418323 -0.0423238    0.31999
-0.0329685  -0.078416   0.305647
-0.0453928 -0.0787888   0.321925
-0.0454599 -0.0788783   0.321922
-0.0292434 -0.0352153   0.280446
-0.0330041 -0.0784582   0.305734
-0.0159321 -0.0937207   0.131196
-0.0159328 -0.0859454   0.130575
-0.0254556 -0.0781292   0.283082
-0.0254227 -0.0781893   0.282996
-0.0228224 -0.0690406     0.2829
-0.0160589 -0.0554646     0.1302
-0.0154742 -0.0555978   0.128292
-0.0160183 -0.0859235   0.130549
-0.0160549  -0.085195   0.132573
-0.0154543 -0.0854354    0.13068
-0.0300597 -0.0441294    0.30372
-0.0385321 -0.0921066   0.266222
-0.0425109 -0.0950008   0.265245
-0.0254893 -0.0780629   0.264814
-0.0131058 -0.0591781   0.208424
-0.0260237 -0.0788046   0.263818
-0.0659485  -0.094472   0.271179
-0.0635741 -0.0945723   0.271919
-0.0260047 -0.0787907   0.263841
-0.025723 -0.078278  0.264508
 -0.025588 -0.0780297   0.265444
-0.0265465 -0.0799727   0.263348
-0.0659634 -0.0944881   0.271191
-0.0664705 -0.0950408   0.271067
-0.0268686 -0.0808652   0.263629
-0.00745434  -0.0757978    0.155191
-0.0270397 -0.0813819   0.264345
-0.0615248 -0.0198673   0.249098
-0.0269879 -0.0813541   0.264241
-0.0270257 -0.0814677   0.281766
-0.0630782 -0.0871845    0.27147
-0.0601006  -0.095491   0.260508
-0.0601213  -0.095955   0.260087
-0.0358427 -0.0925333   0.281192
-0.0325095 -0.0818062   0.300754
-0.0483677 -0.0819284   0.321368
-0.0443674 -0.0924761   0.302902
-0.0346759 -0.0818757   0.304986
-0.0513074 -0.0997969   0.287924
-0.0218231 -0.0583215   0.281748
 -0.059608 -0.0881522   0.260036
 -0.060187 -0.0879999   0.261944
-0.0339414 -0.0875321   0.267774
-0.0231355 -0.0473137   0.281092
-0.0605553  -0.025465     0.2568
-0.0475071 -0.0822612   0.321634
-0.059422 -0.093443  0.319268
-0.0475215 -0.0820143    0.32161
-0.0571026 -0.0994015   0.299329
-0.0760326  -0.100034   0.315269
-0.0882197  -0.105391   0.285284
-0.0957638  -0.102334   0.310063
 -0.060972 -0.0249278   0.257196
-0.0609724 -0.0199407   0.256798
-0.071075 -0.103999  0.289704
-0.0919918   -0.10398   0.297683
-0.088191 -0.105314  0.285182
-0.0429469 -0.0274311   0.275441
-0.0375419 -0.0317618   0.262242
-0.00584669  -0.0789799    0.141345
-0.0805798  -0.104925   0.287428
-0.0526609 -0.0999433   0.289736
-0.0669917  -0.103249   0.290442
-0.0601259 -0.0886582   0.259906
-0.0623564  -0.102319    0.29102
-0.0590935  -0.101571   0.291122
-0.0553468  -0.100614   0.290757
-0.0171905 -0.0762542   0.208548
-0.0161475 -0.0737197   0.206566
-0.088217 -0.105287  0.285266
-0.0623085    -0.1023   0.291012
-0.0659761  -0.024824   0.265626
-0.0407385 -0.0293823    0.26369
-0.0215081 -0.0467992   0.135193
-0.0215562 -0.0471865   0.137303
-0.0565858  -0.101788   0.288934
-0.0522169  -0.100234   0.287788
-0.0343554 -0.0347251   0.301645
-0.0325317 -0.0353289   0.298264
 -0.026399 -0.0387148   0.278728
-0.0471316 -0.0317603   0.317697
-0.0472552 -0.0314508   0.317666
-0.0327242 -0.0352365    0.29824
-0.0471948 -0.0316912   0.317683
-0.0734156 -0.0957392   0.262402
-0.0279749 -0.0392468   0.259815
-0.0275408 -0.0400748   0.259873
-0.0268982 -0.0410609   0.260652
 -0.026385 -0.0414367   0.262265
 -0.036111 -0.0280636    0.27598
-0.0287832  -0.035173   0.278788
-0.0282992 -0.0385788   0.260203
-0.0468268 -0.0236037   0.296596
-0.0368006 -0.0314102   0.300345
-0.0292718 -0.0351618   0.280488
-0.0282864 -0.0381849   0.261117
-0.0288017 -0.0350546    0.27953
-0.0338034 -0.0324183   0.294701
-0.0290825 -0.0348996   0.280404
-0.0282606 -0.0385607   0.260192
-0.0283169 -0.0381104   0.261108
-0.0386699 -0.0922355    0.26619
-0.0641925 -0.0875958   0.273293
-0.0282034 -0.0394447   0.260076
-0.0265079 -0.0412121   0.262263
-0.00732554  -0.0697214    0.155473
-0.0337485 -0.0873612   0.269914
-0.00786084   -0.077814    0.155956
-0.0266795 -0.0416107    0.26231
-0.0264885 -0.0387404   0.279024
-0.0648222  -0.104453   0.266762
-0.0565805 -0.0191761   0.284816
-0.0530353 -0.0203314   0.284401
-0.0502535 -0.0287233   0.316612
-0.0566599 -0.0193534   0.284806
-0.0592949 -0.0187324   0.284722
-0.0630766 -0.0314935   0.267002
-0.0594108 -0.0186144    0.28473
-0.0737779 -0.0165388   0.287385
-0.0592794  -0.017843   0.281952
-0.0645205 -0.0177687   0.284045
-0.0643347 -0.0177916   0.284072
-0.0607858 -0.0195464   0.256823
-0.0186411 -0.0546929   0.138788
-0.0191392 -0.0542134   0.138575
-0.0186317   -0.05468   0.138786
-0.0187859 -0.0541564   0.139225
 -0.060205 -0.0322137   0.257513
-0.0697126 -0.0157639   0.279344
-0.0713813 -0.0169198   0.282598
-0.0736637 -0.0166679   0.282074
-0.0635535 -0.0309198    0.26685
-0.0630988 -0.0314414    0.26705
-0.0665309 -0.0943564    0.27308
-0.0669971 -0.0949013   0.273003
-0.0601036 -0.0251563   0.254334
-0.00702548  -0.0687841    0.154458
-0.0881643 -0.0162825   0.277958
 -0.081472 -0.0163828   0.279923
-0.0472442 -0.0971387   0.271394
 -0.073655 -0.0169044   0.282064
-0.0726392 -0.0159165   0.278227
-0.0503308  -0.028468   0.316442
-0.0345207 -0.0320494   0.296822
-0.0907227 -0.0188819   0.286654
-0.0881409 -0.0163962   0.277891
-0.0600866 -0.0886622   0.259931
-0.0606649 -0.0952385   0.262377
-0.0606655 -0.0885099    0.26184
-0.0919706 -0.0157227   0.290541
-0.0784735 -0.0162375   0.307914
-0.0957714 -0.0153797   0.303121
-0.0630231 -0.0201621   0.312442
-0.0500946 -0.0283923   0.316623
-0.00785414  -0.0778135    0.155958
-0.0413751 -0.0301812   0.307086
 -0.034679 -0.0286248   0.156378
-0.0330107 -0.0322318   0.115343
-0.0329104 -0.0318075   0.119389
-0.0306424 -0.0328842   0.112031
-0.0310443 -0.0464515    0.11326
-0.0585309 -0.0238402   0.180259
-0.0304802 -0.0318993   0.122571
-0.0331157 -0.0458843   0.120393
-0.0630817 -0.0872384   0.271486
-0.0636606 -0.0870861   0.273394
-0.0265606 -0.0327757   0.123791
-0.0298897 -0.0455797   0.124166
 -0.037475 -0.0307172   0.274774
-0.0227032 -0.0342178    0.12246
-0.0219811  -0.034166   0.136415
 -0.020567 -0.0352766   0.119361
-0.0225125 -0.0456421   0.123401
-0.0231719 -0.0338284   0.160259
-0.0148889 -0.0384927   0.114895
-0.0205661 -0.0354015   0.115597
-0.0228487 -0.0346677   0.112239
-0.0204523 -0.0462073   0.116332
-0.0267937 -0.0336814   0.110826
-0.0236658 -0.0465075   0.112526
-0.0374968 -0.0305638   0.274345
-0.0636705 -0.0870078    0.27342
-0.0216593 -0.0344228   0.136778
-0.013826 -0.041016  0.139681
-0.022079 -0.046598  0.137136
-0.0218686 -0.0342305   0.136134
 -0.015079 -0.0424275   0.163393
-0.00987701  -0.0473023    0.141381
-0.00743102  -0.0541774    0.142607
-0.00747484  -0.0538832    0.142635
-0.00725433  -0.0543616    0.142209
-0.00727454  -0.0544183    0.142214
-0.0186461 -0.0547395   0.138808
-0.00727454  -0.0544183    0.142214
-0.0180622 -0.0548452   0.136879
-0.00699998   -0.054578    0.140214
-0.0183685 -0.0936808   0.130455
-0.0188036 -0.0942885    0.13037
-0.0194771 -0.0940927   0.132245
-0.00865644  -0.0545801     0.15386
-0.00843144  -0.0546963    0.152392
-0.00606488  -0.0551374    0.133206
-0.00699231  -0.0543983    0.139752
-0.0599932 -0.0953812   0.260538
-0.0601524 -0.0886669   0.259873
 -0.017903 -0.0544106   0.136317
-0.00706109  -0.0541226    0.139635
-0.0069939 -0.0546255   0.140198
-0.00618957    -0.05489    0.133603
-0.00937998  -0.0476903    0.138418
-0.0120161 -0.0423855   0.130907
-0.0131844 -0.0415071   0.136771
-0.00845004   -0.048383    0.132468
-0.0192695 -0.0356859   0.128155
-0.0210974  -0.034754   0.133912
-0.0207908 -0.0349304   0.133938
-0.0277153 -0.0803221    0.26376
-0.0213784 -0.0345689   0.134257
-0.0193878 -0.0357769   0.127619
-0.0214142 -0.0345719   0.134245
-0.0214674 -0.0467546   0.135186
-0.0708683   -0.10682   0.253861
-0.0635596  -0.094477   0.271918
 -0.021992 -0.0465999   0.137125
-0.0214131 -0.0467522   0.135217
-0.0219931 -0.0342402   0.136138
 -0.059631 -0.0880661   0.260022
-0.0602045 -0.0879325   0.261935
-0.0340137 -0.0863699   0.282331
-0.0270369 -0.0815847    0.28245
-0.0191274 -0.0929786   0.141687
-0.0184819 -0.0363115   0.125395
-0.0188089 -0.0361325   0.125727
-0.0165118 -0.0857931   0.132483
-0.0188089 -0.0361325   0.125727
-0.0188078 -0.0474375    0.12663
-0.0344293 -0.0880839   0.267146
-0.0184979  -0.054328   0.136724
-0.0180541 -0.0549262   0.136845
-0.0194735 -0.0472834   0.128548
-0.0190539 -0.0359804   0.128261
-0.0192531 -0.0357671   0.127615
-0.00625848  -0.0546021    0.133629
-0.00604488  -0.0550624    0.133203
-0.0160397 -0.0554311   0.130217
-0.00606488  -0.0551374    0.133206
 -0.015457 -0.0555306   0.128292
-0.00580564  -0.0552974    0.131201
-0.0183359 -0.0937318   0.130469
-0.0188427 -0.0942846   0.130343
-0.0160359 -0.0553783     0.1302
-0.00593678  -0.0552794      0.1309
-0.00586866  -0.0548421    0.130622
-0.0152978  -0.055097   0.127729
-0.00579993  -0.0553511    0.131183
-0.00797502  -0.0487795    0.129499
-0.0113927  -0.042897   0.127993
-0.0181855 -0.0365259   0.125423
-0.0187686 -0.0361293   0.125742
-0.0188622   -0.04744   0.126599
-0.0737767 -0.0961366   0.257425
-0.00822457  -0.0565484    0.154149
-0.0183735 -0.0547398   0.136781
-0.00886798  -0.0545852    0.153797
-0.00823127  -0.0565505    0.154147
-0.00864974    -0.05458    0.153863
-0.00780223  -0.0590412    0.154476
-0.00543533   -0.056483     0.15499
-0.0301996 -0.0335002   0.224024
-0.0397607 -0.0261776    0.22056
 -0.060908 -0.0190763   0.248853
-0.0191097  -0.071796   0.218986
-0.00713403  -0.0712898    0.155642
-0.00716483  -0.0733167    0.155782
-0.0465473  -0.078935   0.321629
-0.0031313 -0.0708914   0.124349
-0.00361036  -0.0700399    0.128358
-0.0656848 -0.0262036   0.247505
-0.00398513  -0.0663026    0.130369
-0.00423836  -0.0648684    0.131971
-0.0057625 -0.0602117   0.139863
-0.00803475  -0.0567521    0.152967
-0.00359714    -0.07057    0.128374
-0.00400307   -0.074473    0.131021
-0.00704938  -0.0656963    0.154192
 -0.060086 -0.0953908   0.260469
-0.00707638  -0.0656968    0.154188
-0.00717986  -0.0637036    0.153967
-0.00714262  -0.0637002    0.153974
-0.0599986 -0.0256093   0.254954
-0.0189122 -0.0478338    0.12874
-0.00717748  -0.0637023    0.153972
-0.0641448 -0.0245467   0.268256
-0.0075473 -0.0624879   0.154828
-0.00688306  -0.0638624    0.153043
-0.00740946  -0.0612067     0.15371
-0.0183309 -0.0479695   0.126802
-0.00739566   -0.061206    0.153706
-0.0074016  -0.061206   0.153708
-0.0165607 -0.0548964   0.130017
-0.00764205   -0.059216    0.153442
-0.00762587  -0.0592159    0.153444
-0.0209361 -0.0472841   0.135389
-0.00806404  -0.0567642    0.152916
-0.00734483  -0.0593699    0.152545
-0.0220314 -0.0934438   0.140878
-0.0261059 -0.0607328   0.251601
-0.00843662  -0.0546958    0.152399
-0.00843638  -0.0546988    0.152374
-0.0337008 -0.0368345   0.257455
-0.0304706 -0.0400864   0.250684
-0.0293374 -0.0463763   0.256589
-0.0191989 -0.0508257   0.214895
-0.0277396 -0.0472409   0.250734
-0.0485225 -0.0316789    0.31731
 -0.027255 -0.0492684   0.250821
-0.0189186 -0.0531673   0.216125
-0.0275658 -0.0602704   0.257395
-0.0184232 -0.0552919   0.215598
-0.00552413  -0.0802583     0.15686
-0.00838622  -0.0815813    0.154632
-0.0694304 -0.0949945   0.265443
-0.0264957 -0.0538051   0.251091
-0.0186803 -0.0573791   0.218226
-0.0183798 -0.0595489   0.217476
-0.0339362 -0.0875117   0.267766
-0.0278236  -0.080957   0.264881
-0.0260155  -0.056316   0.251339
-0.0261265 -0.0583218   0.251424
-0.0198083 -0.0628773   0.224741
-0.0158393 -0.0937036   0.131233
-0.0209275 -0.0473226   0.135385
-0.0260992 -0.0607326   0.251603
 -0.027563 -0.0602703   0.257396
-0.0247211 -0.0584382   0.280329
-0.0392153 -0.0307074   0.261114
-0.0379004 -0.0317004   0.261704
 -0.018911 -0.0935416   0.132399
-0.0190487 -0.0940865     0.1329
-0.0375384 -0.0317966   0.262234
-0.0496273  -0.023063   0.257345
-0.0596046 -0.0880983    0.26002
 -0.059501 -0.0196611   0.254078
-0.0600295 -0.0202229    0.25389
 -0.060986 -0.0194095    0.24885
-0.0670299  -0.104744   0.273794
-0.00712353  -0.0732959     0.15477
-0.0656552 -0.0187715   0.245903
-0.0709386 -0.0182465   0.246818
-0.00440334  -0.0687251     0.15628
-0.0631039 -0.0314832   0.267029
 -0.074239 -0.0178426   0.251038
-0.0738408 -0.0175921   0.256399
-0.0662011 -0.0181363   0.277821
-0.0699773 -0.0177757    0.26014
-0.0660986 -0.0181801   0.264606
-0.0644972 -0.0185669   0.260389
-0.00747751  -0.0758005    0.155189
 -0.066438 -0.0181584   0.264954
-0.0670601 -0.0178404   0.267141
-0.0562771 -0.0207815   0.267722
-0.0603694 -0.0194466   0.256942
-0.0477615 -0.0822547   0.321452
 -0.060196 -0.0322383   0.257506
-0.051094 -0.022534  0.260002
-0.0441156 -0.0272581   0.266804
-0.0414727 -0.0289604   0.263434
-0.0467803 -0.0258333   0.271006
-0.0380085 -0.0310588   0.264652
-0.0421473 -0.0279234   0.272579
-0.0658147 -0.0182716   0.264628
-0.0664643 -0.0181513    0.26493
-0.0664782 -0.0242724   0.265411
-0.067017 -0.018033  0.266865
-0.0665418 -0.0246662   0.267553
-0.0641613 -0.0244511   0.268247
-0.0666826  -0.024068   0.267972
-0.0189138 -0.0935804   0.132391
-0.0193234 -0.0937575   0.132284
-0.0277322 -0.0813975   0.264866
-0.0666831 -0.0180821   0.267494
-0.0671034 -0.0241158   0.267362
-0.0670264 -0.0180278   0.266868
-0.0573886 -0.0204802   0.270505
-0.0501635 -0.0243785   0.277861
-0.0482135 -0.0251699   0.273663
 -0.051973 -0.0237762    0.28263
-0.0694548 -0.0202556   0.279791
-0.0339936 -0.0865573   0.282283
-0.0180595 -0.0847501   0.139267
-0.00476394  -0.0609697    0.155551
-0.00755413  -0.0610367     0.15471
-0.00762652  -0.0590331    0.154502
-0.0074807 -0.0610438   0.154724
-0.0073261 -0.0635329   0.154979
-0.0072235 -0.0655317   0.155169
-0.0044034 -0.0679648   0.156219
-0.00716872  -0.0680318    0.155385
-0.0071593 -0.0635324   0.155004
-0.00715676  -0.0655369    0.155181
-0.010016 -0.066936  0.173892
-0.00702576   -0.068027    0.155406
-0.00714484  -0.0684103     0.15542
-0.0163422 -0.0854026     0.1325
-0.0185572 -0.0470852   0.136118
-0.0185703  -0.085253   0.139175
-0.0180515 -0.0847617   0.139272
-0.00708477   -0.068794    0.155459
 -0.010028 -0.0669378   0.173859
-0.00716773  -0.0684109    0.155416
-0.00716865  -0.0687916    0.155446
-0.0166009 -0.0548915   0.130015
-0.0601334 -0.0318455   0.255364
-0.0214089 -0.0936031   0.138957
-0.0151446 -0.0646724   0.202115
-0.0151146 -0.0646715   0.202237
-0.0160991 -0.0672213   0.208158
-0.0154161 -0.0646952   0.206068
-0.00702738  -0.0681937    0.154424
-0.00654227  -0.0687583    0.151071
-0.00702562  -0.0684887    0.154441
-0.00702643  -0.0681938    0.154424
-0.00672568  -0.0683618     0.15345
-0.00702423  -0.0687841    0.154457
-0.00654149  -0.0687588    0.151065
-0.034842 -0.106061  0.162444
-0.0205609  -0.103471   0.124805
-0.0227675  -0.104167   0.128102
-0.0148011  -0.100977   0.119982
-0.0205686  -0.103726   0.121025
-0.0204097 -0.0965279   0.120466
-0.0219978  -0.102755    0.14189
-0.0266584  -0.105385   0.129591
-0.0226197 -0.0959642    0.12753
-0.030513 -0.106322  0.128485
-0.0274306 -0.0958578   0.128918
-0.0329112  -0.106739   0.125351
-0.0330042  -0.106743   0.121292
-0.0331507 -0.0962313   0.124221
-0.0194262 -0.0941291   0.132291
-0.030628 -0.106435  0.117897
-0.0267769  -0.105779   0.116582
-0.0309201 -0.0967942   0.117142
-0.0228543  -0.104722   0.117823
-0.0261061 -0.0969067   0.115779
-0.0186384 -0.0845978   0.141175
-0.00751019  -0.0843289     0.14453
-0.00724904  -0.0844889    0.142526
-0.00725942   -0.084734    0.142095
-0.00724808  -0.0844889    0.142526
-0.0165221  -0.093664     0.1331
-0.0185804 -0.0543612   0.136661
-0.00768431  -0.0843456    0.144787
-0.0607792  -0.104206   0.263582
-0.00772859  -0.0847911    0.145025
-0.0187973 -0.0850315   0.141737
-0.00748378  -0.0844389     0.14451
-0.0520811 -0.0976183   0.283197
-0.0101641 -0.0907332    0.14476
-0.0140842   -0.09645   0.144027
-0.0233228  -0.100727   0.165465
-0.0216531  -0.102525   0.142216
-0.0218677  -0.102768   0.141633
-0.0670622 -0.0948922   0.273004
-0.0220512 -0.0934512   0.140861
-0.0214081  -0.102643   0.139679
-0.021987  -0.10276  0.141609
-0.0219878 -0.0934508   0.140866
-0.0193819  -0.102201   0.132922
-0.0210656  -0.102559   0.139327
 -0.021475 -0.0936077     0.1389
-0.0207848  -0.102344    0.13932
-0.0213887  -0.102645   0.139692
 -0.027083 -0.0815027    0.26498
-0.0112648 -0.0948973   0.135326
-0.0113658 -0.0936044    0.14148
-0.019048  -0.10195  0.133528
-0.0193463  -0.102145   0.133295
-0.00657827  -0.0855116    0.135999
-0.00733685   -0.085031    0.142018
-0.00724009  -0.0844356    0.142502
-0.00648231  -0.0850798    0.135777
-0.0180546 -0.0847025   0.139247
-0.0161924 -0.0857167   0.133151
-0.00633384  -0.0851655    0.135482
-0.0192451  -0.102209   0.132948
 -0.019439 -0.0941364   0.132275
-0.0196986 -0.0762629   0.218182
-0.00747859   -0.075802    0.155896
-0.00772516  -0.0778364    0.155979
-0.0188029  -0.102065   0.130991
-0.0193826 -0.0941362   0.132278
-0.0184605  -0.101967   0.130637
-0.0188698  -0.094293   0.130313
-0.0181796  -0.101736    0.13063
-0.0187801  -0.102067   0.131005
-0.0107151 -0.0948264   0.132343
-0.00601995  -0.0854817     0.13308
-0.00621238  -0.0857522    0.132985
-0.00610959  -0.0851537    0.133469
-0.00611787  -0.0852099    0.133494
-0.0154494 -0.0853879    0.13066
-0.0665471 -0.0246507   0.267534
-0.0670626 -0.0241236   0.267352
-0.0160332 -0.0852831   0.132588
-0.00636275  -0.0850495    0.135503
-0.00611787  -0.0852099    0.133494
-0.0641914 -0.0307828   0.268754
-0.0636759 -0.0313109   0.268937
 -0.018321 -0.0937158   0.130456
-0.00716865  -0.0687916    0.155446
 -0.026661 -0.0696606   0.252276
-0.0188502 -0.0738751   0.218358
-0.0274477 -0.0741837   0.252614
-0.00774411  -0.0778096    0.155402
-0.0164188 -0.0477257   0.129464
-0.0207209 -0.0784475    0.22222
-0.0286848 -0.0787161   0.252968
-0.0296357 -0.0926415   0.228865
-0.0391554   -0.10097   0.226691
-0.0609353  -0.105262   0.255725
-0.0520252  -0.106158   0.223249
-0.0742092  -0.106875   0.258079
-0.0593603  -0.108388    0.18983
-0.0708889  -0.106874   0.253851
-0.0655959  -0.106342    0.25288
-0.0669147   -0.10481   0.274276
-0.0669872  -0.103524   0.284544
-0.073843 -0.106527  0.263432
-0.0701853  -0.101172   0.286384
-0.0249557 -0.0749945  0.0729892
-0.00363375  -0.0966828   0.0811888
-0.0134146  -0.103725  0.0787836
-0.024953 -0.106395 0.0754961
-0.0364915  -0.104283   0.071827
-0.0462736 -0.0977128   0.068335
-0.0528111 -0.0876836  0.0655512
-0.0551075 -0.0757227  0.0638999
-0.0528133 -0.0636506  0.0636324
-0.0462775 -0.0533061  0.0647896
-0.0364967 -0.0462635  0.0671949
-0.0249585 -0.0435944  0.0704823
-0.0134198  -0.045706  0.0741514
-0.00363774  -0.0522761   0.0776435
 0.0028998 -0.0623048  0.0804272
0.00519526 -0.0742661  0.0820783
0.00290196 -0.0863378   0.082346
F
 13  96 510
 13 148 333
 13 333 504
 13 504  96
 13 510 148
  36   41 2289
36 42 41
  36 2289   42
  41   42 2189
  41 1160 2289
  41 2189 1160
 42  65 620
42 82 65
42 83 82
  42  620 2189
  42 2289   83
 65  82 250
 65 250 625
  65  625 2189
  65 2189  620
  80   81 2289
80 82 81
 80  96 489
 80 489  82
 80 518  96
  80 2289  518
81 82 83
  81   83 2289
 82 489 250
 96 504 489
 96 515 510
 96 518 515
117 331 799
117 594 331
117 799 594
 130  207 1202
130 216 207
 130 1002 2679
 130 1202 1002
 130 2679  216
131 132 207
131 143 223
131 207 216
 131  216 2679
131 223 132
 131 2678  143
 131 2679 2678
132 140 148
132 141 140
132 142 141
132 147 207
132 148 336
132 212 147
132 223 142
132 336 212
140 141 188
140 188 317
140 316 331
140 317 316
140 331 333
140 333 148
141 142 223
 141  223 2677
 141 2677  188
 143 2678  223
147 212 990
147 990 998
147 998 207
148 510 515
148 515 518
148 518 336
149 336 520
149 520 527
 149  527 2289
 149 1208  336
 149 1238 1208
 149 2289 1238
175 177 391
 175  246 2675
175 391 427
175 427 459
175 459 799
175 799 246
 175 2675  177
 177 2674  391
 177 2675 2674
181 182 183
181 183 284
181 284 315
181 315 701
181 701 182
 182  188 2676
182 317 188
182 701 317
 182 2676  183
 183 2675  284
 183 2676 2675
 188 2677 2676
 207  998 1202
 212  336 1208
 212 1208  990
 223 2678 2677
 246  284 2675
246 315 284
246 799 315
250 489 594
250 594 793
250 793 625
315 317 701
315 331 317
315 799 331
316 317 331
331 493 504
331 504 333
331 594 493
336 518 520
352 353 354
352 354 451
352 369 353
352 371 369
352 389 371
352 391 389
352 451 463
352 463 391
353 358 424
353 369 417
353 417 358
353 424 439
353 438 354
353 439 438
354 438 625
354 625 723
354 723 793
354 793 451
 358  417 1832
 358 1703  424
 358 1832 1834
 358 1834 1703
 369  371 2673
369 405 415
369 415 417
 369 2671  405
 369 2672 2671
 369 2673 2672
 371  389 2673
 374  415 2671
374 417 415
 374 1713 1832
 374 1832  417
 374 2671 1713
 389  391 2673
391 463 427
 391 2674 2673
 405 2671  415
 424 1703 1875
 424 1875  439
427 463 459
438 439 625
 439 1701 2189
 439 1875 1701
 439 2189  625
451 459 463
451 793 459
459 594 799
459 793 594
489 493 594
489 504 493
518 527 520
 518 2289  527
625 793 723
 987  990 1267
987 995 990
 987 1190  995
 987 1242 1273
 987 1254 1242
 987 1267 1268
 987 1268 1254
 987 1273 2230
 987 2227 1190
 987 2230 2227
988 989 990
 988  990 1208
 988 1208 1238
 988 1238  989
 989 1238 2288
 989 1267  990
 989 2257 1267
 989 2288 2290
 989 2290 2257
990 995 998
 995  996 1198
 995  997 1202
 995 1190  996
 995 1198  997
 995 1202  998
 996 1190 1191
 996 1191 2681
 996 2681 1198
 997 1002 1202
 997 1198 2680
 997 2680 1002
1002 2680 2679
1052 1053 2217
1052 1082 2683
1052 1083 1082
1052 1188 1053
1052 1236 1083
1052 2181 1236
1052 2217 2181
1052 2682 1188
1052 2683 2682
1053 1188 1191
1053 1191 2234
1053 2234 2217
1056 1068 2137
1056 1160 2183
1056 2130 1160
1056 2137 2130
1056 2183 1068
1065 1082 1083
1065 1083 2181
1065 1230 1082
1065 2181 1230
1068 2174 2175
1068 2175 2137
1068 2183 2174
1082 1130 2683
1082 1230 1130
1083 1236 2181
1127 1130 1230
1127 1155 1172
1127 1172 2683
1127 1230 1155
1127 2683 1130
1155 1230 1732
1155 1732 1172
1160 2129 2132
1160 2130 2129
1160 2132 2219
1160 2184 2183
1160 2187 2184
1160 2189 2187
1160 2219 2289
1172 1732 1748
1172 1748 1845
1172 1845 2683
1177 1768 1777
1177 1777 1788
1177 1788 1806
1177 1806 2141
1177 1814 1823
1177 1823 2684
1177 2141 1814
1177 2684 1768
1188 2681 1191
1188 2682 2681
1190 2227 2234
1190 2234 1191
1198 2681 2680
1230 1550 1732
1230 1591 1550
1230 2177 1591
1230 2181 2177
1238 2289 2288
1242 1254 1273
1254 1268 2230
1254 2230 1273
1267 2230 1268
1267 2257 2290
1267 2290 2230
1434 1545 2367
1434 1973 1545
1434 2128 2137
1434 2137 1973
1434 2141 2142
1434 2142 2128
1434 2367 2141
1523 1737 2177
1523 1740 1737
1523 1746 1740
1523 1768 1746
1523 1777 1768
1523 1788 1777
1523 1806 1788
1523 2142 1806
1523 2177 2142
1545 1973 2171
1545 2171 2367
1550 1591 1726
1550 1726 1732
1591 2177 1726
1613 2132 2148
1613 2148 2215
1613 2215 2293
1613 2219 2132
1613 2293 2219
1700 1701 1702
1700 1702 1831
1700 1831 1986
1700 1873 1991
1700 1986 1873
1700 1991 1992
1700 1992 2186
1700 2186 2187
1700 2187 1701
1701 1875 1702
1701 2187 2189
1702 1703 1834
1702 1704 1831
1702 1834 1704
1702 1875 1703
1704 1705 1838
1704 1706 1831
1704 1707 1706
1704 1832 1705
1704 1834 1832
1704 1838 1707
1705 1713 2671
1705 1832 1713
1705 2670 1838
1705 2671 2670
1706 1707 1821
1706 1814 2171
1706 1821 1814
1706 2171 1831
1707 1838 2670
1707 2669 1821
1707 2670 2669
1726 1737 1732
1726 2177 1737
1732 1737 1740
1732 1740 1748
1740 1744 1748
1740 1746 1744
1744 1746 2683
1744 2683 1748
1746 1768 2683
1748 2683 1845
1768 2684 2683
1806 2142 2141
1814 1821 1823
1814 2141 2367
1814 2367 2171
1821 2669 1823
1823 2669 2684
1831 2171 1986
1873 1986 2176
1873 1987 1991
1873 2176 1987
1973 2137 2175
1973 2174 2171
1973 2175 2174
1986 2171 2176
1987 2174 2186
1987 2176 2174
1987 2186 1991
1991 2186 1992
2128 2129 2130
2128 2130 2137
2128 2131 2129
2128 2142 2131
2129 2131 2148
2129 2148 2132
2131 2142 2177
2131 2177 2181
2131 2181 2148
2148 2181 2216
2148 2216 2215
2171 2174 2176
2174 2183 2184
2174 2184 2186
2181 2217 2216
2184 2187 2186
2215 2216 2281
2215 2231 2293
2215 2281 2231
2216 2217 2234
2216 2234 2236
2216 2235 2281
2216 2236 2235
2219 2288 2289
2219 2290 2288
2219 2291 2290
2219 2293 2291
2227 2230 2281
2227 2235 2236
2227 2236 2234
2227 2281 2235
2230 2231 2281
2230 2290 2291
2230 2291 2293
2230 2293 2231
2669 2670 2671
2669 2671 2682
2669 2682 2684
2671 2672 2673
2671 2673 2675
2671 2675 2678
2671 2678 2681
2671 2681 2682
2673 2674 2675
2675 2676 2678
2676 2677 2678
2678 2679 2680
2678 2680 2681
2682 2683 2684
