22
r_foot 
V
 0.0650451 -0.0857155   0.052226
 0.0650456 -0.0919277   0.050902
 0.0650446 -0.0810236  0.0534483
 0.0653087 -0.0484111  0.0480083
0.0650408 -0.049164 0.0484954
0.0650298 -0.049161 0.0489454
 0.0649303 -0.0663289   0.053584
 0.0657221 -0.0749932  0.0543334
 0.0657253 -0.0662839   0.053983
 0.0834663 -0.0774427   0.048385
 0.0821757 -0.0812771  0.0484095
 0.0657256 -0.0810884  0.0539093
0.0650811 -0.074986 0.0539594
 0.0836811 -0.0749862  0.0483886
 0.0832015 -0.0685258  0.0483826
 0.0840821 -0.0749898  0.0478956
 0.0650445 -0.0800588  0.0532321
0.0650431 -0.074988 0.0535624
 0.0809128 -0.0607846  0.0484114
 0.0835685 -0.0684676  0.0478996
 0.0657137 -0.0600123  0.0530971
0.0763702 -0.054128 0.0482813
 0.0812388 -0.0606257  0.0479304
 0.0656811 -0.0527176   0.051075
 0.0709959 -0.0503565  0.0485607
0.0840461 -0.074988 0.0468856
 0.0657787 -0.0487078  0.0493673
0.0650423 -0.066044  0.053181
 0.0650423 -0.0663274   0.053519
 0.0650417 -0.0601034  0.0526361
 0.0655743 -0.0985369   0.049048
0.0650462 -0.098201 0.0486519
 0.0650454 -0.0892916  0.0513136
 0.0663507 -0.0482119  0.0485303
 0.0650417 -0.0595005   0.052156
 0.0825588 -0.0824404  0.0469257
 0.0650458 -0.0933758  0.0500402
 0.0649802 -0.0982181  0.0482339
 0.0663093 -0.0988659   0.048752
  0.071644 -0.0952124  0.0485985
 0.0665753 -0.0991189  0.0482771
 0.0656824 -0.0892644  0.0523736
 0.0657053 -0.0889584  0.0523155
 0.0754376 -0.0917651  0.0485261
 0.0747518 -0.0929652  0.0480732
 0.0665583 -0.0990661  0.0473201
 0.0801911 -0.0857187  0.0484452
 0.0785054 -0.0887729  0.0480166
 0.0650411 -0.0528877   0.050626
 0.0819409 -0.0833827  0.0479399
 0.0756757 -0.0921623  0.0470841
 0.0650412 -0.0542287  0.0507142
 0.0753141 -0.0527043  0.0471251
 0.0663427 -0.0482801  0.0475753
 0.0797256 -0.0579049  0.0469859
 0.0829684 -0.0664462  0.0469363
 0.0354535 -0.0815627  0.0689461
 0.0354455 -0.0815119  0.0678956
 0.0360435 -0.0815162  0.0680701
-0.0699653 -0.0723744  0.0645398
-0.0699313  -0.072053  0.0648138
-0.0699693 -0.0721627  0.0642776
-0.0704539 -0.0750018  0.0529947
-0.0701066 -0.0794093  0.0584323
-0.0700546 -0.0794782  0.0597362
 -0.070154 -0.0755595  0.0628027
  -0.07017 -0.0754142  0.0622033
 -0.070166 -0.0756914  0.0622212
-0.0691758  -0.067205  0.0656391
-0.0696047 -0.0671019  0.0575113
-0.0692588 -0.0673338  0.0652828
 0.0428857 -0.0833539  0.0637146
 0.0479299 -0.0849624  0.0601188
-0.0700768 -0.0774025  0.0627972
-0.0701298 -0.0772569  0.0619457
-0.0700788 -0.0775795  0.0625543
  0.050725 -0.0859868  0.0586328
 0.0625656 -0.0914598  0.0515239
-0.0701977 -0.0783608  0.0585426
-0.0701487 -0.0783997   0.059731
-0.0701707 -0.0783238  0.0587823
-0.0700644  -0.070569  0.0595899
-0.0702084 -0.0704676   0.054192
-0.0701083 -0.0714462  0.0604374
 0.0625666 -0.0914578  0.0517849
-0.0699727 -0.0789969  0.0624684
-0.0700557 -0.0785164  0.0631757
-0.0700398 -0.0782205  0.0624674
 0.0625426 -0.0915648  0.0517439
 0.0625666 -0.0914578  0.0515269
 0.0638466 -0.0911787  0.0511518
-0.0702762 -0.0730236  0.0584841
-0.0702881 -0.0737248  0.0584878
-0.0691224 -0.0829226   0.066483
-0.0697885 -0.0807402   0.062304
-0.0696815 -0.0813191  0.0624105
-0.0694037 -0.0679798  0.0650719
-0.0694285 -0.0704272   0.069814
-0.0692997 -0.0676296  0.0656138
-0.0694634 -0.0823958  0.0627979
-0.0694874 -0.0823465  0.0625879
-0.0696476 -0.0690473  0.0640239
-0.0699245 -0.0693538  0.0591956
-0.0698905 -0.0698488  0.0637476
-0.0700774 -0.0703696  0.0586217
-0.0701024 -0.0705716  0.0587953
-0.0700118 -0.0777985  0.0635716
-0.0700238 -0.0781179  0.0629916
-0.0700068 -0.0779149  0.0634945
-0.0702085 -0.0795332  0.0541934
-0.0694603 -0.0828592  0.0623818
-0.0694964 -0.0823624  0.0620275
 -0.070212 -0.0753125  0.0620819
 -0.070118 -0.0754736   0.063315
 0.0354424 -0.0812733  0.0691957
 0.0354815 -0.0817314  0.0689165
 0.0358365 -0.0813389  0.0691582
-0.0701887 -0.0780876  0.0593526
-0.0702007 -0.0781165  0.0589981
-0.0694277 -0.0795714  0.0698141
-0.0697136 -0.0798554  0.0650393
-0.0700324 -0.0716226  0.0626141
-0.0700533 -0.0725227  0.0630617
-0.0700423 -0.0721404  0.0629239
-0.0701489 -0.0765364  0.0621435
-0.0701329 -0.0765499  0.0624495
-0.0701459 -0.0764374  0.0622577
 0.0356463 -0.0795113  0.0685211
 0.0356483 -0.0795171   0.069297
 0.0362013 -0.0797416   0.068574
-0.0702801 -0.0742912  0.0595249
  -0.07013 -0.0749883  0.0629568
-0.0701261  -0.074912  0.0631542
-0.0699278 -0.0782997  0.0644658
-0.0698387 -0.0793241   0.064323
 0.0352403 -0.0798827  0.0695428
 0.0356623 -0.0799602   0.069108
 0.0349553 -0.0799761  0.0690565
-0.0696043 -0.0828978  0.0575126
-0.0694143 -0.0827081  0.0625873
-0.0694444 -0.0826049  0.0624085
-0.0691025 -0.0710941  0.0708556
-0.0691498 -0.0670604  0.0664964
0.0448206 -0.081582 0.0627539
 0.0428695 -0.0812689  0.0642414
-0.0700801 -0.0749891  0.0641205
-0.0695801 -0.0750026  0.0710314
-0.0700611 -0.0746288  0.0642547
-0.0702332 -0.0729792  0.0596756
-0.0702871 -0.0734489  0.0588518
-0.0702871 -0.0735426  0.0589628
 0.0519929 -0.0843329  0.0584394
 0.0530489 -0.0849687  0.0582487
-0.0699828  -0.078204  0.0636986
0.0357443 -0.079477 0.0692768
 0.0635234 -0.0897016  0.0519316
-0.0699813 -0.0722004  0.0640902
-0.0700373 -0.0721812    0.06308
-0.0700413 -0.0724184  0.0632817
-0.0696527 -0.0670702  0.0575035
-0.0696884 -0.0695975  0.0541779
-0.0702394 -0.0704543   0.054181
 0.0635544 -0.0896387  0.0518566
-0.0698557 -0.0791829  0.0646481
-0.0698207 -0.0794482   0.064606
-0.0702701 -0.0741487  0.0587988
-0.0704799 -0.0749999  0.0529947
-0.0700073 -0.0725153  0.0639782
-0.0699114 -0.0711819  0.0639338
-0.0699484 -0.0711419  0.0634247
 0.0634964 -0.0900436  0.0522267
 0.0640695 -0.0908017  0.0515498
 0.0640575 -0.0903737  0.0513487
 0.0635054 -0.0897177  0.0518406
-0.0697747 -0.0788755  0.0653783
-0.0697557 -0.0791092  0.0653571
-0.0695436 -0.0688146   0.064967
-0.0695226    -0.0688  0.0652851
-0.0700896 -0.0789501  0.0594866
-0.0698858 -0.0779689  0.0653099
-0.0698858 -0.0781337  0.0652597
 0.0354443 -0.0684653    0.06845
 0.0354483 -0.0684097  0.0694601
 0.0361643 -0.0684914  0.0686426
-0.0701058 -0.0778366  0.0616892
-0.0700578 -0.0780228  0.0623855
 0.0354373 -0.0687512  0.0697005
0.0357273 -0.068802 0.0694084
 0.0354493 -0.0684324  0.0694526
-0.0700164 -0.0713141  0.0622061
-0.0700793 -0.0714984   0.061202
-0.0700444 -0.0715341  0.0620053
-0.070127 -0.075695 0.0629659
-0.0699296 -0.0797833  0.0617056
-0.0697936 -0.0799813  0.0637543
-0.0698506 -0.0798938  0.0629486
  0.048793 -0.0647066  0.0607246
-0.0699315  -0.069602  0.0598922
-0.0699555 -0.0697623   0.059779
-0.0696413 -0.0829245  0.0575127
-0.0686572 -0.0845621  0.0619906
-0.0691182 -0.0841229  0.0620165
-0.0700949 -0.0765309  0.0631317
-0.0700919 -0.0763516  0.0633544
 0.0489681 -0.0649486  0.0610659
 0.0625636 -0.0585186  0.0530898
  0.049494 -0.0644477  0.0600751
 0.0627306 -0.0588905  0.0530339
-0.0702781 -0.0739188  0.0593088
-0.0700692 -0.0737923  0.0639284
-0.0701332 -0.0738023  0.0626853
 0.0356273 -0.0688706  0.0692699
 0.0638356 -0.0588545  0.0524249
 0.0625636 -0.0585186  0.0528608
 0.0625676 -0.0584296  0.0530538
-0.0699145 -0.0703313  0.0622578
-0.0700125 -0.0700448  0.0593952
-0.0700684 -0.0709641  0.0603979
-0.0700245  -0.080071  0.0587743
-0.0698395 -0.0804295  0.0617414
-0.0699995 -0.0803032   0.059563
 0.0628126 -0.0586995  0.0533888
-0.0700713 -0.0716568  0.0616269
 0.0356455 -0.0704541  0.0696238
 0.0356455 -0.0704656  0.0688099
 0.0361735 -0.0704637  0.0688787
-0.0700566 -0.0796647  0.0590451
-0.0700286 -0.0797694  0.0594765
-0.0702515 -0.0795468  0.0541774
-0.0700879 -0.0750006  0.0524727
-0.0697415 -0.0803603  0.0536906
-0.0702732 -0.0729314  0.0586364
-0.0697006 -0.0800151  0.0650323
-0.0697186 -0.0802776  0.0643884
 0.0482332 -0.0670248  0.0614162
 0.0501802 -0.0663307  0.0600283
  0.057266 -0.0634085    0.05633
 0.0635117 -0.0602555  0.0531071
-0.0686979 -0.0654671  0.0619871
-0.0691199 -0.0658758  0.0620137
 -0.070124 -0.0752243  0.0628911
 -0.070135 -0.0750158  0.0629311
-0.0700089 -0.0770596  0.0632261
-0.0700578 -0.0773544  0.0631768
 0.0639596 -0.0592795  0.0527999
 0.0635207 -0.0602745  0.0531091
 0.0635307 -0.0602905  0.0528891
-0.0697785 -0.0699961  0.0640922
-0.0696606 -0.0692337  0.0642824
 0.0483082 -0.0667146  0.0617025
 0.0635517 -0.0603145  0.0531301
 0.0357195 -0.0704503  0.0695865
-0.0699955 -0.0698703  0.0594141
-0.0700443 -0.0726292  0.0634355
 0.0358354 -0.0701364  0.0698439
-0.0699093 -0.0725909  0.0655031
-0.0699104 -0.0718986  0.0650284
-0.0699275 -0.0696146   0.058706
-0.0692218 -0.0673975  0.0657422
 0.0429395 -0.0816221  0.0644915
 0.0358205 -0.0813181  0.0691331
  0.05039 -0.085543 0.0591794
-0.0698374 -0.0708458   0.063945
 0.0358243 -0.0798755  0.0695066
-0.0700208 -0.0775494  0.0638115
-0.0699738 -0.0778201  0.0642157
-0.0701388 -0.0775908  0.0613356
-0.0702068 -0.0774373  0.0593635
-0.0701338 -0.0775065  0.0597588
-0.0699837 -0.0784077  0.0632507
-0.0701699 -0.0759928  0.0620333
 -0.070176 -0.0755196  0.0619479
-0.0694817 -0.0685739  0.0653362
-0.0694757 -0.0682501   0.064991
-0.0700896 -0.0794218  0.0587799
 0.0532999 -0.0851702  0.0579301
 0.0357944 -0.0812832  0.0690714
 0.0467118 -0.0843311  0.0609941
0.0502859 -0.085484   0.05923
-0.0699918 -0.0778359  0.0637758
 0.0636555 -0.0901846  0.0519497
 -0.070089 -0.0758822   0.063621
-0.0702147 -0.0781748  0.0584166
-0.0702848 -0.0771396  0.0582411
-0.0699294 -0.0706018  0.0625274
-0.0698264 -0.0708284  0.0648165
-0.0699015 -0.0703832  0.0626394
 0.0358253 -0.0798752  0.0695012
 0.0356563 -0.0798622  0.0696129
 0.0358243 -0.0798774  0.0695015
 0.0356923 -0.0795537  0.0692506
-0.0702731 -0.0736314  0.0593367
 0.0630936 -0.0913747  0.0519239
 0.0626386 -0.0912278  0.0517328
-0.0693837 -0.0677942  0.0647959
-0.0694507 -0.0681125  0.0646935
 0.0625676 -0.0914688  0.0517999
 0.0632466 -0.0912757  0.0517658
 0.0628066 -0.0912827  0.0520548
 0.0638405 -0.0906206  0.0518977
-0.0698136 -0.0797198  0.0639865
-0.0699076 -0.0795043  0.0627164
-0.0698506 -0.0797658   0.063262
 0.0636406 -0.0911877  0.0517978
 0.0631986 -0.0916447  0.0516189
 0.0637185 -0.0910606  0.0518028
 0.0639776 -0.0912017  0.0515258
 0.0637345 -0.0904966  0.0518117
-0.0699768 -0.0780905  0.0638309
 0.0640415 -0.0902216  0.0517017
 0.0634784 -0.0900476  0.0522027
 0.0635334 -0.0896846  0.0519436
 0.0358233 -0.0686931  0.0696606
 0.0358284 -0.0701306  0.0698327
 0.0482792 -0.0667037  0.0616766
-0.0700063 -0.0717345  0.0630591
-0.0696554 -0.0815778  0.0621393
-0.0699405 -0.0808519   0.058373
-0.0696064 -0.0818404  0.0621385
-0.0698875 -0.0702604  0.0630424
-0.0697875  -0.070368  0.0646183
-0.0697455 -0.0701972  0.0643743
 0.0356604 -0.0702113  0.0699133
 0.0357215 -0.0705451  0.0695933
 0.0358274 -0.0701191  0.0698392
-0.0696704 -0.0815619  0.0617976
-0.0699085 -0.0694206  0.0597035
 0.0490361 -0.0649416  0.0609845
 0.0572629 -0.0630875  0.0565997
-0.0698744 -0.0714553  0.0649855
-0.0697885 -0.0707113  0.0652126
 0.0633116 -0.0585815  0.0532708
 0.0636767 -0.0598124   0.053283
 0.0634837 -0.0599534   0.053384
 -0.070155 -0.0759187  0.0623712
 0.0635177 -0.0602765  0.0531131
 0.0637297 -0.0596014   0.053092
 0.0638367 -0.0594524   0.053141
-0.0697085 -0.0813605  0.0615734
 0.0640377 -0.0596944   0.052902
 0.0637746 -0.0590274  0.0530699
-0.0691248 -0.0670771  0.0664847
 0.0640246 -0.0588955  0.0527769
 0.0633186 -0.0587455  0.0530229
 0.0633416 -0.0584085  0.0528778
 0.0628116 -0.0587165  0.0533628
-0.0701812 -0.0725572  0.0605544
-0.0700993   -0.07232  0.0620387
-0.0701203 -0.0721214  0.0613565
 0.0625606 -0.0585496  0.0530878
-0.0701667  -0.077924  0.0601651
-0.0701757  -0.077912   0.059999
-0.0700821 -0.0749646   0.063786
-0.0700861 -0.0744037  0.0639372
-0.0699984 -0.0715358  0.0629107
-0.0697495 -0.0700562  0.0647767
-0.0699775 -0.0802707  0.0607558
-0.0699806 -0.0799046  0.0602606
-0.0697216 -0.0800317  0.0648907
-0.0697876 -0.0798159  0.0642371
-0.0692062 -0.0749944  0.0715153
-0.0698904 -0.0712226  0.0643649
-0.0698664  -0.071033  0.0644649
 -0.070093 -0.0755108  0.0636882
-0.0701329 -0.0764854  0.0627043
-0.0701798 -0.0775586   0.060568
-0.0700598 -0.0775481  0.0629603
-0.0699903  -0.072748  0.0641333
-0.0698304 -0.0707773  0.0643168
-0.0702732  -0.073065  0.0588216
-0.0694657 -0.0795883  0.0698319
-0.0689638  -0.078541  0.0707422
-0.0696141  -0.074992  0.0710532
-0.0699038 -0.0778939  0.0651751
-0.0699808 -0.0775619   0.064341
-0.0699478 -0.0779464  0.0645303
-0.0700859 -0.0767164  0.0628361
-0.0700599 -0.0770335  0.0634414
-0.0700667 -0.0783514  0.0617036
-0.0700337 -0.0784667   0.062214
-0.0698185 -0.0700738  0.0625127
-0.0699435 -0.0806873  0.0586311
-0.070108 -0.075764 0.0633083
-0.0701149 -0.0761317  0.0630306
-0.0697695 -0.0810791  0.0616714
-0.0697035 -0.0812619  0.0621316
 0.0354355 -0.0815216  0.0689375
 0.0350464 -0.0810221  0.0687822
 0.0350464 -0.0810224  0.0672046
 0.0354415 -0.0815165  0.0678962
-0.0700387 -0.0785764  0.0619087
 0.0354864 -0.0812668  0.0691982
 0.0353985 -0.0815811  0.0689453
-0.0699454 -0.0712417  0.0634445
-0.0699464  -0.071343  0.0640881
-0.0699126 -0.0795648  0.0624956
-0.0699927  -0.079154  0.0617647
 0.0356133 -0.0795399  0.0685141
 0.0350464 -0.0800015  0.0674711
 0.0349683 -0.0799788  0.0690537
-0.0700293 -0.0725127  0.0635527
-0.0700759 -0.0749882  0.0524207
-0.0704769 -0.0750069  0.0529797
 0.0356165 -0.0704086  0.0696508
 0.0350454 -0.0699757  0.0694026
 0.0350454 -0.0699759  0.0678382
0.0356325 -0.070432 0.0688194
-0.0700177 -0.0786259   0.064651
-0.0701468 -0.0777575  0.0608512
-0.0701049  -0.076995  0.0626609
-0.0695244 -0.0820867   0.062786
 0.0354353 -0.0684585   0.068451
 0.0350453 -0.0689551  0.0677123
 0.0350453 -0.0689549  0.0692754
 0.0354443 -0.0684788  0.0694589
-0.0695831  -0.074998  0.0710304
-0.0699704 -0.0714015  0.0632088
-0.0698794 -0.0713595  0.0647531
-0.0699896 -0.0799236  0.0599848
-0.0686489 -0.0654681  0.0619861
 0.0356363 -0.0796173  0.0693139
-0.0700704 -0.0704535  0.0590291
-0.0700464 -0.0702679  0.0591644
-0.0701338 -0.0777931  0.0611483
-0.0700521 -0.0740572  0.0642785
-0.0700422 -0.0737623  0.0643991
-0.0695287 -0.0684415  0.0643648
 0.0357204 -0.0813084  0.0691427
 0.0355173 -0.0798444  0.0695242
 0.0349474 -0.0810427  0.0688041
-0.0701362 -0.0734917  0.0624081
-0.0699206  -0.080027  0.0612656
 0.0349693 -0.0799941  0.0690676
-0.0699613 -0.0729396  0.0650408
-0.0695057 -0.0684196  0.0647593
-0.0702668 -0.0772176  0.0586397
-0.0702448 -0.0775673   0.058719
 0.0356424 -0.0701755  0.0700108
0.0349584 -0.069987 0.0694061
 0.0356605 -0.0704553  0.0696179
-0.0701363 -0.0718849  0.0606178
-0.0701713 -0.0722507  0.0603757
-0.0699078 -0.0783187  0.0647571
-0.0699857 -0.0790422   0.062143
-0.0701122  -0.073256  0.0627344
-0.0700592  -0.073384  0.0646383
 0.0349693 -0.0689392  0.0692934
 0.0349604 -0.0699825   0.069425
 0.0357734 -0.0701668  0.0697516
-0.0703158 -0.0769838  0.0583923
 0.0358353 -0.0686851  0.0696908
-0.0697506 -0.0801828  0.0641021
-0.0700057 -0.0783514  0.0629198
-0.0699614 -0.0712435  0.0631249
-0.0699612 -0.0732232  0.0653607
-0.0691554 -0.0829476  0.0664899
-0.0686692 -0.0845297  0.0619931
-0.0685473 -0.0833189  0.0673359
-0.0699982 -0.0736578  0.0649023
-0.0687942 -0.0836896  0.0585484
-0.0699653 -0.0727325  0.0644067
-0.0702621 -0.0739655  0.0597856
-0.0700648 -0.0777054  0.0627007
-0.0685548 -0.0668348  0.0676928
-0.0701013  -0.072095   0.061684
-0.0688218 -0.0658055  0.0595965
-0.0691037  -0.066721  0.0573282
-0.0701161 -0.0749993  0.0632901
-0.0697846 -0.0797725  0.0643907
-0.0700911 -0.0749998   0.063746
-0.0701161 -0.0750034  0.0633042
 -0.070105 -0.0752903  0.0634884
-0.0697276 -0.0804471  0.0642926
-0.0700036  -0.079218  0.0614154
-0.0701027 -0.0789018  0.0598297
-0.0700636 -0.0792485  0.0599824
-0.0701132 -0.0734622  0.0629126
-0.0700502 -0.0734559  0.0635816
-0.0699736  -0.079726  0.0608976
-0.0699786  -0.079797  0.0606004
-0.0701072 -0.0727298  0.0623397
-0.0702651 -0.0741159  0.0598543
-0.0701359 -0.0761698  0.0626239
-0.0697025 -0.0812865  0.0620401
-0.0700307 -0.0787742  0.0617234
-0.0700228 -0.0773483  0.0636565
-0.0702318 -0.0777109  0.0588735
-0.070044 -0.075171 0.0640145
-0.0695981 -0.0750096  0.0710282
-0.0700767  -0.078425  0.0613771
-0.0701507  -0.078024  0.0604827
-0.0704529 -0.0750009  0.0529947
-0.0691262 -0.0749979  0.0714867
-0.0701397 -0.0780034  0.0607257
 0.0350439 -0.0558931  0.0920801
 0.0350458 -0.0749879  0.0729909
 0.0350434 -0.0500414  0.0833192
0.0350434 -0.047988 0.0729868
 0.0350437 -0.0500446  0.0626548
 0.0350443 -0.0558989  0.0538961
 0.0350452 -0.0646598  0.0480444
0.0350462 -0.074992  0.045991
0.0350471 -0.085324 0.0480476
 0.0350478 -0.0940829  0.0539019
 0.0350482 -0.0999346  0.0626624
0.0350483 -0.101988  0.072995
  0.035048 -0.0999314  0.0833268
 0.0350473 -0.0940771  0.0920859
 0.0350465 -0.0853163  0.0979376
 0.0350455 -0.0749837   0.099991
 0.0350446 -0.0646522  0.0979344
-0.0599542 -0.0749968  0.0729888
-0.0599561 -0.0559017  0.0920779
-0.0599566  -0.050051   0.083317
-0.0599566 -0.0479966  0.0729846
-0.0599563 -0.0500532  0.0626525
-0.0599557 -0.0559075  0.0538939
-0.0599548 -0.0646684  0.0480423
-0.0599538  -0.075001  0.0459889
-0.0599529 -0.0853329  0.0480454
-0.0599522 -0.0940915  0.0538998
-0.0599518 -0.0999432  0.0626602
-0.0599517  -0.101997  0.0729929
-0.059952  -0.09994 0.0833247
-0.0599527 -0.0940857  0.0920838
-0.0599535 -0.0853254  0.0979354
-0.0599545 -0.0749927  0.0999889
-0.0599554 -0.0646608  0.0979323
  0.035511 -0.0871041  0.0658054
 0.0360985 -0.0816011  0.0679234
 0.0351745 -0.0813843  0.0676637
-0.0694627 -0.0787454  0.0648298
-0.0698497 -0.0787816  0.0650228
-0.0698647 -0.0787455  0.0648298
-0.0695707 -0.0789945   0.062475
-0.0699537 -0.0791697  0.0625225
-0.0699727 -0.0789945  0.0624749
-0.0697039  -0.076826  0.0628005
-0.0697309 -0.0765766  0.0624608
-0.0697039 -0.0769965  0.0626569
  0.036534 -0.0868099  0.0659264
 0.036535 -0.086892 0.0658916
 0.0484209 -0.0851291  0.0598693
 0.0365845 -0.0817539  0.0678702
-0.0696154 -0.0715747  0.0626144
-0.0700174 -0.0715747  0.0626144
-0.0699984 -0.0713381  0.0625986
-0.0696503  -0.072057  0.0626344
-0.0696653 -0.0723054  0.0626581
-0.0700523  -0.072057  0.0626344
 0.0663421 -0.0734828  0.0359911
 0.0678316 -0.0783207  0.0359919
 0.0662244 -0.0761699  0.0359916
-0.0693815 -0.0703166  0.0645675
-0.0697815 -0.0702095  0.0644134
-0.0697855 -0.0703166  0.0645675
 0.0650317 -0.0925548  0.0503191
 0.0596834 -0.0899468  0.0531066
   0.05376 -0.0957214  0.0530664
 0.0363597 -0.0942226  0.0616914
 0.0632456 -0.0915598  0.0512539
 0.0612123 -0.0884797  0.0529684
 0.0635234 -0.0897017  0.0517386
 0.0640845 -0.0902237  0.0514167
  0.065031 -0.0850927  0.0523239
 0.0493187 -0.0833345  0.0599462
-0.0696393 -0.0721156  0.0629258
-0.0696263 -0.0719124  0.0629037
-0.0700283 -0.0719125  0.0629037
-0.0696701  -0.075025  0.0641257
 -0.069711 -0.0754702  0.0633026
 -0.069691 -0.0755042  0.0636938
-0.0695394 -0.0707111  0.0625275
-0.0695724 -0.0710582  0.0625631
-0.0699424 -0.0707111  0.0625275
-0.0696646 -0.0792182   0.059971
-0.0696446 -0.0793641  0.0600954
-0.0700466 -0.0793641  0.0600954
 0.0365983 -0.0797106  0.0683934
 0.0426275 -0.0812008  0.0641876
-0.0694186 -0.0795583  0.0641717
-0.0694297 -0.0794053  0.0642773
-0.0698216 -0.0795584  0.0641717
 0.0366101 -0.0770059  0.0688239
 0.0366129 -0.0749883  0.0689256
 0.0357813 -0.0795212  0.0684528
0.0365889 -0.074993 0.0689533
-0.0695165 -0.0693583   0.059425
-0.0695135 -0.0693973  0.0596375
-0.0699175 -0.0693974  0.0596375
 0.0355089 -0.0749884  0.0689999
 0.0353123 -0.0795688  0.0682159
-0.0697208 -0.0774349  0.0618597
-0.0701138 -0.0776361  0.0617793
-0.0701218 -0.0774349  0.0618597
 0.0632776 -0.0584246  0.0525668
 0.0650042 -0.0544827  0.0506922
 0.0464105 -0.0587699  0.0601084
  0.049446 -0.0644747   0.060125
-0.0696393 -0.0724218   0.063292
-0.0696583 -0.0724577  0.0629903
-0.0696313 -0.0725124  0.0635529
 0.0707936 -0.0790615  0.0359921
 0.0700463 -0.0749903  0.0359914
 0.0735132 -0.0847888   0.035993
 0.0365416 -0.0610508  0.0665723
 0.0366003 -0.0682191  0.0684457
-0.0695185 -0.0802232  0.0606777
-0.0699215 -0.0802232  0.0606777
-0.0699145 -0.0802232  0.0608484
 0.0355066 -0.0610999  0.0666491
 0.0352333 -0.0685616  0.0682547
 0.0366363 -0.0682074   0.068639
 0.0365456 -0.0610788   0.066592
-0.0696068 -0.0782265  0.0630589
-0.0699907 -0.0783573   0.063209
-0.0700088 -0.0782265  0.0630589
0.0740074 -0.076047 0.0359916
 0.0740022 -0.0739309  0.0359913
 0.0750464 -0.0759898  0.0359916
-0.0404529 -0.0842504  0.0379905
-0.0379529 -0.0842505  0.0359905
-0.0399529 -0.0842507  0.0359905
-0.0695724 -0.0710582  0.0625631
-0.0695964 -0.0713381  0.0625986
-0.0699744 -0.0710582  0.0625631
-0.0696651 -0.0748112  0.0642023
-0.0696701 -0.0749891  0.0641199
-0.0700651 -0.0748112  0.0642023
 0.0356409 -0.0749877  0.0690812
0.0366075 -0.070264 0.0687003
 0.0354985 -0.0704859  0.0686549
  0.051085 -0.0749876  0.0601112
 0.0367514 -0.0702553  0.0689715
-0.0696754 -0.0713682  0.0610061
-0.0700774 -0.0713683  0.0610061
-0.0700754 -0.0712554   0.060824
0.0366139 -0.074988 0.0689377
 0.0650443 -0.0660664   0.053184
 0.0635957 -0.0602335  0.0528531
-0.0695565 -0.0694843  0.0588383
-0.0699405 -0.0693975  0.0590476
-0.0699605 -0.0694843  0.0588383
-0.0696278 -0.0775225  0.0635702
-0.0700538 -0.0775226  0.0631005
-0.0700288 -0.0775226  0.0635702
-0.0695014 -0.0718583  0.0650271
-0.0695083 -0.0720231  0.0651138
-0.0699034 -0.0718583  0.0650271
-0.0695173 -0.0725642  0.0655033
-0.0695253 -0.0719881  0.0648033
-0.0695553 -0.0726492  0.0649989
-0.0697669 -0.0763645  0.0618512
-0.0701679 -0.0763645  0.0618512
-0.0701639 -0.0767226  0.0616825
-0.0692735 -0.0813186  0.0624103
-0.0692434 -0.0815843  0.0621416
-0.0691984 -0.0818338  0.0621407
-0.0695808 -0.0775763   0.064356
-0.0695228 -0.0775606  0.0638136
-0.0695718   -0.07782  0.0642157
-0.0697147 -0.0781496  0.0609743
-0.0701167 -0.0781497  0.0609743
-0.0700927 -0.0783172  0.0612288
-0.0696373 -0.0722296   0.063108
-0.0696478 -0.0778874  0.0627581
-0.0700488 -0.0778875  0.0627581
-0.0700348 -0.0780598     0.0628
 0.0725419 -0.0497309  0.0450086
  0.073776 -0.0518074  0.0472059
 0.0770263 -0.0545392  0.0470754
 0.0797596 -0.0577059  0.0470829
 0.0690737 -0.0478522  0.0452493
 0.0661467 -0.0480021  0.0477192
-0.0696753 -0.0715803  0.0613441
-0.0696144 -0.0715639  0.0626083
-0.0696533 -0.0716248  0.0618532
-0.0697679 -0.0763645  0.0618512
-0.0697679 -0.0760589   0.062008
-0.0701679 -0.0763645  0.0618512
-0.0696194 -0.0713591  0.0621781
-0.0695954 -0.0711331  0.0622432
-0.0699974 -0.0711332  0.0622432
-0.0697719 -0.0759676  0.0620358
-0.0697479 -0.0765434   0.062142
-0.0697469 -0.0764325   0.062268
-0.0694045 -0.0706122   0.064745
-0.0697925  -0.070431  0.0646621
-0.0698075 -0.0706123   0.064745
-0.0379546 -0.0657502  0.0379877
-0.0404546 -0.0657504  0.0379877
-0.0399546 -0.0657507  0.0359877
-0.0697086 -0.0794035  0.0584372
-0.0696536 -0.0796664  0.0590498
-0.0696926 -0.0794343  0.0587991
-0.0695736 -0.0793526  0.0616974
-0.0696177   -0.07891  0.0616716
-0.0695696 -0.0797361  0.0608861
-0.0694784 -0.0715284  0.0649792
-0.0694934 -0.0717151  0.0649793
-0.0698804 -0.0715284  0.0649792
-0.069758 -0.075921 0.0623741
 -0.069765 -0.0756914  0.0622212
-0.0691297 -0.0684728  0.0643442
-0.0690487 -0.0682545  0.0649894
-0.0690437 -0.0681122  0.0646936
 0.0481727 -0.0488958  0.0533192
0.0651127 -0.048767 0.0483503
-0.0696644 -0.0706474  0.0596682
-0.0700564 -0.0704826  0.0594859
-0.0700664 -0.0706475  0.0596682
-0.0698811 -0.0739393   0.059395
-0.0698721 -0.0739393  0.0596162
-0.0702731 -0.0739393  0.0596162
 0.0639156 -0.0589555  0.0523379
-0.0694896  -0.079581  0.0628447
-0.0698706  -0.079684    0.06304
-0.0698926 -0.0795811  0.0628447
 0.0640247 -0.0595805   0.052553
   0.05086 -0.0749888  0.0602245
-0.0690984 -0.0821761  0.0628084
-0.0690664 -0.0823403  0.0628244
-0.0694744 -0.0823403  0.0628244
-0.0698781 -0.0737006  0.0593169
-0.0702781 -0.0737006  0.0593169
-0.0702651 -0.0735044   0.059491
-0.0696773 -0.0714636  0.0611448
-0.0696773 -0.0715504  0.0613096
-0.0700783 -0.0715504  0.0613096
 0.0656823 -0.0989421   0.047744
-0.0694686 -0.0802808  0.0615863
-0.0694976 -0.0801221  0.0614021
-0.0698716 -0.0802809  0.0615862
 0.0638986 -0.0911307  0.0511438
-0.0694297 -0.0794053  0.0642773
-0.0694467 -0.0791941  0.0643634
-0.0698327 -0.0794053  0.0642773
-0.0693485 -0.0697014  0.0638159
-0.0692526 -0.0692157  0.0642875
-0.0692426 -0.0690471  0.0640239
-0.0694785 -0.0703085  0.0628317
-0.0695005 -0.0703996   0.062626
-0.0698825 -0.0703086  0.0628317
-0.0460432  -0.102669  0.0319933
-0.0349511  -0.103561  0.0319885
-0.0349511  -0.104505  0.0409167
-0.0695766 -0.0799253  0.0599758
-0.0394521  -0.104545  0.0430246
-0.0437983   -0.10364  0.0475974
-0.0345842    -0.1035  0.0419295
-0.0248671  -0.104374  0.0389368
-0.0345702  -0.103652  0.0419756
-0.0349511  -0.103521  0.0319935
-0.0695603 -0.0727623  0.0650132
-0.0695503 -0.0725336  0.0649659
-0.0699523 -0.0725337  0.0649659
-0.0150791  -0.104486  0.0402129
0.00754909  -0.103277   0.031995
-0.00795653   -0.101998   0.0319936
-0.0441073  -0.101641  0.0319931
-0.0410762  -0.101992  0.0319932
-0.0696568 -0.0776059   0.062931
-0.0696368 -0.0779041  0.0629533
-0.0700378 -0.0779042  0.0629533
0.0504648 -0.101787 0.0319953
0.0500489 -0.103193 0.0319955
0.0493809 -0.105018 0.0461718
0.0500519 -0.103416 0.0319575
-0.0696358 -0.0779041  0.0629533
-0.0696198 -0.0780986  0.0629978
-0.0700218 -0.0780987  0.0629978
-0.00309174   -0.104951   0.0471891
-0.0697167 -0.0788729  0.0595126
-0.0696997 -0.0789146  0.0598189
-0.0697437 -0.0784586  0.0597181
-0.00820001   -0.104741    0.043212
0.0546068 -0.102763 0.0319955
0.0500409 -0.103221 0.0319925
0.0527387 -0.101652 0.0319953
-0.0695423 -0.0723207   0.064891
-0.0699323 -0.0720999  0.0648358
-0.0699433 -0.0723208   0.064891
-0.0694375 -0.0700038  0.0629121
-0.0694005 -0.0700037  0.0636026
-0.0698035 -0.0700037  0.0636026
-0.0695156  -0.079527  0.0624639
-0.0695376 -0.0793662  0.0623795
-0.0699186 -0.0795271  0.0624638
-0.0697352 -0.0736907  0.0625521
-0.0697362 -0.0735518  0.0624437
-0.0701352 -0.0736907  0.0625521
-0.0697183 -0.0721325  0.0613533
-0.0697323 -0.0722107  0.0611581
-0.0701193 -0.0721325  0.0613533
-0.0698522 -0.0733265  0.0596558
-0.0698651 -0.0735044   0.059491
-0.0702532 -0.0733265  0.0596558
-0.0697322 -0.0733653  0.0623873
-0.0701212 -0.0730353   0.062369
-0.0701332 -0.0733654  0.0623873
0.0491068 -0.104556 0.0478277
-0.0698772 -0.0731883  0.0588394
-0.0702782 -0.0731883  0.0588393
-0.0702732 -0.0730277  0.0587915
-0.00403071   -0.104166    0.047292
-0.0695938 -0.0774948  0.0641978
-0.0699798 -0.0775873  0.0643627
-0.0699948 -0.0774949  0.0641978
-0.0695746 -0.0796441  0.0609879
-0.0699776 -0.0796442  0.0609878
-0.0699716 -0.0797498  0.0608523
-0.0697403 -0.0720561  0.0615798
-0.0697303 -0.0718718  0.0606258
-0.0694486 -0.0797482  0.0631491
-0.0694106 -0.0797439  0.0642887
-0.0694076 -0.0797013  0.0640283
-0.0696256 -0.0794914  0.0602286
-0.0700276 -0.0794915  0.0602286
0.0821884 -0.064341 0.0319899
 0.0835313 -0.0749896  0.0319916
 0.0828897 -0.0792511  0.0319922
 0.0817132 -0.0624331  0.0319936
 0.0840173 -0.0650629  0.0446051
 0.0839493 -0.0750214  0.0319276
 0.0850402 -0.0749975  0.0445876
-0.0429537 -0.0750006  0.0379891
-0.0454546 -0.0657509  0.0379876
 0.0832323 -0.0661131  0.0470052
 0.0841901 -0.0749898  0.0469086
  0.082983 -0.0836373  0.0446629
-0.0692944  -0.081429  0.0616186
-0.0695775 -0.0696092  0.0587036
-0.0695575 -0.0697677  0.0597837
-0.0695295 -0.0695915  0.0598879
-0.0696744 -0.0703696  0.0586217
-0.0696135 -0.0698489  0.0586217
-0.0700165 -0.0698489  0.0586216
-0.0696684 -0.0704534  0.0590291
-0.0696744 -0.0703695  0.0586217
-0.0696914 -0.0705746   0.058776
 0.0805092 -0.0848519  0.0319961
 0.0823918 -0.0823848  0.0469877
 0.0786896 -0.0903044  0.0447549
-0.0695602 -0.0732232  0.0653608
-0.0696092 -0.0733941  0.0646242
-0.0696002 -0.0736304  0.0649414
-0.0699016 -0.0801221  0.0614021
 0.0711449 -0.0709994  0.0359908
  0.072941 -0.0720934   0.035991
 0.0726786 -0.0781328  0.0359919
 0.0744999 -0.0923327  0.0319951
0.0784134  -0.08907 0.0471217
 0.0696163 -0.0984492    0.04494
-0.0689227 -0.0677376  0.0654517
-0.0689507  -0.067833  0.0653129
-0.0693317 -0.0677376  0.0654517
-0.0696554 -0.0707517  0.0601459
-0.0696624 -0.0709166  0.0603672
-0.0700574 -0.0707517  0.0601459
 0.0743108 -0.0936054  0.0472413
 0.0677124 -0.0974973  0.0319948
-0.0691514 -0.0821185  0.0620389
-0.0695584 -0.0821186  0.0620389
-0.0695214 -0.0823181   0.062039
-0.0695594 -0.0712433  0.0631249
-0.0695424 -0.0712408  0.0634446
-0.0695344 -0.0711433  0.0634239
0.0612567 -0.100895 0.0319943
0.0591338 -0.103561 0.0453357
 -0.069746 -0.0757284  0.0625999
 -0.069739 -0.0755755  0.0627727
  -0.07014 -0.0755756  0.0627727
 -0.069689 -0.0758377  0.0636349
 -0.069707 -0.0757377   0.063326
-0.0697149 -0.0761203  0.0630381
-0.0697773 -0.0723503   0.060291
-0.0697732 -0.0725018  0.0606366
-0.0690967 -0.0684238  0.0647621
-0.0690877 -0.0686182  0.0653721
0.0555907 -0.101155 0.0319953
0.0590417 -0.101621 0.0319954
 0.0633316 -0.0998987  0.0319952
 0.0633714 -0.0976907  0.0319948
 0.0696149 -0.0918971   0.031994
 0.0722721 -0.0942029  0.0319944
 0.0736512 -0.0843954  0.0319929
 0.0762197 -0.0904645  0.0319939
 0.0776946 -0.0557874  0.0319886
 0.0791074 -0.0869003  0.0319934
 0.0743483 -0.0526067   0.031988
 0.0750462 -0.0739905  0.0319913
 0.0750464 -0.0759904  0.0319916
 0.0803359 -0.0597162  0.0319892
 0.0812991 -0.0832749  0.0319928
 0.0611558 -0.0471449  0.0319871
 0.0500437 -0.0462009  0.0319868
 0.0487044 -0.0449078  0.0464536
-0.0698472 -0.0732481  0.0597296
-0.0698402 -0.0730246  0.0596349
-0.0698871 -0.0735351  0.0589644
 0.0589921 -0.0499701  0.0319875
 0.0500397 -0.0461909  0.0319868
 0.0263904 -0.0450348  0.0469783
0.00754372 -0.0462218  0.0319863
-0.0693785 -0.0702095  0.0644134
0.0490439 -0.047993  0.031987
-0.0348153 -0.0462656  0.0319848
-0.0697683 -0.0722492  0.0603851
-0.0697503 -0.0720583  0.0605108
-0.0701523 -0.0720584  0.0605108
-0.0691124 -0.0821081  0.0627957
-0.0691424 -0.0821654  0.0620289
-0.0690574 -0.0824021  0.0627772
 0.0620905 -0.0459327  0.0455999
-0.0697937 -0.0779714  0.0601081
-0.0697238  -0.077766   0.060852
-0.0697738 -0.0775518  0.0605656
-0.0700788 -0.0775192  0.0626244
-0.0696778 -0.0775192  0.0626244
-0.0693847 -0.0795666  0.0647211
-0.0697626 -0.0797074   0.064878
-0.0697887 -0.0795667  0.0647211
-0.0694136 -0.0796644  0.0640465
-0.0698166 -0.0796645  0.0640465
-0.0698156 -0.0797507  0.0638908
-0.0694596 -0.0798444  0.0628308
-0.0693636 -0.0799728   0.064262
 0.0583515 -0.0462177  0.0479669
 0.0501234 -0.0452195  0.0476296
 0.0704211 -0.0501601  0.0319876
-0.0694705 -0.0700915  0.0624945
-0.0698575 -0.0700304  0.0626821
-0.0698745 -0.0700915  0.0624945
-0.0695788 -0.0775873  0.0643627
-0.0698912 -0.0731856   0.058456
-0.0698851 -0.0734412  0.0588518
-0.0698722 -0.0730018  0.0587766
 0.0764054 -0.0542425  0.0319893
 0.0795955 -0.0561213  0.0446676
-0.0696658 -0.0778857  0.0624106
-0.0696748 -0.0776599  0.0625077
-0.0700668 -0.0778858  0.0624106
-0.0696733 -0.0716328  0.0615396
-0.0700623 -0.0716327  0.0617962
-0.0700743 -0.0716328  0.0615396
-0.0693056 -0.0694308  0.0639062
-0.0696746 -0.0692052  0.0639712
-0.0697106 -0.0694308  0.0639062
-0.0696158 -0.0782488  0.0628637
-0.0696328 -0.0780598     0.0628
-0.0700178 -0.0782489  0.0628637
-0.0701689 -0.0760589   0.062008
-0.0688908 -0.0674685  0.0651176
-0.0688528 -0.0673426  0.0652911
-0.0692628 -0.0673426  0.0652911
0.0738915 -0.066329 0.0359901
 0.0730673 -0.0640428  0.0319898
 0.0674296 -0.0556063  0.0319884
-0.00215738  -0.0449954    0.046988
-0.00738702  -0.0451064   0.0432519
-0.0144405 -0.0452755  0.0402979
-0.0695966 -0.0797132  0.0593012
-0.0030605 -0.0459504  0.0475621
-0.0694664  -0.071407  0.0650053
-0.0698684  -0.071407  0.0650053
-0.0698504  -0.071242  0.0650574
 0.0487164 -0.0451537  0.0475326
-0.0696327 -0.0782934  0.0624581
-0.0695827 -0.0788889  0.0624582
-0.0699847 -0.0788889  0.0624582
-0.0697062 -0.0734805  0.0629737
-0.0700832 -0.0734805    0.06342
-0.0701072 -0.0734806  0.0629737
-0.0697151 -0.0750008   0.063302
 -0.069735 -0.0750091  0.0629416
 -0.069737 -0.0752176  0.0628804
-0.0697852 -0.0726103  0.0604851
-0.0701862 -0.0726104   0.060485
-0.0701613  -0.072402  0.0608058
-0.0696134 -0.0713137  0.0622176
 -0.069674 -0.0751367  0.0640375
  -0.06968 -0.0752712   0.063929
 -0.070075 -0.0751367  0.0640375
-0.0349565 -0.0454043  0.0407316
-0.0349563 -0.0462476  0.0319818
-0.0240984 -0.0454896  0.0388968
-0.0144225 -0.0453225  0.0402739
-0.0402405 -0.0454464  0.0430066
-0.0349565 -0.0453723  0.0407286
-0.0349563 -0.0462776  0.0319848
-0.0459995 -0.0458883  0.0469906
-0.0460062 -0.0472086  0.0319848
-0.0696224 -0.0702349  0.0595814
-0.0700254  -0.070235  0.0595814
-0.0700135 -0.0700874  0.0594381
-0.0409561 -0.0480012  0.0319849
-0.0698892 -0.0731536  0.0584619
-0.0702802 -0.0729844  0.0585225
-0.0702902 -0.0731537  0.0584618
-0.0345984 -0.0463661  0.0418308
-0.0695507 -0.0791697  0.0625225
-0.0697258 -0.0772858  0.0619353
-0.0238574 -0.0464314  0.0400989
-0.0698772 -0.0729376  0.0585597
-0.0693606  -0.080118  0.0639931
-0.0693806 -0.0800296  0.0638484
-0.0697646 -0.0801181  0.0639931
-0.0697018 -0.0778692   0.061683
-0.0696767 -0.0782311   0.061683
-0.0700777 -0.0782312  0.0616829
 0.0251015 -0.0475355  0.0562889
0.0304916 -0.047929 0.0563426
-0.0695827 -0.0790452  0.0621685
-0.0695907  -0.079116  0.0618194
 0.0178505 -0.0471851   0.056409
0.00750768 -0.0469619  0.0572088
 0.0251015 -0.0474615  0.0563241
0.00760695 -0.0478918  0.0581265
-0.0700793 -0.0714636  0.0611448
-0.0698722 -0.0730277  0.0587915
-0.0696973   -0.07232  0.0620387
-0.0697132 -0.0732287  0.0627208
-0.0696826 -0.0790693  0.0598842
-0.0700666 -0.0792182   0.059971
-0.0696744 -0.0712554   0.060824
 0.0310607 -0.0489438  0.0572004
0.0301206 -0.047866 0.0563269
 0.0300476 -0.0488009  0.0570327
 0.0313536 -0.0480299  0.0564891
 0.0381485 -0.0469649  0.0523887
 0.0313526 -0.0480449   0.056481
-0.0696798 -0.0776443  0.0624915
-0.0695846 -0.0794784  0.0611685
-0.0699876 -0.0794784  0.0611685
 0.0388245 -0.0466149  0.0521397
 0.0338487 -0.0489564  0.0577136
-0.0696595 -0.0800696  0.0587793
-0.0695295 -0.0808304  0.0583677
-0.0694467 -0.0791941  0.0643634
-0.0694777 -0.0788493  0.0644105
-0.0698497 -0.0791941  0.0643634
-0.0695552 -0.0731349  0.0653921
-0.0699562 -0.0731349  0.0653921
-0.0699453 -0.0729744  0.0654483
-0.0697202 -0.0730352   0.062369
-0.0701112 -0.0728096  0.0623516
-0.0701202 -0.0730353   0.062369
-0.0697603  -0.072402  0.0608058
-0.0696343 -0.0718192  0.0626145
-0.0700363 -0.0718192  0.0626144
-0.0693345 -0.0700373  0.0647544
-0.0693835 -0.0703502  0.0646061
-0.0693835 -0.0706899   0.065205
0.00177404 -0.0456934  0.0509251
0.00590667 -0.0468071  0.0566856
-0.0693316 -0.0798585  0.0650447
0.00649708  -0.046901  0.0570608
0.00548116 -0.0465962  0.0562431
-0.0696684 -0.0710685  0.0605537
-0.0700714 -0.0710685  0.0605537
-0.0700644 -0.0709167  0.0603672
-0.00259109  -0.0460093   0.0478641
-0.0698387 -0.0778496  0.0583594
-0.0702407 -0.0778496  0.0583594
-0.0702277  -0.078019  0.0583875
0.00460535 -0.0476473  0.0565548
0.00626068 -0.0469631  0.0569148
0.00553517 -0.0467092  0.0562097
0.00565855  -0.047801  0.0578311
0.00761496 -0.0479248   0.058039
  0.036318 -0.0529316  0.0617572
 0.0364181 -0.0541934  0.0627406
-0.0692865 -0.0812424  0.0623928
-0.0692495 -0.0814426  0.0624673
-0.0696555 -0.0814426  0.0624673
-0.0694956 -0.0796476  0.0625804
-0.0698996 -0.0796476  0.0625803
-0.0698786 -0.0797643  0.0627172
 0.0348877 -0.0497192  0.0588196
 0.0363951 -0.0540914  0.0628709
  0.036278 -0.0528466   0.061602
-0.0692696 -0.0692051  0.0639712
-0.0698771 -0.0742458  0.0596634
-0.0699081 -0.0741241    0.05877
-0.0698941 -0.0742781  0.0592283
 -0.069686 -0.0753889   0.063811
 -0.070086 -0.0753889   0.063811
  -0.07008 -0.0752713   0.063929
-0.0693765  -0.080805  0.0619434
-0.0694065 -0.0806322  0.0618554
-0.0697815  -0.080805  0.0619434
 0.0357918 -0.0512249  0.0601428
 0.0358068 -0.0512519  0.0601584
-0.0696781 -0.0744694  0.0639334
-0.0696621 -0.0746719  0.0642435
-0.0696521 -0.0740777  0.0642738
-0.0690103 -0.0827592  0.0622808
-0.0690523 -0.0825916  0.0621516
-0.0694193 -0.0827592  0.0622808
-0.0695855 -0.0698815  0.0594087
 0.0348887 -0.0498302  0.0587389
-0.0692336 -0.0690012  0.0640492
-0.0691886 -0.0687625  0.0641707
-0.0695946 -0.0687625  0.0641707
 0.0654787 -0.0483371  0.0479143
 0.0585855 -0.0463537  0.0479109
-0.0691836 -0.0688534  0.0644923
-0.0695896 -0.0688534  0.0644923
-0.0695436 -0.0686234  0.0646225
 0.0734205 -0.0771391  0.0359918
-0.0694676  -0.079684    0.06304
-0.0694506 -0.0797508  0.0632122
-0.0698536 -0.0797508  0.0632122
-0.0693645 -0.0704298  0.0650704
-0.0697675 -0.0704298  0.0650704
-0.0697575  -0.070291  0.0649748
-0.0695116 -0.0794531  0.0626947
   0.06813 -0.0714799  0.0359909
-0.0695625 -0.0697923    0.05972
-0.0695735  -0.069827  0.0595466
-0.0699665 -0.0697924    0.05972
-0.0696734 -0.0708166  0.0598505
-0.0700764 -0.0708166  0.0598505
-0.0697033 -0.0726229  0.0622779
-0.0701003 -0.0724061  0.0621174
-0.0701053  -0.072623  0.0622779
-0.0696652 -0.0737906  0.0639195
-0.0697062 -0.0738122  0.0631777
-0.0701072 -0.0738122  0.0631777
-0.0696627 -0.0783881  0.0617113
-0.0697147 -0.0781507  0.0610043
-0.0696337 -0.0787345  0.0617035
-0.0698961 -0.0742643  0.0591603
-0.0699041  -0.074195  0.0589131
-0.0702961 -0.0742644  0.0591603
 0.0354635 -0.0924515  0.0626676
  0.035742 -0.0968429  0.0599624
 0.0362967 -0.0945147  0.0614748
 0.0364785 -0.0925604  0.0628327
-0.0696125 -0.0698489  0.0586217
-0.0695735 -0.0695798   0.058743
-0.0699765 -0.0695798   0.058743
  0.035726 -0.0968519  0.0599322
0.0428264 -0.101084 0.0534951
-0.0697013 -0.0713395  0.0603667
-0.0696614 -0.0708549   0.060271
-0.0696434 -0.0702544  0.0591852
-0.0695723  -0.073007  0.0650077
 0.0346832 -0.0990042  0.0585961
-0.0695456   -0.08003  0.0612551
-0.0695816 -0.0799002  0.0602255
-0.0695115 -0.0802536   0.060737
 0.0364715 -0.0925444  0.0627992
0.0322464 -0.101052 0.0568781
0.0309494 -0.101462 0.0564645
0.0382636 -0.102774 0.0521973
0.0208498 -0.104885 0.0474174
0.0382226 -0.102847 0.0522813
0.0309794 -0.101502 0.0564408
0.0335103 -0.100277 0.0575733
0.0309574 -0.101508 0.0565292
-0.0696921 -0.0749846  0.0637651
-0.0695226 -0.0797941  0.0617115
-0.0695786  -0.079788  0.0605789
-0.0693445 -0.0809949  0.0620264
-0.0697495  -0.080995  0.0620264
-0.0697115 -0.0812119  0.0621132
0.0335323  -0.10023 0.0575692
-0.0696663 -0.0723054  0.0626581
-0.0696843 -0.0726288   0.062674
-0.0700673 -0.0723054  0.0626581
-0.0697102 -0.0728095  0.0623516
-0.0696386 -0.0690013  0.0640492
-0.0690364  -0.082603  0.0624034
-0.0690794 -0.0824746  0.0620771
-0.0689953  -0.082814  0.0623542
 0.0346662 -0.0989553  0.0585206
-0.0695443 -0.0729743  0.0654483
-0.0699343 -0.0728051  0.0654874
0.0571676   -0.1027 0.0479715
0.0610935 -0.101145 0.0479113
-0.0699103 -0.0720231  0.0651138
-0.0693587  -0.067833  0.0653129
-0.0697418 -0.0777972  0.0609138
-0.0701338 -0.0777972  0.0611269
-0.0701438 -0.0777972  0.0609138
-0.0697698 -0.0777408   0.060355
-0.0697718  -0.077596  0.0605158
-0.0701708 -0.0777409   0.060355
-0.0695067 -0.0785053  0.0644497
-0.0699087 -0.0785053  0.0644496
-0.0698807 -0.0788493  0.0644105
-0.0695465 -0.0807387  0.0583357
-0.0700996 -0.0794916  0.0583837
-0.0699505 -0.0807388  0.0583357
-0.0696115 -0.0800965  0.0587935
-0.0699915 -0.0803116  0.0587066
-0.0700155 -0.0800965  0.0587935
-0.0694506 -0.0798768  0.0629263
-0.0694756 -0.0797643  0.0627172
-0.0698546 -0.0798769  0.0629263
-0.0701333 -0.0722108  0.0611581
-0.0693685 -0.0699909  0.0640926
-0.0698954 -0.0717151  0.0649793
-0.0699035 -0.0703996   0.062626
-0.0695275 -0.0704648  0.0622431
-0.0695045 -0.0702825  0.0622865
-0.0699075 -0.0702826  0.0622865
0.0251225 -0.102044 0.0563927
0.0301284 -0.101566 0.0563955
0.0300504  -0.10067 0.0570312
0.0251185 -0.101992 0.0563501
-0.0692504 -0.0815617  0.0620645
-0.0692634 -0.0815618  0.0617977
-0.0696564 -0.0815618  0.0620645
0.0161655 -0.102525 0.0565429
0.00596765  -0.101912  0.0583639
0.0250494 -0.101077 0.0570339
0.00586614  -0.102832  0.0574452
0.00480725  -0.102915  0.0572868
0.00596355  -0.101917  0.0583445
0.00463194  -0.102778  0.0571153
0.00413547  -0.103047  0.0568429
-0.0696497 -0.0786124  0.0615835
-0.0700517 -0.0786125  0.0615834
-0.0700347  -0.078746  0.0617043
-0.0697312 -0.0737862  0.0626781
-0.0701322 -0.0737862   0.062678
-0.0701222 -0.0738123  0.0628819
0.00393126  -0.102004  0.0579526
-0.0694724 -0.0714534  0.0649856
-0.0694224 -0.0708285  0.0648164
-0.0694774 -0.0713596  0.0647531
0.00381309  -0.103158  0.0563393
0.00042545  -0.104268  0.0510091
-0.0695358 -0.0781622  0.0644276
-0.0699378 -0.0781622  0.0644276
0.0028143 -0.102216 0.0566126
0.00377579  -0.103216  0.0563581
-0.0697102 -0.0732637   0.062745
-0.0701112 -0.0732637   0.062745
-0.0701052 -0.0730823  0.0627094
-0.0034844  -0.104391   0.047778
-0.0700662 -0.0737906  0.0639194
-0.0689808 -0.0651034  0.0470282
-0.0699509 -0.0750018  0.0469887
-0.0699589 -0.0750009  0.0523967
-0.0700036  -0.079644  0.0604001
-0.0698902 -0.0725144  0.0527244
-0.0698232 -0.0728098  0.0598204
-0.0698072 -0.0726407   0.060007
-0.0702082 -0.0726407   0.060007
 0.0350164 -0.0572057  0.0619829
0.0351382 -0.054968 0.0598931
 0.0353344 -0.0574587  0.0616054
-0.0697786 -0.0789411  0.0532463
-0.0699689 -0.0750009  0.0523967
-0.0693116 -0.0800539  0.0649677
-0.0688789  -0.085188  0.0469893
-0.0696864 -0.0710293  0.0600631
-0.0700884 -0.0710293   0.060063
-0.0696697 -0.0784631  0.0614213
-0.0700717 -0.0784631  0.0614213
-0.0690042 -0.0833444   0.057278
-0.0686852  -0.084272  0.0595983
-0.0693763 -0.0817696  0.0551979
-0.0647544 -0.0928113  0.0583408
 -0.063374 -0.0953839  0.0469899
-0.0659186 -0.0908821  0.0601476
-0.0666007 -0.0893998  0.0624493
-0.0696901 -0.0749802  0.0637549
-0.0700861 -0.0748327  0.0638329
-0.0700911 -0.0749803  0.0637549
-0.0684822 -0.0845726  0.0619844
-0.0698791 -0.0734789   0.059078
-0.0698692 -0.0733524  0.0592437
-0.0702702 -0.0733525  0.0592436
-0.0578418  -0.099193  0.0560808
-0.0546654  -0.101641   0.047073
-0.0692636 -0.0692882  0.0642706
-0.0696686 -0.0692882  0.0642706
-0.0696406 -0.0691225  0.0643363
 -0.060643 -0.0971822  0.0563629
-0.0629262 -0.0950793  0.0570445
-0.0695194 -0.0705337  0.0625473
-0.0695394 -0.0707111  0.0625275
-0.0699224 -0.0705337  0.0625472
 0.0735101 -0.0729901  0.0359912
-0.0520966  -0.101595   0.055819
-0.0513465   -0.10191  0.0550696
-0.0531456  -0.101212  0.0560949
-0.0694195 -0.0707858  0.0647923
-0.0694045 -0.0706122   0.064745
-0.0485154  -0.103124  0.0509133
-0.0450862  -0.104221  0.0472935
-0.0446672  -0.104441  0.0466886
-0.0502176  -0.101336  0.0555555
-0.0698416  -0.079773  0.0633818
-0.0441913  -0.103288  0.0479944
-0.0450892  -0.104224  0.0472915
-0.0445932  -0.104489  0.0467356
-0.0442603  -0.103407  0.0479454
-0.0530486  -0.101009   0.056843
-0.0502036  -0.100954  0.0554075
-0.0697329  -0.076194   0.062607
-0.0695185 -0.0694886  0.0598024
-0.0699225 -0.0694886  0.0598024
-0.0564847 -0.0999009  0.0561294
-0.0531296  -0.101174  0.0560508
-0.0528197  -0.100312  0.0570821
-0.0696163 -0.0718863  0.0630377
-0.0696314 -0.0703607  0.0597158
-0.0700334 -0.0703608  0.0597158
-0.0630982 -0.0951073  0.0571388
-0.0584428 -0.0987201   0.056126
-0.0564887 -0.0999079  0.0561328
-0.0697629 -0.0767225  0.0616825
-0.0698298 -0.0775558  0.0591432
-0.0698268 -0.0774353  0.0593811
-0.0702278 -0.0774353  0.0593811
-0.0695014 -0.0710923  0.0639063
-0.0694634 -0.0710221   0.064462
-0.0694674 -0.0708011  0.0640106
-0.0693705 -0.0699998  0.0641016
-0.0697465 -0.0699998  0.0645706
-0.0697745 -0.0699999  0.0641016
-0.0696317  -0.078453  0.0622299
-0.0695777 -0.0789282  0.0624604
-0.0696378 -0.0782205  0.0624674
-0.0647924 -0.0928223  0.0583617
-0.0666637 -0.0895018  0.0624246
-0.0672974 -0.0842059  0.0752702
-0.0665527 -0.0893498  0.0623731
-0.0657397 -0.0900207  0.0628241
-0.0684232 -0.0844242  0.0636656
-0.0674041  -0.086474  0.0685068
-0.0686113 -0.0839722  0.0657027
-0.0686052 -0.0846085  0.0620058
-0.0684553 -0.0837473  0.0658803
-0.0695105 -0.0704711  0.0625436
-0.0694985 -0.0702234  0.0623008
-0.0698227 -0.0780721  0.0592262
-0.0698117 -0.0781557  0.0584107
-0.0697987 -0.0781209  0.0589791
-0.0696621  -0.074655  0.0642413
-0.0700621  -0.074655  0.0642413
-0.0700591 -0.0744815  0.0642674
-0.0696915 -0.0812424  0.0623928
-0.0694005 -0.0708334  0.0651832
-0.0698035 -0.0708334  0.0651832
-0.0697865 -0.0706642  0.0651831
-0.0695278 -0.0779457  0.0645332
-0.0694858 -0.0781079  0.0653022
-0.0695058 -0.0779281  0.0650658
-0.0694683 -0.0817152  0.0552711
-0.0699336 -0.0788345  0.0531253
-0.0692102 -0.0834205  0.0572485
-0.0697102 -0.0728095  0.0623516
-0.0691446 -0.0685455  0.0642964
-0.0690997 -0.0683409  0.0644575
-0.0695067 -0.0683409  0.0644575
-0.0687155 -0.0813676  0.0691491
-0.0677564 -0.0833974   0.074894
-0.0679938 -0.0799734  0.0786895
-0.0668214 -0.0841247  0.0752302
-0.0670528 -0.0804261  0.0795286
-0.0681463 -0.0749965  0.0801088
-0.0690342 -0.0749979  0.0715777
-0.0681723 -0.0749965  0.0801128
-0.0689719 -0.0778915  0.0711302
-0.0688717  -0.079591  0.0704045
-0.0697036  -0.079395  0.0585003
-0.0700956 -0.0794111  0.0587295
-0.0701056 -0.0793951  0.0585003
-0.0689634 -0.0719101  0.0710654
-0.0690612 -0.0749982  0.0715805
-0.0688576 -0.0702078  0.0702913
-0.0679947 -0.0700195   0.078688
-0.0671593 -0.0750229  0.0809768
-0.0671323 -0.0749533  0.0809148
-0.0700484 -0.0705868  0.0599636
-0.0689085 -0.0708181  0.0704381
-0.0691822  -0.074975  0.0716837
-0.0689759 -0.0781586    0.07088
-0.0692412 -0.0750198  0.0716425
-0.0696528 -0.0780947  0.0623703
-0.0700538 -0.0780949  0.0623703
-0.0688595 -0.0814445  0.0692416
-0.0379546 -0.0657505  0.0359877
-0.0689847 -0.0678331  0.0647785
-0.0693577 -0.0676855  0.0648965
-0.0693937 -0.0678331  0.0647785
-0.0695173 -0.0724796  0.0654483
-0.0699193 -0.0724797  0.0654482
-0.0699153 -0.0723303  0.0653606
-0.0698807 -0.0788493  0.0644105
-0.0695902  -0.073539  0.0650612
-0.0699912  -0.073539  0.0650612
-0.0699772 -0.0733954  0.0652099
-0.0446302  -0.104305  0.0466875
-0.0696861 -0.0748327  0.0638329
-0.0695694 -0.0713996  0.0632084
 -0.069733 -0.0760138  0.0627286
-0.0697349 -0.0761707  0.0626281
 -0.070134 -0.0760139  0.0627286
-0.0569695 -0.0990036  0.0319956
-0.0697447 -0.0779944  0.0605486
-0.0701437 -0.0781031  0.0604244
-0.0701457 -0.0779944  0.0605486
-0.0640541 -0.0926253  0.0319895
-0.0699315 -0.0704649  0.0622431
-0.0699974 -0.0711332  0.0622432
-0.0672137 -0.0856626  0.0319904
-0.0686407  -0.075004  0.0319888
-0.0668288 -0.0625425  0.0319849
-0.0695396 -0.0800978   0.060547
-0.0672266 -0.0643106  0.0319871
-0.0653301 -0.0596854  0.0319864
-0.0653223 -0.0902724  0.0319911
-0.0626469 -0.0941791  0.0319918
-0.0626434 -0.0557631  0.0319859
-0.0592726 -0.0973288  0.0319923
-0.0592497 -0.0525968  0.0319854
-0.0553254 -0.0997395  0.0319927
-0.0497015   -0.09893  0.0319926
-0.0552789 -0.0501685  0.0319851
-0.0549525 -0.0880024  0.0319909
-0.0535709 -0.0940643  0.0319919
-0.0690057 -0.0666558  0.0572756
-0.0685289 -0.0654522  0.0612836
-0.0694474 -0.0707737  0.0643164
-0.0695028 -0.0782788  0.0648235
-0.0695338 -0.0782499  0.0644633
-0.0694958 -0.0784759  0.0646443
-0.0696004 -0.0695531  0.0540949
 -0.069704 -0.0752959  0.0634961
-0.0696911 -0.0750024  0.0637409
-0.0684259 -0.0655738  0.0636597
-0.0695966 -0.0792899  0.0613493
-0.0696087 -0.0790938  0.0615151
-0.0699986 -0.0792899  0.0613493
-0.0702242 -0.0728099  0.0598204
-0.0689207 -0.0667172  0.0572864
-0.0688378  -0.065926  0.0591734
-0.0686469 -0.0654172  0.0612455
-0.0696936 -0.0794111  0.0587295
-0.0666003 -0.0606028  0.0624506
-0.0674062  -0.063523  0.0685032
 -0.067758 -0.0665971  0.0748915
-0.0684449 -0.0661174   0.065562
-0.0685999 -0.0661447  0.0658494
-0.0694047 -0.0794406  0.0646043
-0.0699101  -0.073874  0.0585617
-0.0703101 -0.0738741  0.0585617
-0.0703091 -0.0740865  0.0587309
-0.0669172 -0.0596613  0.0468364
-0.0665954 -0.0605178  0.0624261
-0.0660024 -0.0592751  0.0603386
-0.0695746 -0.0796912  0.0595877
-0.0696476 -0.0794735  0.0597324
-0.0699523 -0.0725337  0.0649659
-0.0650116 -0.0575673  0.0586303
-0.0697667 -0.0782148  0.0595854
-0.0697607 -0.0779865  0.0605304
-0.0650536 -0.0575423   0.058649
-0.0666604 -0.0605098  0.0624137
-0.0611679 -0.0523157  0.0470534
-0.0636007 -0.0556743  0.0573969
-0.0620089 -0.0539933  0.0566821
-0.0620679 -0.0539503  0.0567074
-0.0590171 -0.0516401  0.0561563
-0.0454529 -0.0842509  0.0379904
-0.0479529 -0.0842511  0.0379904
-0.0695046 -0.0799091   0.061794
-0.0694796 -0.0800711  0.0619036
-0.0698836 -0.0800711  0.0619036
-0.0549273 -0.0494398  0.0560723
-0.0697332 -0.0738022  0.0626853
-0.0696292  -0.073752  0.0644072
-0.0690037 -0.0680197  0.0650526
-0.0694107 -0.0680197  0.0650526
-0.0693807 -0.0679025  0.0651827
-0.0695966 -0.0792899  0.0613493
-0.0553962 -0.0487232  0.0469059
-0.0560232 -0.0510167  0.0571099
-0.0564492 -0.0501739  0.0560756
-0.0591801 -0.0516271  0.0562097
-0.0696502 -0.0740294  0.0642848
-0.0700512 -0.0740295  0.0642847
-0.0700442 -0.0738646  0.0643325
 -0.069727 -0.0753106  0.0630471
 -0.070128 -0.0753107  0.0630471
 -0.070119 -0.0753974  0.0632077
-0.0539283 -0.0490457  0.0558372
-0.0548023 -0.0496996  0.0568532
-0.0549233 -0.0494737  0.0560811
-0.0697348 -0.0776041  0.0613407
-0.0701358 -0.0776041  0.0613407
-0.0701328 -0.0777488  0.0612122
-0.0479546 -0.0657511  0.0379876
-0.0479546 -0.0657514  0.0359876
-0.0531703 -0.0486907  0.0551416
-0.0503014 -0.0473641  0.0512797
-0.0520043 -0.0492655   0.055697
-0.0519873 -0.0496216  0.0555407
-0.0454024 -0.0467901  0.0479497
-0.0695285 -0.0704648  0.0622431
-0.0694386 -0.0797729  0.0633818
-0.0694136 -0.0797729  0.0638269
-0.0698166 -0.0797729  0.0638269
-0.0698685 -0.0702691  0.0630052
-0.0697862 -0.0726103  0.0604851
-0.0702192 -0.0729358  0.0600939
-0.0701872 -0.0726104   0.060485
-0.0530712 -0.0499695  0.0566039
-0.0692955 -0.0813116  0.0620959
-0.0697362 -0.0734915  0.0624082
-0.0697062 -0.0727297  0.0623397
-0.0694526 -0.0802353  0.0620129
-0.0694145 -0.0804701  0.0621514
-0.0698185 -0.0804702  0.0621514
-0.0687167 -0.0686289  0.0691472
-0.0698382 -0.0731484  0.0598467
-0.0702382 -0.0731485  0.0598466
-0.0702192 -0.0729358  0.0600939
-0.0697168 -0.0777903  0.0611502
-0.0697428 -0.0774071  0.0614291
-0.0697629 -0.0767225  0.0616825
-0.0701639 -0.0767226  0.0616825
-0.0689237 -0.0685716  0.0692074
-0.0696417 -0.0785765   0.061926
-0.0694535 -0.0700304  0.0626821
-0.0698415 -0.0700039  0.0629121
-0.0670507 -0.0695017  0.0794959
 -0.066803 -0.0659107  0.0751994
 -0.066847 -0.0657894  0.0752824
-0.0612876  -0.054171  0.0319856
-0.0695365 -0.0693974  0.0590476
-0.0699275 -0.0693583  0.0592428
-0.0697257 -0.0784979  0.0600953
-0.0701177 -0.0786687  0.0599772
-0.0701277 -0.0784979  0.0600953
 0.0743859 -0.0819407  0.0359925
-0.0697328 -0.0777971  0.0611269
-0.0697157 -0.0786687  0.0599772
-0.0697077 -0.0788084  0.0598841
-0.0701097 -0.0788084  0.0598841
-0.0692244 -0.0815649  0.0625413
-0.0695724 -0.0818609  0.0626765
-0.0696304 -0.0815649  0.0625412
-0.0349475 -0.0453463  0.0407556
-0.0402555 -0.0454514  0.0430096
 -0.047954 -0.0498778  0.0319852
-0.0530805 -0.0550043  0.0319859
-0.0549549 -0.0620024  0.0319869
-0.0697038 -0.0778391  0.0616899
-0.0697363 -0.0719107  0.0606063
-0.0701373 -0.0719107  0.0606063
-0.0695726 -0.0793525  0.0616974
-0.0695336 -0.0797097  0.0616975
-0.0699366 -0.0797098  0.0616975
-0.0240084  -0.101363  0.0395423
-0.0349524  -0.101004  0.0359921
-0.0349464  -0.101545  0.0415902
0.00797023  -0.100946  0.0359937
-0.0695806  -0.079901  0.0601827
-0.0699836  -0.079901  0.0601827
-0.0699676 -0.0799678  0.0603552
-0.0694045 -0.0702174  0.0639797
-0.0694295  -0.070253  0.0636092
-0.0698075 -0.0702174  0.0639797
-0.0694485 -0.0702531  0.0632733
-0.0694655 -0.0702691  0.0630052
-0.0698515 -0.0702531  0.0632733
-0.0379514  -0.101425  0.0409932
-0.0404204  -0.101572  0.0443902
-0.0349444  -0.101508  0.0415932
-0.0349554  -0.101008  0.0359931
-0.0347523  -0.102006  0.0420593
-0.0695105 -0.0802231  0.0608484
-0.0130534  -0.101574  0.0415575
  -0.06975 -0.0758651  0.0624553
 -0.070146 -0.0757284  0.0625999
-0.0235433  -0.101835  0.0400004
-0.0130434  -0.101553  0.0415775
-0.00412861   -0.101995   0.0468447
-0.0699986 -0.0792899  0.0613493
-0.0696919 -0.0763255  0.0633741
-0.0696989 -0.0765384  0.0631295
-0.0693155 -0.0811559  0.0621022
-0.0698781  -0.073716   0.059307
-0.0699081 -0.0737535  0.0584997
-0.00440636   -0.102497   0.0471787
-0.00412161   -0.101985   0.0468457
-2.26181e-05    -0.101195    0.0509926
-0.0040592  -0.102008  0.0468107
-0.00439968   -0.102312   0.0471927
-0.0691396 -0.0687405  0.0649131
-0.0690607 -0.0682153  0.0651341
-0.0690177 -0.0679849  0.0647265
-0.0694257 -0.0679849  0.0647265
-0.0696006 -0.0796439  0.0604002
3.97825e-05   -0.101212   0.0510716
0.0206356 -0.101979  0.046674
-0.00403041   -0.101983   0.0468137
0.0500526 -0.100934 0.0359952
0.0487566 -0.101941 0.0463573
 0.0165132 -0.0993492  0.0565862
0.0483716 -0.101975 0.0463723
  -0.06978 -0.0755228  0.0619448
 -0.069769 -0.0754195   0.062204
 -0.069776 -0.0753168   0.062082
0.00378189 -0.0999713  0.0569188
-0.0695998 -0.0773398  0.0631917
-0.0695958 -0.0773372   0.063654
-0.0696609 -0.0770333  0.0634415
0.00456537 -0.0998181  0.0574313
0.00585926  -0.099713  0.0576055
-0.0697287 -0.0780597  0.0608222
-0.0700048  -0.077606  0.0639183
 0.0264522 -0.0986823  0.0562996
 0.0365023 -0.0997811  0.0518658
-0.0694968 -0.0782146  0.0650107
-0.0698988 -0.0782146  0.0650107
-0.0698918 -0.0781703  0.0651715
0.0500506  -0.10197 0.0461803
-0.0697972 -0.0725408  0.0601068
-0.0701803 -0.0723491  0.0602722
-0.0701982 -0.0725408  0.0601068
-0.0695953 -0.0727349  0.0644054
-0.0696093 -0.0725852  0.0640063
-0.0696113  -0.072756  0.0641445
-0.0699756 -0.0793526  0.0616974
0.0552996 -0.101452 0.0456053
0.0500646 -0.101084 0.0359962
0.0500496  -0.10202 0.0461753
0.0375154 -0.100123 0.0513769
0.0541776  -0.10158 0.0457103
0.0484156 -0.102115 0.0464433
-0.0696065 -0.0700511  0.0593968
0.0504657 -0.101786 0.0359953
-0.0379484  -0.100973  0.0359931
0.0500486 -0.100931 0.0359952
0.0527267 -0.101652 0.0359953
0.0539976 -0.100573 0.0359952
-0.0697119 -0.0766151  0.0627986
-0.0702801  -0.073479   0.059078
-0.00795657   -0.101998   0.0359936
-0.0698267 -0.0780189  0.0583875
-0.0703041  -0.074195  0.0589131
-0.0693195 -0.0810396  0.0623736
-0.0697245 -0.0810396  0.0623735
-0.0697298 -0.0771407  0.0619767
-0.0697238 -0.0773055  0.0619284
-0.0701248 -0.0773055  0.0619284
-0.0700155 -0.0698489  0.0586216
-0.0696138 -0.0781714  0.0630138
-0.0696638 -0.0777014  0.0627038
-0.0696087 -0.0783142  0.0628942
-0.0689767 -0.0677941  0.0647959
-0.0688907 -0.0676296  0.0656138
-0.0688518 -0.0673331  0.0652831
-0.0695867  -0.079198  0.0617553
 0.0705079 -0.0926925  0.0359941
0.0750535 -0.088253 0.0359935
 0.0751555 -0.0890284  0.0399346
 0.0753795 -0.0893487  0.0448567
0.0749695 -0.088461 0.0359925
-0.0695368 -0.0779692  0.0646401
-0.0695218 -0.0779691  0.0649014
-0.0699228 -0.0779692  0.0649014
-0.0696458 -0.0780987  0.0625025
-0.0700347 -0.0782934  0.0624581
-0.0700468 -0.0780987  0.0625025
-0.0700673 -0.0723054  0.0626581
 0.0701807 -0.0911365  0.0359939
 0.0652442 -0.0963309  0.0359946
-0.0700413 -0.0721158  0.0629258
 0.0753195 -0.0893807  0.0448647
  0.068536 -0.0943786  0.0359914
 0.0671931 -0.0964834  0.0450717
 0.0748965 -0.0885211  0.0359926
 0.0594025 -0.0991535   0.035995
 0.0606705 -0.0992493   0.035995
 0.0615544 -0.0982173  0.0359949
-0.0696993 -0.0724061  0.0621174
 0.0632844 -0.0980361  0.0360069
-0.0691654 -0.0818608  0.0626765
 0.0578515 -0.0996256  0.0359951
0.0555906 -0.101155 0.0359953
-0.0697368 -0.0775845  0.0613562
 0.0449573 -0.0987505  0.0507308
0.0582145 -0.100569 0.0454382
 0.0621263 -0.0990478   0.045256
-0.0696907 -0.0783172  0.0612288
 0.0662891 -0.0968404  0.0451087
 0.0555547 -0.0921916  0.0505269
 0.0707839 -0.0936791  0.0449793
 0.0754395 -0.0891247  0.0447927
-0.0697212 -0.0738123  0.0628819
-0.0695903 -0.0722792  0.0640071
-0.0695653 -0.0723743  0.0645399
-0.0695683 -0.0721587  0.0642695
 0.0635742 -0.0524301  0.0359879
  0.060675 -0.0494973  0.0359874
 0.0555679 -0.0488238  0.0359872
 0.0523348 -0.0482011  0.0359871
 0.0520909 -0.0486261  0.0359872
 0.0547609 -0.0485719  0.0359802
-0.0696463  -0.071559   0.061961
-0.0700334 -0.0714548  0.0620956
-0.0700483  -0.071559   0.061961
 0.0613758 -0.0487628  0.0455993
 0.0581479 -0.0489866  0.0359873
 0.0662891 -0.0509868  0.0359877
-0.0696966 -0.0794915  0.0583837
 0.0736733 -0.0539988  0.0449183
 0.0728344 -0.0544482  0.0359883
 0.0699238 -0.0584955  0.0359889
 0.0779817 -0.0586994   0.044749
 0.0775069 -0.0595268  0.0359891
 0.0776129 -0.0597448  0.0359892
 0.0775209 -0.0600488  0.0359922
 0.0779237 -0.0588084   0.044756
 0.0771169 -0.0594599  0.0360161
-0.0698671 -0.0739573  0.0597763
-0.0698671 -0.0741158  0.0598544
-0.0695135 -0.0694189  0.0597033
-0.0695245 -0.0693529  0.0591959
-0.0698801 -0.0742604  0.0595901
-0.0698891 -0.0742821  0.0593516
-0.0702801 -0.0742604  0.0595901
 0.0575213 -0.0547064  0.0502622
 0.0753854 -0.0557337  0.0448515
 0.0779917 -0.0590564  0.0446901
 0.0645812 -0.0651488  0.0499959
 0.0720232 -0.0530399  0.0449971
 0.0647569 -0.0498015  0.0453935
-0.0696028  -0.077606  0.0639183
 0.0464819 -0.0507493  0.0511014
 0.0574587 -0.0483731  0.0458622
 0.0500439 -0.0485283  0.0359841
 0.0500437 -0.0479807   0.046336
 0.0486997 -0.0479778   0.046391
-0.0694145 -0.0804701  0.0621514
-0.0697845 -0.0806793  0.0622479
-0.0349401  -0.048691  0.0359731
 0.0500449 -0.0484803  0.0359751
 0.0500427 -0.0479767   0.046349
-0.0695767 -0.0790807  0.0621905
-0.0699787 -0.0790808  0.0621905
-0.0699577 -0.0792377  0.0622991
-0.0696612 -0.0737926  0.0639282
-0.0459529 -0.0842512  0.0359904
 0.0490438 -0.0479924   0.035987
0.00747159 -0.0486692  0.0359866
 0.0348871 -0.0547747  0.0619912
-0.0696556 -0.0792868  0.0600216
-0.0696896  -0.079141  0.0595559
-0.0695136 -0.0795416  0.0624729
-0.0695256 -0.0793628  0.0626081
-0.0697397 -0.0779944  0.0606541
-0.0701417 -0.0779944  0.0606541
-0.0701297 -0.0780597  0.0608222
-0.0697367 -0.0782614  0.0602786
-0.0701387 -0.0782614  0.0602786
-0.0696551 -0.0742377  0.0642673
-0.0700561 -0.0742378  0.0642673
-0.0693415 -0.0811579  0.0615826
-0.0693415 -0.0811016  0.0617524
-0.0696984 -0.0712555   0.060268
-0.0700884 -0.0710293   0.060063
-0.0701004 -0.0712556  0.0602679
-0.0702308 -0.0775559  0.0591432
-0.0696741 -0.0742549  0.0639412
-0.0696652 -0.0738339  0.0639411
-0.0700662 -0.0738339  0.0639411
 0.0379308 -0.0497941  0.0513542
-0.0031037 -0.0479845  0.0467724
0.0296869 -0.051068 0.0563037
 0.0215447 -0.0479903  0.0466297
 0.0487057 -0.0479808   0.046386
0.0380068  -0.04969 0.0513602
0.00751586 -0.0500659  0.0574081
-0.0030233 -0.0479985  0.0467464
 0.0250588 -0.0507025  0.0563288
-0.0693926 -0.0799855   0.063731
-0.0694046 -0.0799693  0.0635583
-0.0697966 -0.0799855   0.063731
 0.0172418 -0.0502981  0.0565612
-0.0700856 -0.0790693  0.0598842
-0.00513118  -0.0480279   0.0452884
0.00628005  -0.049989  0.0572421
0.00542014 -0.0498112   0.056723
-0.0697042 -0.0730823  0.0627094
0.00205582 -0.0489162  0.0517416
-0.0691376 -0.0686233  0.0646225
-0.0695107 -0.0684671  0.0647309
-0.0700741 -0.0742549  0.0639412
-0.0699648 -0.0777561  0.0644351
0.00155167 -0.0483882  0.0520375
-0.0030488 -0.0479965  0.0467404
0.00218951 -0.0487772  0.0518756
-0.00340985  -0.0475234   0.0472093
-0.00788045  -0.0480954   0.0436164
-0.0031284 -0.0480445  0.0467884
-0.0117042  -0.048207  0.0418373
-0.0117342  -0.048212  0.0418293
-0.0170502 -0.0483467  0.0402443
-0.0698382 -0.0729922   0.059673
-0.0695557 -0.0792375  0.0622991
-0.0245622 -0.0484475  0.0395332
-0.0693995 -0.0700037  0.0636026
-0.0693625 -0.0697867  0.0637674
-0.0697665 -0.0697867  0.0637674
-0.0689227 -0.0675858  0.0649962
-0.0692998 -0.0674686  0.0651176
-0.0693307 -0.0675858  0.0649962
-0.0245802 -0.0484815  0.0395512
-0.069771 -0.075886 0.0620321
 -0.069777 -0.0756642  0.0619922
 -0.070172 -0.0758861  0.0620321
-0.0696454 -0.0705868  0.0599636
-0.0349362 -0.0483522  0.0413751
-0.0697793 -0.0723491  0.0602722
-0.0379561 -0.0489183  0.0359851
-0.0349362 -0.0483582  0.0413751
-0.0379602 -0.0483815   0.040991
-0.0406092 -0.0484263   0.043976
-0.0448712 -0.0486562   0.046961
-0.0348993 -0.0477782   0.041576
-0.0691446 -0.0685455  0.0642964
-0.0695506 -0.0685455  0.0642964
-0.0347683 -0.0478741   0.041825
-0.0349382 -0.0483632  0.0413761
-0.0349391  -0.048849  0.0359852
-0.0409562 -0.0480006  0.0359849
-0.0379541 -0.0489023  0.0359851
-0.0694176 -0.0799694   0.063321
-0.0698086 -0.0799694  0.0635582
 0.0338396 -0.0489084  0.0577332
 0.0313546 -0.0480239  0.0564931
 0.0310647 -0.0489548  0.0571377
-0.0696153  -0.071874  0.0630509
-0.0700173 -0.0718741  0.0630509
-0.0700023 -0.0716947  0.0630728
  0.033394 -0.0522705   0.057431
 0.0322689 -0.0516177  0.0567538
0.0297529 -0.051034 0.0563031
-0.0693906 -0.0799877  0.0637672
-0.0693116 -0.0803074  0.0643952
 0.0297268 -0.0506129   0.057013
 0.0250088 -0.0507275  0.0563347
-0.0700711 -0.0749892  0.0641199
-0.0695238 -0.0782914  0.0644496
 0.0250038 -0.0507505  0.0563471
0.00754323 -0.0497939  0.0574644
0.00760321 -0.0495838  0.0580045
0.00625066  -0.050099  0.0572683
0.00506294 -0.0497453  0.0561792
0.00560785 -0.0498871  0.0568342
  0.004611 -0.0492733  0.0565324
 0.0045758 -0.0492863  0.0565463
-0.0695507 -0.0791697  0.0625225
-0.0695276 -0.0793476  0.0626085
-0.0699306 -0.0793476  0.0626085
-0.0696689  -0.077117  0.0632073
-0.0700699  -0.077117  0.0632073
-0.0700598  -0.077314  0.0632073
-0.0693895 -0.0704309  0.0646622
-0.0696748 -0.0774025  0.0627972
-0.0695313 -0.0720998  0.0648358
-0.0696087 -0.0790938  0.0615151
-0.0696187 -0.0789281   0.061643
-0.0700107 -0.0790939  0.0615151
-0.0695825 -0.0801856  0.0592605
-0.0695995 -0.0801215  0.0590452
-0.0699865 -0.0801856  0.0592605
-0.0696014 -0.0715905  0.0629036
-0.0700034 -0.0715906  0.0629036
-0.0459546 -0.0657512  0.0359876
 -0.069718 -0.0753974  0.0632077
 0.0707769 -0.0710576  0.0359908
 0.0684548 -0.0713185  0.0489558
 0.0707768 -0.0710558  0.0481088
 0.0707829 -0.0710959  0.0359908
 0.0713128 -0.0708287  0.0479158
-0.0696278 -0.0775536  0.0629439
 0.0667159 -0.0727728   0.049649
-0.0693466 -0.0801824  0.0641016
-0.0693026 -0.0804386   0.064269
-0.0695698 -0.0781933  0.0637811
-0.0696068 -0.0779079  0.0634966
-0.0695838 -0.0781365  0.0636168
 0.0658813 -0.0748328  0.0359924
 0.0660461 -0.0749894  0.0499314
 0.0660451 -0.0749893  0.0499294
0.0665963 -0.077012 0.0496627
 0.0635218 -0.0829424  0.0502046
 0.0660441 -0.0749893  0.0499254
 0.0666473 -0.0773683  0.0495927
-0.0697128  -0.077636  0.0617794
-0.0696781 -0.0745028   0.063924
 0.0482179 -0.0629252  0.0571667
0.0711818  -0.07092 0.0478588
  0.050072 -0.0749904  0.0572522
 0.0352122 -0.0556569  0.0603716
   0.03434 -0.0532803  0.0584128
 0.0778497 -0.0590414  0.0447881
 0.0778148 -0.0595301  0.0407462
 0.0746183 -0.0650675   0.046476
 0.0779278 -0.0593344  0.0448411
 0.0775149 -0.0600508  0.0359892
 0.0713008 -0.0708142  0.0479178
-0.0696884 -0.0705346  0.0587258
-0.0700764 -0.0703696  0.0586217
-0.0696603 -0.0716327  0.0617962
 0.0713019 -0.0708161  0.0359908
 0.0485406 -0.0813266  0.0573911
  0.050059 -0.0749904   0.057259
-0.0695868 -0.0779316  0.0638291
-0.0696058 -0.0777817  0.0636684
-0.0698498 -0.0777123  0.0588737
-0.0698438 -0.0775673   0.058719
-0.0695235 -0.0693583  0.0592428
-0.0699205 -0.0693583   0.059425
 0.0352629 -0.0749906  0.0662134
 0.0352693 -0.0682055  0.0656921
 0.0352869 -0.0633563  0.0644959
-0.0694484  -0.071242  0.0650574
 -0.069727 -0.0756878  0.0629634
 -0.069738 -0.0755612  0.0628092
-0.0695856 -0.0799212  0.0599931
-0.0695776 -0.0800284  0.0598656
-0.0699816 -0.0800284  0.0598656
-0.0696314 -0.0714548  0.0620956
-0.0694785 -0.0700145  0.0627343
-0.0697318 -0.0777488  0.0612122
 0.0322109 -0.0516637  0.0567411
  0.034365 -0.0533553  0.0584434
 0.0300968 -0.0505979   0.056886
0.0299989 -0.051095 0.0562987
 0.0352661 -0.0773871  0.0660466
-0.0698335  -0.070253  0.0636091
 0.0350461 -0.0774422  0.0664572
 0.0350119 -0.0749899  0.0666169
 0.0350453 -0.0681382  0.0661036
 0.0350459 -0.0749903  0.0666258
 0.0352379 -0.0749917  0.0661912
 0.0350449 -0.0632202  0.0649019
 0.0353314 -0.0574587  0.0616068
-0.0700791 -0.0745028   0.063924
 0.0349341 -0.0545351  0.0594693
-0.0692865 -0.0812424  0.0623928
 0.0754024 -0.0888386  0.0449596
  0.073109 -0.0839208  0.0465688
 0.0709335 -0.0792561  0.0479041
-0.0696882 -0.0734706  0.0629216
 0.0752365 -0.0884834  0.0399686
-0.0693625 -0.0697867  0.0637674
-0.0697395 -0.0696175  0.0638454
-0.0696558 -0.0779125  0.0625664
0.0749835  -0.08794 0.0359935
 0.0709337 -0.0792579  0.0359921
 0.0708185 -0.0790605  0.0480151
-0.0698838 -0.0771424  0.0582384
-0.0698658 -0.0772176  0.0586396
-0.0698858 -0.0769838  0.0583918
 -0.069729 -0.0758208  0.0628894
  -0.07013 -0.0758209  0.0628894
-0.0696652 -0.0734332  0.0637077
-0.0700502 -0.0734332  0.0640034
-0.0700662 -0.0734333  0.0637077
0.0299471  -0.09831 0.0562405
 0.0289942 -0.0984191  0.0562872
-0.0697828 -0.0778181  0.0599318
-0.0698148 -0.0774552  0.0596965
 0.0313371 -0.0978909  0.0563791
  0.033049 -0.0965886  0.0571455
 0.0348446 -0.0929841  0.0592534
 0.0340358 -0.0951254  0.0580346
-0.0690637 -0.0681933  0.0646094
-0.0694707 -0.0681934  0.0646094
 0.0352554 -0.0904759  0.0607358
-0.0693415 -0.0809055  0.0623496
-0.0694435 -0.0804105  0.0617256
-0.0697427  -0.078103  0.0604244
 0.0681824 -0.0785275  0.0489549
-0.0695807 -0.0784184  0.0632528
-0.0695807 -0.0785034  0.0631321
-0.0689727 -0.0679024  0.0651827
 0.0704325 -0.0789697   0.048105
 0.0704326 -0.0789716   0.035992
 0.0709665 -0.0792234  0.0479021
 0.0709617 -0.0792309  0.0359921
-0.0697668 -0.0778697  0.0602345
-0.0701678 -0.0778697  0.0602345
-0.0700578 -0.0776061   0.062931
 0.0300672 -0.0987279   0.056988
0.0299721 -0.098304 0.0562429
-0.0702891 -0.0742821  0.0593516
  0.033043 -0.0965636  0.0571509
-0.0694295   -0.08038  0.0621063
-0.0699071 -0.0736786  0.0584835
-0.0699001 -0.0734486  0.0584619
-0.0703011 -0.0734487  0.0584619
-0.0699146 -0.0794531  0.0626947
-0.0702902 -0.0731537  0.0584618
-0.0698566 -0.0802353  0.0620129
-0.0699305 -0.0704649  0.0622431
 0.0352716 -0.0828451  0.0646633
-0.0695034 -0.0718886  0.0650247
-0.0698298 -0.0776484  0.0589945
-0.0696758 -0.0774025  0.0627972
-0.0700678 -0.0773663  0.0630143
-0.0695713 -0.0729753  0.0650133
-0.0699613 -0.0727623  0.0650132
-0.0699723 -0.0729753  0.0650133
 0.0350468 -0.0850297   0.064199
 0.0352815 -0.0816307  0.0650536
 0.0352978 -0.0848538  0.0638027
 0.0350473 -0.0893107  0.0619931
 0.0352952 -0.0890697  0.0615775
 0.0350465 -0.0817612  0.0654567
-0.0693355 -0.0696175  0.0638454
-0.0695646 -0.0799677  0.0603552
-0.0694594 -0.0711841  0.0647885
-0.0694374 -0.0709672  0.0648081
-0.0698404 -0.0709673  0.0648081
-0.0695972 -0.0732675  0.0647847
-0.0699852 -0.0731375  0.0649187
-0.0699982 -0.0732676  0.0647847
-0.0700568 -0.0779125  0.0625664
-0.0694924  -0.071535   0.064757
-0.0694754 -0.0713339  0.0647569
-0.0698774  -0.071334  0.0647569
-0.0693835 -0.0701937  0.0642871
-0.0697875 -0.0701937  0.0642871
-0.0700214 -0.0713592  0.0621781
-0.0691134  -0.082318   0.062039
-0.0689487 -0.0676855  0.0648965
-0.0699887  -0.079198  0.0617553
-0.0697257 -0.0784979  0.0600953
0.00282015  -0.100552   0.056598
0.00386319 -0.0999493  0.0569821
0.00331121  -0.100127  0.0562545
0.00282015  -0.100589   0.056603
-0.0697202 -0.0730352   0.062369
0.00454676 -0.0997181  0.0574629
 0.0249962 -0.0987505  0.0563176
0.00595299  -0.100191   0.058219
0.0059677 -0.100214 0.0581709
-0.0693795 -0.0806792  0.0622479
-0.0697495 -0.0808852  0.0623412
 0.0250022 -0.0987275  0.0563179
0.0290362 -0.098845 0.0570497
 0.0289952 -0.0984231  0.0562875
-0.0661931 -0.0835329  0.0471261
-0.0669549 -0.0750015  0.0471368
-0.0665821 -0.0749989  0.0638134
   -0.0649 -0.0663894  0.0748845
-0.0649239 -0.0839863  0.0359902
-0.0662171 -0.0836431  0.0471221
-0.0659797 -0.0750012  0.0359888
-0.0665064 -0.0688192  0.0471288
-0.0659537 -0.0654521  0.0471183
-0.0648384 -0.0835743  0.0749011
-0.0650843 -0.0749962  0.0804268
-0.0649057  -0.069966   0.078941
-0.0632948 -0.0891245  0.0625842
-0.0642811 -0.0859675  0.0694968
-0.0698614 -0.0711842  0.0647885
-0.0648958 -0.0801425  0.0788666
 0.0746057 -0.0690842  0.0359906
-0.0626293 -0.0916438  0.0470784
-0.0636567 -0.0899055  0.0627917
-0.0633038 -0.0891585  0.0625142
-0.0645734 -0.0834272  0.0749321
-0.0626786 -0.0903118   0.060574
-0.0699436 -0.0800978   0.060547
-0.0616805 -0.0917899   0.058976
-0.0631768 -0.0891765  0.0625225
-0.0615745 -0.0918569  0.0589277
-0.0601803  -0.093495  0.0577632
-0.0564268 -0.0973693  0.0470113
-0.0581011 -0.0952629   0.056972
-0.0699081 -0.0740865  0.0587309
-0.0582141 -0.0951599  0.0570175
  -0.05542 -0.0969177  0.0565671
-0.0696701 -0.0749926  0.0641182
-0.0520208 -0.0983844  0.0563843
-0.0697846 -0.0800296  0.0638483
-0.0496436  -0.100168  0.0469568
-0.0694315 -0.0804848  0.0617706
-0.0698355 -0.0804848  0.0617705
-0.0698115 -0.0806322  0.0618554
-0.0695164 -0.0718593  0.0647845
-0.0694924  -0.071535   0.064757
-0.0698944 -0.0715351   0.064757
-0.0695365 -0.0806923  0.0586341
-0.0504858 -0.0990085  0.0551511
-0.0510428 -0.0987614  0.0558417
-0.0518118 -0.0984604  0.0562945
-0.0509288 -0.0987674  0.0557595
-0.0502907 -0.0996344  0.0553802
-0.0517728 -0.0989023  0.0568759
-0.0698268 -0.0774201  0.0594203
-0.0480706   -0.10007  0.0514128
-0.0438855  -0.101406  0.0469211
-0.0436834  -0.101677  0.0471961
-0.0501647 -0.0994724  0.0554516
-0.0439075  -0.101388  0.0469271
-0.0694407 -0.0792629   0.064347
-0.0479935  -0.100247  0.0409939
-0.0522766 -0.0993889  0.0469727
-0.0438295  -0.101401  0.0469431
-0.0703071 -0.0736787  0.0584835
-0.0479625 -0.0996562  0.0359928
-0.0696973 -0.0722932  0.0620045
-0.0696983 -0.0721587   0.061805
-0.0700993 -0.0722932  0.0620045
-0.0700768 -0.0776599  0.0625077
-0.0573609  -0.095601   0.035993
-0.0599761 -0.0947036  0.0470489
-0.0615462 -0.0913064  0.0359913
-0.0637145 -0.0897259  0.0470941
-0.0655623 -0.0749883  0.0810308
-0.0653607 -0.0695894   0.079502
-0.0655693  -0.075006  0.0810088
-0.0653577 -0.0805042  0.0794256
-0.0646074 -0.0834684  0.0749531
-0.0698035 -0.0700037  0.0636026
-0.0650944 -0.0840424  0.0751892
-0.0454514  -0.100348  0.0379929
-0.0459515  -0.100053  0.0359929
-0.0441073  -0.101641  0.0359931
-0.0429644  -0.100529   0.035993
-0.0468144  -0.100714   0.035993
-0.0479529 -0.0842514  0.0359904
-0.0454474  -0.100388  0.0379929
-0.0459564  -0.100099  0.0359939
-0.0454544  -0.100376  0.0379939
-0.0404514  -0.100991  0.0379931
-0.0399514  -0.100826  0.0359931
-0.0410763  -0.101992  0.0359932
-0.0693445 -0.0808852  0.0623412
-0.0702811 -0.0739393   0.059395
-0.0694647 -0.0788717  0.0653794
-0.0693937 -0.0791152  0.0653586
-0.0656612 -0.0697628   0.035988
-0.0659797 -0.0750003  0.0359888
-0.0650785 -0.0660816  0.0359874
-0.0349434  -0.101487  0.0416392
-0.0438115   -0.10148  0.0469631
-0.0696453 -0.0726358   0.063421
-0.0379514  -0.100946  0.0359921
-0.0379529 -0.0842502  0.0379905
-0.0379514  -0.101432  0.0409932
-0.0379514  -0.100938  0.0359931
-0.0698892 -0.0731536  0.0584619
-0.0379562 -0.0484745  0.0409851
-0.0479515  -0.100091  0.0409928
-0.0431494  -0.100982   0.040993
-0.0429538 -0.0750002  0.0409891
-0.0431551  -0.048942  0.0409851
-0.0479515 -0.0996132  0.0359928
-0.0479515  -0.100096  0.0409928
-0.0479561 -0.0498534  0.0409851
 -0.047956 -0.0503062  0.0359852
-0.0479515 -0.0996182  0.0359928
-0.0492715 -0.0992603  0.0359927
  -0.05345 -0.0943087  0.0359919
-0.0558238 -0.0964729  0.0359922
-0.0486425 -0.0997363  0.0359848
-0.0694603 -0.0825916  0.0621516
-0.0560507 -0.0536189  0.0359856
 -0.058974 -0.0941542  0.0359918
-0.0549549 -0.0620018  0.0359869
-0.0549525 -0.0880018  0.0359909
-0.0593624 -0.0561692   0.035986
-0.0618782 -0.0591255  0.0359864
-0.0645477 -0.0646527  0.0359872
-0.0603267  -0.056648  0.0578421
-0.0604396 -0.0556246  0.0470419
-0.0595427 -0.0557922  0.0557212
-0.0696528 -0.0775226  0.0631005
-0.0603006 -0.0557506  0.0470429
-0.0642691  -0.061215  0.0471007
-0.0602406 -0.0557507  0.0465389
-0.0570466 -0.0557505  0.0460689
-0.0603176 -0.0557506  0.0472329
-0.0542346   -0.05575   0.047647
-0.0695143 -0.0723312  0.0653613
-0.0699123 -0.0721273  0.0651963
-0.0537827  -0.055749   0.053739
-0.0595567 -0.0557492  0.0557224
-0.0529696 -0.0557494   0.050617
-0.0582658 -0.0548539  0.0570054
-0.0564869 -0.0535799  0.0557648
-0.0563307 -0.0557489   0.055714
 -0.054368 -0.0525636  0.0564901
-0.054146  -0.05223 0.0542234
-0.0531401 -0.0520076   0.056133
 -0.053018 -0.0515002  0.0517673
-0.0522421 -0.0515736  0.0552541
 -0.053331 -0.0513587  0.0490853
-0.0699886 -0.0799212  0.0599931
-0.0549589 -0.0519221  0.0469834
 -0.055092 -0.0516352  0.0469753
-0.0695675 -0.0801582   0.059738
-0.0699705 -0.0801583   0.059738
-0.0574106 -0.0543801  0.0359857
 -0.054994 -0.0517542  0.0469814
-0.0577608 -0.0537266  0.0459896
-0.0494961  -0.050287  0.0514072
-0.0449762 -0.0487743   0.046905
-0.0449002 -0.0487552    0.04692
 -0.047962 -0.0502832  0.0359862
-0.0697273 -0.0717892  0.0606062
-0.0701183 -0.0716113  0.0605238
-0.0701283 -0.0717892  0.0606062
-0.0449522 -0.0487533     0.0469
-0.0701359 -0.0761707  0.0626281
-0.0530561 -0.0515465  0.0566561
-0.0531391 -0.0519896  0.0561283
-0.0446413 -0.0483032   0.047359
-0.0520091 -0.0511786  0.0555205
-0.0519841 -0.0511046  0.0555623
  -0.05432 -0.0526806  0.0565354
-0.0696591 -0.0744814  0.0642674
-0.0696118 -0.0774062  0.0639598
-0.0700138 -0.0774062  0.0639598
-0.0618905 -0.0584859  0.0592237
-0.0694037 -0.0791725   0.065107
-0.0694307 -0.0791725  0.0646769
-0.0698327 -0.0791726  0.0646769
-0.0581558 -0.0548629  0.0570207
-0.0618665 -0.0585279  0.0592741
-0.0632873 -0.0608555    0.06254
-0.0695585 -0.0802872  0.0595563
-0.0636864 -0.0601175  0.0627804
 -0.065089 -0.0659875  0.0751824
-0.0632473 -0.0609015  0.0624902
-0.0637444 -0.0602075  0.0626565
-0.0632753 -0.0608405  0.0625152
-0.0641762 -0.0635487  0.0684441
 -0.065011 -0.0665795  0.0748985
-0.0698067 -0.0791725   0.065107
-0.0694126 -0.0797507  0.0638908
 -0.065081 -0.0659319  0.0752044
 -0.064609 -0.0665254  0.0749505
-0.0692346 -0.0691225  0.0643363
-0.045956  -0.04986 0.0359852
-0.0454561 -0.0495767  0.0379851
-0.0694374 -0.0709672  0.0648081
-0.0698225 -0.0707859  0.0647923
-0.0454521 -0.0495347  0.0379851
-0.0404561 -0.0489032  0.0379851
-0.0696843 -0.0726288   0.062674
-0.0696992 -0.0729482  0.0626937
-0.0700853 -0.0726288   0.062674
-0.0454571 -0.0495597  0.0379871
-0.045956 -0.049861 0.0359852
-0.0399601 -0.0490255  0.0359881
-0.0452391  -0.048673   0.035985
 -0.042968 -0.0493687  0.0359851
 -0.047956 -0.0503102  0.0359852
-0.0698182 -0.0729358  0.0600939
-0.0399561 -0.0490535  0.0359851
-0.0693765  -0.070193  0.0643647
-0.0399561 -0.0490515  0.0359851
-0.0696821 -0.0746504  0.0638893
-0.0700821 -0.0746504  0.0638893
-0.0490909 -0.0506123  0.0359853
-0.0696722 -0.0734445  0.0636498
-0.0701003 -0.0721587   0.061805
-0.0698502 -0.0731224  0.0595037
-0.0702382 -0.0729922   0.059673
-0.0379561 -0.0489273  0.0359851
-0.0697043 -0.0726229  0.0622779
-0.0534065 -0.0556027   0.035986
-0.0491089 -0.0506213  0.0359853
-0.0695842 -0.0731374  0.0649187
-0.0475351 -0.0492382  0.0360011
-0.0693586 -0.0797074   0.064878
-0.0407973  -0.102014  0.0359932
-0.0407952  -0.102001  0.0319932
-0.0441083  -0.101653  0.0319931
-0.0407953  -0.102001  0.0359932
0.0500487 -0.101793 0.0359953
0.0500488 -0.101815 0.0319953
-0.00795663   -0.101977   0.0319936
-0.0695333  -0.072805  0.0654874
-0.0693535  -0.070291  0.0649748
0.0556047 -0.101235 0.0359953
0.0500538  -0.10189 0.0319953
0.0500487 -0.101814 0.0359953
-0.0696699 -0.0770478  0.0632536
0.0738891 -0.083802 0.0359938
-0.0697079 -0.0763391  0.0630603
-0.0697139 -0.0761698  0.0630299
-0.0701079 -0.0763391  0.0630603
 0.0750462 -0.0739898  0.0359913
-0.0695303 -0.0720998  0.0648358
-0.0699184 -0.0718594  0.0647845
 0.0751904 -0.0759984  0.0359976
 0.0750072 -0.0739968  0.0360203
 0.0742796 -0.0673413  0.0359863
-0.0694297  -0.079178  0.0646475
-0.0701372 -0.0735519  0.0624437
 0.0250436 -0.0484864  0.0569866
 0.0250438 -0.0502234  0.0569869
 0.0300437 -0.0488199  0.0569868
0.0172917 -0.049815  0.057187
 0.0250438 -0.0502304  0.0569869
-0.0693055 -0.0812118  0.0621132
 0.0300438 -0.0506339  0.0569871
0.0300029 -0.051052   0.05653
 0.0300438 -0.0506339  0.0569871
 0.0297278 -0.0506049  0.0569871
0.0296889 -0.051035 0.0564855
-0.0696302 -0.0734096  0.0643195
-0.0696172 -0.0734096  0.0645403
-0.0700182 -0.0734096  0.0645403
 0.0309867 -0.0489488  0.0570867
 0.0300437 -0.0488259  0.0569868
 0.0300438 -0.0506339  0.0569871
 0.0321369 -0.0511846  0.0574462
-0.0699424 -0.0707111  0.0625275
0.0301156 -0.047878 0.0564097
 0.0251025 -0.0475134  0.0564968
 0.0300437 -0.0488189   0.056989
0.0178536 -0.048153 0.0571587
-0.0696492 -0.0734332  0.0640034
 0.0250536 -0.0482334  0.0567948
-0.0697917 -0.0782851   0.058818
-0.0695064 -0.0821761  0.0628084
0.0299601 -0.098247 0.0562429
0.0290402 -0.098872 0.0569945
 0.0300492 -0.0987359  0.0569951
 0.0313201 -0.0982788  0.0571587
 0.0300482 -0.0987299  0.0569945
0.0300494 -0.100682 0.0570936
0.0300494 -0.100659 0.0569948
 0.0300462 -0.0987469  0.0569945
 0.0250482 -0.0992534  0.0569944
 0.0289882 -0.0983691  0.0562881
-0.0696588  -0.077314  0.0632073
0.0250484  -0.10106 0.0569947
0.0161674 -0.101568 0.0572576
 0.0250482 -0.0992494  0.0569944
 0.0165733 -0.0998251  0.0572338
-0.0693425 -0.0699998  0.0645706
 0.0250492 -0.0992594  0.0570021
-0.0694477 -0.0787816  0.0650228
-0.0696534 -0.0704826  0.0594859
-0.0696454 -0.0703392  0.0592854
-0.0700484 -0.0703392  0.0592854
-0.0699406 -0.0793662  0.0623794
0.0301364 -0.101606 0.0564113
0.0307253 -0.100569 0.0570858
0.0300504 -0.100655 0.0569778
 0.0330857 -0.0498155  0.0580186
 0.0332179 -0.0518974  0.0581237
-0.0696327 -0.0787459  0.0617043
 0.0324099 -0.0512896  0.0575535
 0.0339078 -0.0506333  0.0588145
  0.034104 -0.0529912   0.059069
 0.0345841 -0.0539681  0.0598519
0.0346379 -0.052125 0.0601082
0.0347511  -0.05458 0.0602925
-0.0689937   -0.06798  0.0650718
-0.0700853 -0.0726288   0.062674
 0.0350441 -0.0547997  0.0619878
 0.0350444 -0.0572047  0.0619882
 0.0350447 -0.0611411  0.0656925
-0.0700312 -0.0734097  0.0643195
-0.0693835 -0.0706642  0.0651831
-0.0696013 -0.0716947  0.0630728
-0.0697003 -0.0720934    0.06167
-0.0697083 -0.0720935  0.0615008
-0.0701023 -0.0720935    0.06167
-0.0695103 -0.0721273  0.0651963
-0.0702308 -0.0776484  0.0589945
0.0345259 -0.051907 0.0600265
 0.0349751 -0.0547927  0.0620051
 0.0350475 -0.0920187  0.0619935
0.0346206 -0.093279 0.0598896
  0.035047 -0.0864732  0.0651295
-0.0700904 -0.0705346  0.0587257
 0.0352145 -0.0914679  0.0602554
0.0346926 -0.092959 0.0600598
 0.0351163 -0.0893157  0.0619969
 0.0345319 -0.0961531   0.059763
-0.0696832 -0.0734805    0.06342
 0.0353142 -0.0890757  0.0615848
-0.0696105 -0.0700874  0.0594381
  0.033063 -0.0967265  0.0580719
  0.033172 -0.0966635  0.0580351
-0.0699775 -0.0698271  0.0595465
 0.0336591 -0.0982763  0.0585359
 0.0343028 -0.0944383  0.0583622
0.0317463 -0.100217 0.0572915
 0.0327602 -0.0994745  0.0577938
  -0.06969 -0.0759834  0.0635724
-0.0696909 -0.0762438  0.0634251
  -0.07009 -0.0759835  0.0635724
0.0307303 -0.100555 0.0570415
-0.0695887 -0.0783573  0.0632091
  0.034372 -0.0966291  0.0594828
 0.0349098 -0.0945739  0.0605751
-0.0701693 -0.0722493  0.0603851
-0.0695984 -0.0715571  0.0629005
 0.0349984 -0.0572137  0.0619767
 0.0350458 -0.0741583  0.0681229
-0.0700523  -0.072057  0.0626344
 0.0350461 -0.0773978   0.067949
-0.0702512 -0.0731224  0.0595037
  0.035042 -0.0864832  0.0651342
 0.0348365 -0.0920577  0.0620431
 0.0350463 -0.0800014  0.0690492
 0.0350459 -0.0749892  0.0681022
 0.0351974 -0.0700095  0.0678348
 0.0350453 -0.0689549  0.0692769
 0.0351347 -0.0610341  0.0656395
0.00759201 -0.0495768   0.058005
 0.0250438 -0.0500074  0.0565628
0.00759186 -0.0479418  0.0580047
0.0058474 -0.049478 0.0577234
0.0056753 -0.049502 0.0577552
-0.0701038 -0.0778693  0.0616829
-0.0694415 -0.0702786  0.0629723
0.00572135  -0.047858  0.0576678
0.00594834  -0.101858  0.0582153
0.00594819    -0.1002   0.058215
0.00401596  -0.101967   0.057885
0.00412541  -0.100332  0.0579115
-0.0697937 -0.0783808  0.0585702
0.00288299   -0.10218  0.0565811
0.00288285  -0.100616  0.0565808
-0.000354077    -0.101707    0.0514527
0.00389181  -0.100307   0.057945
-0.0694898 -0.0781703  0.0651715
-0.0695936 -0.0687625  0.0641707
-0.0700919 -0.0762438  0.0634251
-0.000370834    -0.103284    0.0514479
-0.000433575     -0.10172    0.0513667
-0.00390944   -0.103987    0.047713
-0.00441947   -0.102485   0.0472227
-0.0698944 -0.0715351   0.064757
-0.00870681   -0.103745   0.0441559
-0.0124163  -0.102104  0.0422996
-0.0153532  -0.103457  0.0412528
-0.0225423   -0.10187  0.0399324
-0.0178683   -0.10193  0.0406165
-0.0248072   -0.10332  0.0400056
-0.0370472  -0.103571  0.0427705
-0.0380244  -0.102099  0.0433703
-0.0699323 -0.0720999  0.0648358
-0.0695638 -0.0777561  0.0644351
-0.0393914  -0.102087  0.0442713
-0.0695685 -0.0804626  0.0586861
-0.0699485 -0.0806504  0.0586453
-0.0699725 -0.0804626  0.0586861
-0.0697173 -0.0716113  0.0605238
-0.0442233  -0.103271  0.0478504
-0.0435924  -0.101894  0.0473162
-0.0477686   -0.10056  0.0517519
-0.0501896  -0.100956  0.0554475
-0.0501897 -0.0994844  0.0554472
-0.0698216 -0.0799694   0.063321
-0.0695028  -0.078275  0.0648379
-0.0691466 -0.0688614  0.0651153
-0.0475094  -0.102155  0.0514192
-0.0438153   -0.10333  0.0475224
-0.0388912  -0.103551  0.0439785
-0.0695233 -0.0726184  0.0654874
-0.0699243 -0.0726185  0.0654874
-0.0694186 -0.0799684  0.0633036
-0.00369844   -0.103981    0.047931
-0.00414803   -0.103979    0.047459
-0.0688278 -0.0673714  0.0657519
-0.0697093 -0.0714854  0.0604544
-0.0696984 -0.0712555   0.060268
 -0.070177 -0.0756642  0.0619922
-0.0240864 -0.0464854  0.0399849
-0.0347773 -0.0478651   0.041809
-0.0238932 -0.0479464  0.0399851
-0.0385024 -0.0463872  0.0432057
-0.0404303 -0.0479312  0.0443909
-0.0125024 -0.0462331   0.041802
-0.0130333 -0.0477411  0.0418462
-0.00339015  -0.0474984   0.0471783
-0.0688218 -0.0672472  0.0654517
-0.0692318 -0.0672472  0.0654517
0.00101002 -0.0466784  0.0514063
0.00167827 -0.0483882  0.0521565
-0.0697418 -0.0774071  0.0614291
-0.0701428 -0.0774071  0.0614291
-0.00277449  -0.0460003   0.0476691
-0.0701308 -0.0771407  0.0619767
-0.0698811 -0.0739092  0.0593043
-0.0701113 -0.0714855  0.0604544
0.00464335 -0.0476913  0.0565224
0.0309504 -0.101475 0.0564721
 0.0046431 -0.0492543  0.0565221
-0.0698622 -0.0732657  0.0593477
-0.0702622 -0.0732657  0.0593477
-0.00300099  -0.0459974   0.0474931
-0.0026295 -0.0459913  0.0479011
-0.0695762 -0.0733954  0.0652099
-0.0146974 -0.0463194   0.041311
-0.00787094  -0.0461053   0.0441711
-0.0694884 -0.0712217  0.0643666
-0.0397174 -0.0464282  0.0439997
-0.0345934 -0.0463651  0.0418408
-0.0446853 -0.0482692  0.0473079
-0.0451664 -0.0468811  0.0477447
-0.0449684 -0.0468562  0.0475387
-0.0701103 -0.0720935  0.0615008
-0.0492262 -0.0497999  0.0517621
-0.0453564 -0.0469081  0.0479757
-0.0449694 -0.0468502  0.0475397
-0.0492713 -0.0483219  0.0518149
-0.0695655 -0.0802685  0.0594358
-0.0699685 -0.0802685  0.0594358
-0.0698802 -0.0729843  0.0585225
-0.0519861 -0.0511056  0.0555686
-0.0519863 -0.0496266  0.0555683
-0.0695057 -0.0683409  0.0644575
-0.0543791 -0.0510665  0.0570948
-0.0542251 -0.0519405  0.0572912
-0.0519931 -0.0510846  0.0555578
-0.0700025 -0.0801216  0.0590452
-0.0699038 -0.0782751  0.0648379
-0.0698497 -0.0791941  0.0643634
-0.0699388 -0.0779692  0.0646401
-0.0448783 -0.0481652  0.0470329
-0.0579249 -0.0979659   0.057039
-0.0560028 -0.0989317  0.0569925
-0.0528128 -0.0989314  0.0569919
-0.0560288 -0.0989957  0.0570728
-0.0528138 -0.0989314  0.0569925
-0.0560548 -0.0989417  0.0569925
-0.0528137  -0.100274  0.0569927
-0.0701728 -0.0775961  0.0605158
-0.0528108 -0.0989304  0.0570266
-0.0518028 -0.0989314  0.0568173
-0.0499976  -0.100971  0.0556097
-0.0513016  -0.100643  0.0565839
-0.0691047 -0.0684671  0.0647309
-0.0528158 -0.0986294  0.0570148
-0.0517978 -0.0989313  0.0568458
-0.0630876 -0.0909928  0.0609105
-0.0656887 -0.0898687  0.0627647
-0.0650636  -0.091146  0.0607158
-0.0636997 -0.0898685  0.0627647
  -0.06647 -0.0870298  0.0688497
-0.0687988 -0.0671957  0.0656298
-0.0620634 -0.0924349  0.0593891
-0.0639534 -0.0928251  0.0590726
-0.0605213 -0.0940999  0.0582364
-0.0622092 -0.0947961  0.0578873
-0.0583871 -0.0958248  0.0574868
-0.060032 -0.096625 0.0572617
-0.0556439 -0.0974337  0.0571049
-0.0528168 -0.0986284  0.0569971
-0.0526129 -0.0980715  0.0564584
-0.0526049 -0.0980405  0.0564784
-0.0518198 -0.0989574  0.0567841
 -0.055251 -0.0969797  0.0565656
-0.0614164 -0.0931659   0.059026
-0.0637037 -0.0898795  0.0627693
-0.0647421 -0.0866095  0.0697507
-0.0667924 -0.0840602  0.0752162
-0.0650854 -0.0840602  0.0752162
-0.0653867 -0.0804937  0.0793426
-0.0694557 -0.0786794  0.0647107
-0.0670088 -0.0803782  0.0794176
-0.0699086 -0.0799092   0.061794
-0.0671533 -0.0749963  0.0809888
-0.0655813 -0.0749961  0.0809888
-0.0670097 -0.0696142  0.0794159
-0.0653967 -0.0696228   0.079421
-0.0695445 -0.0806504  0.0586453
 -0.066794 -0.0659341  0.0752134
 -0.065087 -0.0659339  0.0752134
-0.0664722 -0.0629658  0.0688457
-0.0646332 -0.0628957  0.0686961
-0.0700207 -0.0789282   0.061643
-0.0701438 -0.0774071  0.0614291
-0.0696658 -0.0773662  0.0630143
 -0.070151 -0.0758652  0.0624553
-0.0695048 -0.0778972  0.0652534
-0.0656914 -0.0601297  0.0627601
-0.0637024 -0.0601295  0.0627602
-0.0695154 -0.0713446  0.0640865
-0.0651435 -0.0589919   0.060888
-0.0622786 -0.0578349  0.0596243
-0.0646366  -0.057693  0.0599852
-0.0661914 -0.0599607  0.0627614
-0.0641996 -0.0575051  0.0593342
-0.0606717 -0.0560399    0.05831
-0.0613359 -0.0543971  0.0575564
-0.0585579 -0.0542879  0.0575186
-0.0628537 -0.0558601  0.0582093
 -0.058475 -0.0523479  0.0570677
-0.0545741 -0.0520606  0.0570348
-0.0560071 -0.0510667  0.0569851
-0.0545271 -0.0510666  0.0569711
-0.0696432 -0.0738645  0.0643325
 -0.054347 -0.0526256   0.056514
-0.0545342 -0.0503896  0.0569851
-0.0560231 -0.0510647  0.0569851
-0.0545341 -0.0510656  0.0569852
-0.0518593 -0.0496125  0.0557095
-0.0701149 -0.0761699  0.0630299
-0.0518711 -0.0510665  0.0556928
-0.0695875 -0.0803116  0.0587067
-0.0565082 -0.0500539  0.0561424
-0.0560091 -0.0510607  0.0569795
-0.0549573 -0.0493937  0.0561306
-0.0695686 -0.0797497  0.0608523
-0.0691376 -0.0686233  0.0646225
-0.0501447 -0.0995004  0.0554873
-0.0701002 -0.0729482  0.0626937
-0.0517558 -0.0983704  0.0563461
-0.0699258 -0.0782914  0.0644496
 0.0681478 -0.0712556  0.0487978
F
 10  14 510
10 16 14
 10  36 830
10 50 36
 10 509  50
 10 510 509
 10 825  16
 10 830 825
 14  15 510
14 16 15
15 16 20
 15  19 511
15 20 19
 15 511 510
 16 825  20
19 20 23
 19  22 495
19 23 22
 19 495 511
 20 823  23
 20 825 823
 22  23 672
 22  25 495
22 53 25
 22 672 939
 22 939  53
 23 823 939
 23 939 672
 25  53 669
 25 497 495
 25 669 673
 25 673 497
 36  50 830
 40  41 853
 40  45 508
 40 507  41
 40 508 507
 40 853  45
 41 507 869
 41 869 853
44 45 48
 44  48 508
 44 508  45
 45 843  48
 45 853 860
 45 860 843
47 48 50
 47  50 509
 47 508  48
 47 509 508
 48 830  50
 48 843 830
 53 939 669
 98 104 446
 98 143 104
  98  373 1378
 98 446 373
  98 1378  143
104 106 442
104 143 160
104 160 162
104 162 106
104 442 446
106 162 442
111 200 202
111 202 456
111 357 200
111 408 357
111 456 408
113 167 450
113 408 446
113 446 714
113 450 408
 113  714 2147
 113 1455 1650
 113 1650  167
 113 2147 1455
143 240 160
 143  514 1448
 143 1378 1449
 143 1448  240
 143 1449  514
151 725 726
 151  726 1277
 151  803 2008
 151 1277  803
 151 1454 2147
 151 2006 2117
 151 2008 2006
 151 2117 1454
 151 2147  725
 160  240 1456
 160 1245  162
 160 1456 1245
 162  167 2008
162 998 442
 162 1245 1414
 162 1414  167
 162 2008  998
167 229 450
 167 1414  229
 167 1454 2117
 167 1455 1454
 167 1650 1455
 167 2006 2008
 167 2117 2006
 200  229 1259
200 357 229
 200 1259  202
 202  524 1336
 202 1259 1331
 202 1331  524
 202 1336  456
229 357 408
229 408 450
 229 1414 1259
 240  514 1466
 240 1448  514
 240 1466 1456
371 373 408
371 408 456
 371  456 1363
 371 1363 1364
 371 1364 1369
 371 1369  373
373 446 408
 373 1369 1378
 442  998 1629
 442 1514  446
 442 1629 1514
446 725 714
446 726 725
446 797 726
 446 1252 1442
 446 1442 1525
 446 1514 1629
 446 1524  797
 446 1525 2278
 446 1629 1252
 446 2278 1524
 456  524 1363
 456 1336  524
495 497 513
495 513 511
497 498 514
497 514 513
497 673 914
497 914 498
498 515 514
498 897 515
498 914 929
498 929 897
506 507 523
506 523 772
506 767 507
506 772 767
507 508 525
507 524 523
507 525 524
507 767 869
508 509 525
509 510 526
509 526 525
510 511 527
510 527 526
511 513 528
511 528 527
 513  514 1449
 513 1378  528
 513 1449 1378
 514  515 1466
515 897 959
515 959 988
515 988 991
 515  991 1484
 515 1421 1456
 515 1423 1537
 515 1426 1423
 515 1456 1466
 515 1467 1421
 515 1484 1426
 515 1537 1467
 523  524 1331
 523 1268 1420
 523 1269 1268
 523 1279 1301
 523 1301  772
 523 1331 1269
 523 1406 1279
 523 1420 1422
 523 1422 1406
 524  525 1363
 525  526 1364
 525 1364 1363
 526  527 1369
 526 1369 1364
 527  528 1369
 528 1378 1369
669 890 930
669 930 673
669 938 890
669 939 938
673 895 914
673 930 895
 714  725 2147
 726  797 1277
744 745 748
 744  748 1301
 744 1279 1424
 744 1301 1279
 744 1424  745
745 746 748
745 751 746
745 768 751
 745 1424  768
746 751 776
746 772 748
746 776 772
 748  772 1301
751 757 776
751 767 757
751 768 767
757 767 776
767 768 869
767 772 776
768 777 869
768 824 861
768 861 882
768 868 881
768 881 777
768 882 868
 768 1410  824
 768 1424 1410
777 881 869
 797 1524 2418
 797 2418 2508
 797 2508 1277
 803  804 2008
 803 1277 2508
 803 2508  804
 804  998 2008
 804 1442  998
 804 2278 1442
 804 2418 2278
 804 2508 2418
819 822 823
819 823 824
819 824 822
821 824 830
821 830 894
821 894 824
822 824 893
822 893 939
822 939 823
823 825 824
824 825 830
824 841 889
824 851 885
824 885 861
824 887 851
824 888 893
824 889 887
824 890 938
824 894 841
824 895 930
824 902 895
824 930 890
824 938 888
824 985 902
 824 1410 1415
 824 1415 1423
 824 1423 1426
 824 1426  985
830 841 894
830 843 841
841 843 889
843 851 887
843 853 851
843 860 853
843 887 889
851 853 885
853 861 885
853 869 882
853 882 861
868 869 881
868 882 869
888 938 939
888 939 893
895 902 914
897 902 961
897 914 902
897 929 914
897 960 959
897 961 960
902 985 961
 959  960 1551
 959 1551  988
 960  961 1551
 961  985 1551
 985  988 1551
985 992 988
 985 1426  992
988 992 991
 991  992 1484
 992 1426 1484
 998 1252 1629
 998 1442 1252
1245 1415 1417
1245 1417 1414
1245 1456 1415
1259 1268 1269
1259 1269 1331
1259 1410 1268
1259 1413 1419
1259 1414 1413
1259 1419 1410
1268 1410 1420
1279 1406 1424
1406 1422 1424
1410 1413 1414
1410 1414 1415
1410 1419 1413
1410 1422 1420
1410 1424 1422
1414 1417 1415
1415 1418 1421
1415 1421 1423
1415 1456 1418
1418 1456 1421
1421 1467 1537
1421 1537 1423
1442 2278 1525
1454 1455 2147
1524 2278 2418
