24
l_shoulder_2 
V
0.0787307 0.0880163  0.427483
0.0836329  0.101567   0.40117
0.0784295 0.0789107  0.420134
0.0789204 0.0732537  0.409898
0.0801285 0.0719073  0.398333
0.0818711 0.0750757    0.3872
 0.083881 0.0822776  0.378194
0.0858528 0.0924159  0.372686
0.0874867  0.103947  0.371513
0.0885342  0.115116  0.374857
0.0888352  0.124223  0.382206
0.0883444  0.129879  0.392442
0.0871363  0.131226  0.404006
0.0853948  0.128057  0.415139
0.0833849  0.120855  0.424145
0.081413 0.110717 0.429654
0.0797782 0.0991855  0.430826
 0.141736 0.0940378  0.408117
 0.136835 0.0804883  0.434431
 0.136534 0.0713827  0.427081
 0.137025 0.0657255  0.416845
 0.138233 0.0643783  0.405281
 0.139974 0.0675475  0.394148
 0.141984 0.0747492  0.385142
 0.143957 0.0848874  0.379633
 0.145591 0.0964188  0.378461
0.146638 0.107588 0.381804
 0.14694 0.116694 0.389153
0.146449 0.122351 0.399389
0.145241 0.123697 0.410954
0.143498 0.120529 0.422087
0.141488 0.113327 0.431093
0.139516 0.103188 0.436601
 0.137882 0.0916571  0.437773
F
 1  3 20
1 4 3
 1 14  4
 1 17 14
 1 19 34
 1 20 19
 1 34 17
 3  4 21
 3 21 20
 4  5 21
4 6 5
 4 14  6
 5  6 22
 5 22 21
 6  7 24
6 8 7
 6 11  8
 6 14 11
 6 23 22
 6 24 23
 7  8 24
 8  9 25
 8 10  9
 8 11 10
 8 25 24
 9 10 26
 9 26 25
10 11 28
10 27 26
10 28 27
11 12 28
11 14 12
12 13 30
12 14 13
12 29 28
12 30 29
13 14 30
14 15 31
14 17 15
14 31 30
15 16 33
15 17 16
15 32 31
15 33 32
16 17 33
17 34 33
19 20 32
19 32 34
20 21 22
20 22 23
20 23 27
20 27 29
20 29 32
23 24 26
23 26 27
24 25 26
27 28 29
29 30 31
29 31 32
32 33 34
