26
l_upper_arm 
V
0.0775846 0.0520781  0.270863
0.0773732 0.0506204  0.273287
0.0772806 0.0479093   0.27411
0.0768824 0.0512617  0.266765
0.0777001 0.0521374  0.269056
0.0778768 0.0506333  0.267085
0.0720117  0.061168  0.340689
0.0723492 0.0606587  0.336457
0.0722503 0.0613787  0.337767
0.0721315 0.0615561   0.33925
0.0716327  0.055707  0.343639
0.071802 0.056527 0.343265
 0.069893 0.0601702  0.343449
0.0718581 0.0595607  0.342499
0.0719062 0.0602694  0.341882
0.0717598 0.0564974  0.343228
0.0718227 0.0588329  0.342731
0.0722997 0.0533308  0.336186
0.0724381 0.0580767  0.335056
0.0724154 0.0595036  0.335508
0.0723119 0.0542174  0.336139
0.0724101 0.0564118  0.335195
0.0722271 0.0533415  0.336238
0.0722213  0.057164  0.334913
0.0724503 0.0545736  0.336016
0.0765481 0.0525681  0.268868
 0.074523 0.0708293  0.310874
0.0749469 0.0744238  0.306089
0.0749064 0.0752155  0.306679
0.0727771 0.0837816  0.333974
0.0727175 0.0773941  0.333941
0.0728978 0.0766508  0.331627
0.0730923 0.0774147  0.329317
0.0732273 0.0793942  0.327897
0.0732499 0.0818326   0.32791
0.0731519 0.0838023   0.32935
0.0729715 0.0845456  0.331664
0.0726197 0.0793629  0.335381
0.0769339  0.050672  0.278717
  0.07699 0.0522423  0.278217
0.0759761 0.0625316  0.291959
0.0726431 0.0818023  0.335393
0.118559 0.077905  0.24422
 0.118788 0.0793527  0.242495
 0.117655 0.0774966  0.244098
0.0985477 0.0739027  0.250343
0.0998603 0.0754856  0.251364
0.0978838 0.0752165   0.24899
0.0991991  0.076911  0.250127
  0.10376 0.0795961  0.255166
 0.103343 0.0813031  0.254208
 0.108714 0.0833099  0.260562
0.0998532 0.0754852  0.251355
 0.118528 0.0778126  0.244158
 0.108744 0.0832669   0.26066
0.0735266 0.0774052  0.323959
0.0732298 0.0690713  0.326613
 0.073333 0.0702873  0.325496
 0.108517 0.0851114  0.259919
 0.099034 0.0774814  0.249729
 0.118778 0.0793896  0.242518
0.0778041 0.0515279   0.26809
0.0773527 0.0453422  0.272908
0.0775536  0.044244  0.270303
 0.102938 0.0306711  0.259406
 0.103471 0.0301515  0.259784
 0.113855 0.0220842  0.261799
0.102064 0.032234 0.257767
 0.114042 0.0221296  0.261862
 0.103438 0.0300686  0.259759
 0.107861 0.0257485  0.268187
 0.104627 0.0284749  0.262203
 0.104858 0.0254502  0.264602
  0.10597 0.0271158  0.264774
 0.103437 0.0301581  0.259755
 0.103345 0.0269966  0.261672
 0.102738 0.0299386  0.259439
0.102934 0.030664 0.259404
 0.102045 0.0288983  0.258937
  0.10122 0.0303545  0.257236
 0.102751 0.0299419  0.259436
 0.103435 0.0301561  0.259754
 0.077265 0.0459257  0.273405
0.0771561 0.0479258  0.274074
0.0735984 0.0746535  0.322748
0.0735377 0.0744942  0.323477
0.0734541 0.0706068  0.324036
0.0742656 0.0686795   0.31379
  0.07441 0.0730757  0.312552
0.0741565 0.0709306  0.315408
0.0755236 0.0451253  0.274408
 0.077376 0.0445182  0.271547
0.108217  0.02353 0.270247
  0.10653 0.0242549  0.267623
 0.111123 0.0226076  0.275416
 0.111551 0.0229179  0.275457
 0.111292 0.0230171  0.275444
 0.116583 0.0175174  0.262228
0.0780151 0.0441884  0.270807
0.113674  0.02308   0.2789
  0.10556 0.0721838  0.243803
0.0991725 0.0769437  0.250079
0.0711501 0.0752833  0.331479
0.0730403 0.0774125  0.329313
0.0728457 0.0766491  0.331622
0.0736156 0.0695318  0.321917
 0.073799 0.0771851  0.320578
0.0734464 0.0672797  0.323732
0.0776596 0.0444146  0.269006
0.0936184 0.0648804  0.246877
0.0923439 0.0649832  0.245089
0.0935435 0.0649341  0.246763
 0.118534 0.0778179  0.244157
0.0997661 0.0756267  0.251234
 0.102744 0.0299421  0.259439
 0.102406 0.0291926  0.259473
 0.102939 0.0307519  0.259436
   0.1046 0.0285076   0.26215
 0.102457 0.0291946  0.259468
 0.103438 0.0301565  0.259756
 0.105969 0.0271178  0.264768
 0.103523 0.0271674  0.261883
 0.102234 0.0318486  0.258127
 0.111588 0.0239314  0.261049
0.101093 0.030749 0.256766
 0.102074 0.0321884  0.257753
0.0718112 0.0889891  0.356942
0.0719367 0.0850466  0.359969
0.0715062 0.0992021  0.349247
0.0739047 0.0986231  0.358094
0.0729624 0.0963107  0.356814
0.0722389 0.0931997  0.356166
0.0751476  0.100451  0.359854
0.0764744  0.101745  0.361816
0.0829963  0.103868  0.368787
0.0803317  0.103132  0.366181
0.0767558  0.105257  0.357044
 0.071634 0.0991632  0.349184
0.0734993  0.104027  0.347185
0.0738591  0.073988  0.319451
0.0736896 0.0692268  0.320968
 0.073723 0.0676459  0.320367
0.0818458  0.108898  0.356808
0.078447  0.10677 0.346882
0.103143 0.117515 0.363236
0.102672 0.112111 0.349283
0.103221 0.114387 0.355045
0.104187 0.116849 0.360812
0.0739818 0.0749251  0.318049
0.0739422 0.0700124  0.317939
0.0741005 0.0693601  0.315908
0.0739983  0.071583  0.317439
0.0886002 0.0586201  0.372017
  0.10293 0.0568147  0.381367
 0.107477 0.0516047  0.362013
 0.107415 0.0537734  0.370241
 0.106593 0.0556832   0.37873
 0.100228 0.0578752  0.384903
 0.102839 0.0566795  0.381439
  0.10799 0.0555705  0.378875
 0.070248 0.0661523   0.35923
0.0728962   0.08313  0.364194
0.0776513 0.0848722  0.374488
0.073193 0.071661  0.36803
0.0748984 0.0833711  0.369472
0.0720353 0.0611979  0.361309
0.0749673 0.0669069  0.369872
0.0733581 0.0710024  0.325268
0.0735024 0.0750491  0.323979
0.0766174 0.0583962   0.36207
 0.078959 0.0633699  0.370979
0.0779202 0.0494544  0.266401
0.0721944 0.0692414  0.320846
 0.072364 0.0740024   0.31933
0.0737851  0.074293  0.320401
  0.07229 0.0743074   0.32028
0.0721204 0.0695464  0.321796
0.0757712 0.0624774  0.294483
0.0758263 0.0640478  0.293983
0.0743216   0.07025   0.31329
0.0735398 0.0744265  0.323435
0.0735883 0.0759227  0.323022
0.0720999 0.0759689  0.322827
0.0721031 0.0746685  0.322625
0.0721288 0.0753814  0.322398
0.0720932 0.0759371    0.3229
0.0735852 0.0759905  0.323064
0.0720359 0.0744772   0.32343
0.0720426 0.0745086  0.323355
0.0720327 0.0757776  0.323632
 0.072007 0.0750647  0.323859
0.0733704 0.0696649  0.324952
0.0734189  0.071161  0.324538
0.0719305 0.0712071  0.324343
0.0719336 0.0699071  0.324142
0.0719592 0.0706201  0.323915
0.0719238 0.0711753  0.324417
0.0734157 0.0712289   0.32458
0.0718663 0.0697161  0.324947
0.0733682 0.0697327  0.324993
0.0718731 0.0697473  0.324872
0.0718631 0.0710163  0.325148
0.0718375 0.0703033  0.325375
0.0726615  0.070945  0.315287
0.0729147  0.073091   0.31243
0.0747898  0.077506   0.30839
0.0728718 0.0739261  0.313055
0.0743669 0.0739118  0.313176
0.0732957 0.0775206  0.308269
0.0752722 0.0804083   0.30279
0.0733377 0.0766853  0.307645
0.0748327  0.076671  0.307766
 0.075347 0.0789522  0.301704
0.0737781  0.080423  0.302669
0.0738517 0.0789675  0.301583
0.0734113 0.0752299  0.306558
0.0734519 0.0744382  0.305968
0.0730289 0.0708439  0.310753
0.0729884 0.0716355  0.311344
0.0744837 0.0716202  0.311465
0.0728266 0.0702644  0.313168
0.0774247 0.0644719  0.274322
0.0743322 0.0640624  0.293862
0.0773696 0.0629016  0.274822
0.0759304 0.0644875  0.274201
0.0758743 0.0629169  0.274701
0.0744808 0.0625469  0.291838
0.0754948  0.052257  0.278096
0.0754387 0.0506866  0.278596
0.0742761 0.0624918  0.294362
0.0744877 0.0548395  0.309383
0.0727715 0.0686941  0.313669
0.0743421 0.0542875  0.311109
0.0729925 0.0548541  0.309262
 0.072848 0.0543024  0.310988
0.0726064 0.0693747  0.315787
0.0736138 0.0670329  0.321638
0.0724481  0.070027  0.317818
0.0720588  0.066969  0.322239
0.0722279 0.0676604  0.320247
0.0731676  0.070159  0.327515
0.0719512 0.0672946  0.323611
 0.071735 0.0690846  0.326492
0.0733596 0.0766335  0.325921
 0.071707 0.0743817  0.327486
 0.073899 0.0766507  0.319273
0.0720323 0.0774205  0.323837
0.0724438 0.0761798  0.318608
0.0724865 0.0749407  0.317928
0.0725032 0.0715973  0.317318
0.0709537 0.0762628  0.334616
0.0725145 0.0794095  0.335231
0.0710054 0.0789067  0.336681
0.0725826 0.0817758  0.335419
0.0726209 0.0818849   0.33547
 0.071087 0.0849556  0.334686
0.0710369 0.0822746  0.336697
0.0715426 0.0849666  0.328402
0.0731206 0.0817893  0.328041
0.0718746 0.0823196  0.326368
0.0731723  0.079421  0.327862
0.0723039 0.0771995  0.320456
0.0735276 0.0757638  0.323751
0.0717402 0.0850339  0.328355
0.0715166 0.0762727   0.32834
0.0718433 0.0789508  0.326351
0.0732156 0.0793112  0.327818
0.0716716  0.072274  0.327664
 0.071786 0.0755076  0.326634
0.0711399 0.0761915  0.334693
0.0705085 0.0626968  0.340852
 0.071389 0.0751648  0.331497
0.0708065 0.0628228   0.33719
0.0723625 0.0595434  0.335526
0.0723647 0.0572215  0.334877
0.0710206  0.060586   0.33428
0.0716578 0.0762174  0.328312
0.0706079 0.0627341  0.337212
0.0772359 0.0502048   0.27339
 0.075666 0.0482179  0.275495
0.0758417  0.053275  0.271824
0.0757775 0.0513578  0.274495
0.0760098 0.0533413  0.271876
  0.07234 0.0527679  0.335622
 0.071713 0.0557365  0.343716
0.0713772 0.0546652    0.3342
 0.071649 0.0556164  0.344489
0.0705835 0.0579412  0.344396
0.0702848 0.0625843  0.340817
0.0702621 0.0602779  0.343593
0.0718233  0.059606  0.342439
0.069798 0.062191 0.349548
0.0711081  0.096469  0.338627
0.0710185 0.0964731   0.33863
0.0705674 0.0579186  0.344391
0.0711721 0.0573431  0.351215
0.0714114  0.057092  0.351302
0.0710529 0.0570181  0.333446
0.0763828 0.0545814  0.352506
0.0764011 0.0546751  0.352472
 0.107818 0.0499144  0.356454
 0.111507 0.0239842  0.260981
 0.116622 0.0195221  0.262022
 0.116574 0.0174905  0.262228
 0.117231 0.0195355  0.262095
 0.111605 0.0239258  0.261001
 0.117228 0.0195242  0.262096
  0.11212 0.0248674   0.27512
 0.116584 0.0202217  0.264213
 0.114133 0.0249416   0.27858
 0.116606 0.0202224  0.264189
0.112095 0.024808 0.275125
0.0774792 0.0519126  0.271498
 0.072031 0.0614208  0.340004
0.0722996 0.0609467  0.336746
 0.118856 0.0776335  0.243606
 0.117654 0.0774945  0.244099
0.0726651 0.0773937  0.333939
0.0736236 0.0753682   0.32252
0.0727248 0.0837848   0.33397
0.0712502 0.0859471  0.331531
0.0776326 0.0519587  0.269156
0.102805 0.107966 0.337415
0.102532 0.109939 0.343353
0.0729194 0.0845482  0.331661
0.0778412  0.103906  0.336774
0.0728211  0.101313  0.337216
0.0712224  0.085008  0.334736
0.0714912 0.0860605  0.331551
0.0774921 0.0324528  0.275435
0.0877725 0.0390947  0.254529
0.0818032 0.0345722  0.260815
0.0910102 0.0368675  0.255584
0.0713624 0.0546544  0.334212
0.0789512 0.0314643  0.275873
0.0787713 0.0319041  0.267792
0.0765317 0.0341478  0.274817
0.0862892 0.0420164  0.253528
0.0841024 0.0293129  0.267582
 0.102131 0.0322699  0.257808
0.0910147 0.0368743  0.255587
0.0864037 0.0313931  0.262708
0.0823024 0.0301801  0.276548
 0.102233 0.0318484  0.258127
 0.102103 0.0322471  0.257774
 0.102754 0.0309889  0.259258
 0.102767 0.0308411  0.259267
 0.106426 0.0267077  0.265621
 0.106909 0.0261373  0.267556
 0.112013 0.0246953  0.275023
 0.073429 0.0698917  0.324264
 0.103441 0.0299725  0.259821
 0.102756 0.0310002  0.259258
0.0835996 0.0293226  0.269539
0.0978968 0.0267706  0.271216
 0.106795 0.0263006  0.267289
0.102749 0.030587 0.259126
0.0979248 0.0268622  0.271178
 0.113751 0.0255852  0.280475
0.0956711 0.0282271  0.278218
  0.11415 0.0249797  0.278582
 0.112105 0.0248224  0.275148
 0.111595 0.0249503  0.275252
 0.111592 0.0249944  0.275248
 0.109824 0.0260967  0.280001
 0.113945 0.0251201  0.278861
 0.111579 0.0249046  0.275245
 0.109836 0.0261576  0.279986
 0.113745 0.0255789  0.280477
 0.107831 0.0499864  0.356433
0.0923422 0.0649818  0.245086
0.0934639  0.064349   0.24686
0.0960541 0.0698978  0.248382
0.0985541 0.0738932  0.250349
0.0995479 0.0751753  0.251243
0.0994981 0.0755014  0.250969
 0.108771 0.0833633  0.260911
0.0979392 0.0818205  0.261167
 0.108728 0.0835472  0.261464
 0.077812 0.0489148  0.266374
0.102808 0.107948 0.337421
0.0837619  0.079505  0.260816
0.0803823 0.0781605  0.260985
0.0779173  0.075503  0.261657
0.0801746 0.0732839  0.254736
0.0730634  0.101652  0.337129
0.0786781 0.0769067  0.261254
0.0868906 0.0587531  0.248137
0.0827546 0.0676213  0.250457
0.0863941 0.0560983   0.24887
0.0962259 0.0701392  0.248528
0.0920133 0.0638021   0.24694
 0.087665 0.0713058  0.250156
0.0978924 0.0820415   0.26105
0.0850085 0.0763715  0.254734
0.0920071 0.0638062  0.246947
0.0886231  0.061616  0.247415
0.0772297 0.0482022  0.274118
0.0763398 0.0552342  0.268035
 0.081418 0.0636268  0.251838
 0.078336 0.0687993  0.256401
0.0769392 0.0720721  0.262672
0.0757187 0.0377897  0.273591
0.0757148  0.045076  0.274508
0.0772403  0.036889  0.266239
0.0806088 0.0390848  0.259322
0.0860001 0.0447266  0.252622
0.0864273 0.0560887  0.248901
0.0814916 0.0637641  0.252017
0.0860618 0.0447903  0.252535
0.0770834 0.0493409  0.264501
0.0762762 0.0534497  0.268603
0.0766717 0.0518409   0.26592
0.0772719 0.0467731  0.265571
0.0771281 0.0492633  0.264514
 0.077246 0.0464475  0.264626
0.0777803 0.0469862  0.266419
0.0768119 0.0438415  0.268172
 0.076912 0.0441657  0.266102
0.0755953 0.0432023  0.271818
0.0763176 0.0428269  0.268821
0.0759063 0.0430796  0.271906
 0.108971 0.0577899  0.385611
 0.109488 0.0556548  0.378965
  0.10021 0.0578102  0.384906
0.0901953 0.0625897  0.382605
0.0835159 0.0696506  0.379817
0.0811185  0.074103  0.378136
0.0790009 0.0793022  0.376365
0.0790741  0.079276  0.376238
0.0855137  0.107365  0.367855
0.0883485  0.110603  0.367038
0.0949914  0.115657  0.365934
0.102344 0.118442  0.36561
0.0872504 0.0600706   0.24779
 0.092032 0.0633346  0.245591
0.0919265 0.0637696  0.246945
0.0864358 0.0563198  0.248831
0.0881239 0.0603902  0.246233
0.0860089  0.044387  0.252652
0.0865357 0.0559077  0.247549
0.0864358 0.0563156  0.248822
0.0861103 0.0439689  0.251351
 0.085626 0.0443406  0.252655
0.0877889 0.0391671  0.254616
0.0873785  0.039458  0.252899
0.0909632 0.0368957  0.255577
   0.0731 0.0838036  0.329343
 0.102129 0.0322701  0.257807
0.0910739 0.0364394  0.254157
 0.101148 0.0322948  0.256273
0.0922872 0.0634321   0.24558
0.0921094 0.0633507  0.245551
0.0698302 0.0853006  0.359535
0.0719833 0.0850199  0.359963
0.0698051 0.0904348  0.356289
0.0732334 0.0972343  0.357279
0.0705011 0.0951712  0.356273
0.0779033 0.0469502  0.266307
0.0754702  0.100767  0.360381
0.0716438 0.0985825  0.357867
0.0726315 0.0833932  0.369288
0.0751698 0.0848877  0.374265
0.0709474 0.0825203  0.364827
0.0697811 0.0859013  0.358882
0.068132  0.06602 0.358996
0.0699297  0.084856  0.360117
0.0783761 0.0811232  0.375731
0.0776777 0.0848651  0.374475
0.0756839 0.0814581  0.375414
0.0776039 0.0848637  0.374461
0.0752353 0.0848892  0.374277
0.0855158  0.107369  0.367856
0.0829083  0.108427  0.367313
0.0780785  0.102393  0.363609
0.0797321  0.103897  0.368521
0.0829967  0.103866  0.368784
0.0796955  0.103904  0.368516
0.0829998  0.103866  0.368785
0.0773526  0.103162  0.365944
0.0829364  0.108468  0.367305
0.075097 0.106601 0.356942
0.0797366   0.10382  0.368487
0.0700644 0.0997741  0.351309
0.0689715 0.0981015  0.343979
0.0719362  0.105354  0.346871
0.0686273 0.0966249  0.338427
0.0700828  0.099877  0.351774
0.0735043   0.10126  0.360738
0.0732889  0.101016  0.360394
0.0744361  0.101915  0.362017
0.0753669  0.102419  0.363389
0.0952755  0.115821  0.365901
0.0950662  0.117829   0.36524
0.0916786  0.114493  0.356356
0.0775825  0.105602    0.3362
0.0779607   0.10858  0.346044
0.0807104  0.110601  0.355951
0.0862214  0.111882  0.366461
0.102579  0.11492 0.351068
0.102242 0.112259 0.343975
0.103531 0.117816 0.358082
0.105315 0.120999 0.365021
0.105099 0.120947  0.36502
 0.108862 0.0547513  0.386576
 0.108605 0.0545309  0.385029
 0.105774 0.0544216  0.382604
 0.108862 0.0547425  0.386582
 0.099811 0.0579298  0.384852
0.0982728 0.0564384  0.385212
0.0903266 0.0624862   0.38265
0.0888741 0.0611037  0.382981
 0.109316 0.0538392  0.380878
 0.107554 0.0531183  0.376557
 0.107062 0.0510637  0.367702
0.0878039 0.0546363  0.365414
0.0848412 0.0585833  0.373061
 0.108503 0.0513225   0.36889
 0.107086 0.0512308  0.367672
 0.071463 0.0829329  0.366361
  0.07061 0.0832682  0.363516
0.0709426 0.0711851  0.367952
0.0811609 0.0739588   0.37825
0.0769296 0.0766891  0.377043
0.0726597 0.0833998  0.369272
0.0765063 0.0780982  0.376557
0.0754422 0.0848636   0.37412
0.0784894 0.0730452   0.37832
 0.073944 0.0672026  0.372057
0.0681887 0.0660408  0.359039
0.0692301  0.062225  0.361835
0.0790753  0.071969  0.378726
0.0719524 0.0587643   0.36273
0.0778479 0.0616433  0.371533
0.0760893 0.0565371  0.362644
0.0760855 0.0565231   0.36266
0.0778442 0.0616332  0.371569
0.0814752 0.0682868  0.380096
0.0690259 0.0964932  0.338468
0.0678772 0.0622076  0.349384
0.0690228 0.0964934  0.338468
0.0741954 0.0480962  0.269523
0.0686796 0.0591051  0.338219
0.0699653 0.0556198  0.351668
0.0678045 0.0622104  0.349386
 0.107477 0.0480663  0.357021
0.0732816 0.0754949  0.326754
0.0731664 0.0722566  0.327785
0.0760464 0.0527463  0.353067
0.0760355 0.0526984  0.353084
 0.107484 0.0481034  0.357011
  0.10888 0.0479798  0.357159
0.0778476 0.0458758  0.266871
 0.10252 0.109827 0.336795
0.0713712  0.102698  0.336667
0.0775537  0.105784  0.336148
0.0871274 0.0373873  0.253545
0.0851392 0.0405684  0.252368
0.0851286 0.0405611  0.252354
0.0871242 0.0373836   0.25354
 0.080598 0.0331272   0.26007
0.0773666 0.0304886  0.267341
0.0777477 0.0299135  0.276277
0.0747844  0.033243   0.27498
0.0676525 0.0622005   0.34938
0.0753179 0.0317662   0.27549
 0.069955 0.0555651  0.351687
0.0819551 0.0282971  0.277126
0.0832491 0.0273337  0.269578
0.0859702 0.0294356   0.26217
0.0904549 0.0351252  0.254531
0.0777717 0.0445316  0.268302
 0.116323 0.0177705  0.262081
0.101093 0.030749 0.256766
 0.102042 0.0288936  0.258935
 0.101091 0.0307455  0.256763
 0.116574 0.0174905  0.262231
  0.10196 0.0290316  0.258756
  0.10128 0.0303511  0.257205
 0.102101 0.0289984  0.259096
 0.101092 0.0307482  0.256765
 0.113403 0.0237021  0.281053
0.0953239 0.0263441  0.278795
0.0976195 0.0248774  0.271012
 0.102436 0.0292753  0.259405
  0.10391 0.0265433  0.262719
 0.103466 0.0268478  0.261915
 0.104858 0.0254436  0.264605
 0.105044 0.0252148  0.264969
0.0987233 0.0253639   0.26783
 0.101848 0.0285747  0.258854
 0.103974 0.0262706  0.262913
 0.111259 0.0229475  0.275429
 0.106482 0.0241986  0.267635
 0.106627 0.0242702  0.267589
 0.111202 0.0230647  0.275505
0.0952967 0.0261518   0.27883
0.0777629 0.0449886  0.267803
 0.111555 0.0229388  0.275452
 0.113768 0.0231005  0.279049
 0.113606 0.0231876  0.279265
 0.111185 0.0230529  0.275515
  0.10948 0.0242295  0.280575
 0.111224 0.0230456  0.275581
 0.113606 0.0232051  0.279269
 0.109489 0.0242746  0.280564
0.0779294 0.0481757  0.266138
0.0774185 0.0442093  0.271555
  0.10397 0.0799032  0.255583
 0.109047 0.0854226  0.260533
0.109091 0.083548 0.261282
  0.10844 0.0854248  0.260838
0.0834733 0.0813824  0.260191
 0.103678 0.0815989  0.254559
  0.10844 0.0854278  0.260837
0.0976322 0.0838918  0.260484
0.0991497 0.0772225  0.249876
0.0991135 0.0768142  0.250044
0.0979081 0.0752009  0.248981
 0.092273 0.0649908  0.245019
0.0856503 0.0589481  0.246503
0.0787973 0.0745352   0.25366
0.0762018 0.0764667  0.261202
0.0792403 0.0797013    0.2604
0.0876427 0.0621375  0.245634
0.0856483 0.0589564  0.246494
0.0819368 0.0687383  0.248872
 0.087647 0.0621409  0.245637
0.0922708 0.0634486  0.245573
0.0711609  0.102467   0.33672
0.0775009  0.078566  0.260628
0.0976069 0.0840164   0.26039
0.0991774 0.0770333  0.250027
 0.084718 0.0780497  0.253661
0.0947496  0.070136  0.246504
0.0872915 0.0726611  0.248663
0.0923421 0.0649779  0.245087
0.0923082 0.0649989  0.245078
0.0915067 0.0646597  0.245125
0.0846152 0.0439836   0.25123
 0.078741 0.0386471  0.258565
0.0752682 0.0367613  0.265835
0.0737252 0.0378092  0.273429
0.0763879 0.0687503  0.255909
 0.079618 0.0635353  0.250902
0.0850407 0.0559221  0.247428
0.0796486 0.0636463  0.251037
 0.084597 0.0439781  0.251211
0.0752994 0.0367644  0.265872
0.0745232 0.0592837  0.265939
0.0749456 0.0720919  0.262511
0.0747492 0.0581598  0.266237
 0.124357 0.0495922  0.256738
 0.143304 0.0669203  0.252648
0.148635 0.058833 0.255662
 0.150271 0.0493386  0.258839
  0.14796 0.0398832  0.261697
 0.142057 0.0319055  0.263799
 0.133459 0.0266205  0.264827
 0.123475 0.0248324  0.264623
 0.113625 0.0268142  0.263219
 0.105409 0.0322636  0.260828
 0.100078 0.0403513  0.257815
0.0984432 0.0498459  0.254637
 0.100753 0.0593018  0.251779
 0.106657 0.0672795  0.249677
 0.115254 0.0725645  0.248649
 0.125238 0.0743516  0.248853
 0.135088 0.0723706  0.250257
 0.135157 0.0986648  0.312381
 0.130403 0.0990704   0.31188
 0.139768 0.0975508  0.313098
 0.157006 0.0864332  0.348552
 0.160574 0.0703394  0.307663
 0.160206 0.0599767  0.310964
 0.111859 0.0514003  0.361594
 0.111371 0.0521717  0.367707
 0.110835 0.0542955  0.374571
 0.127346 0.0370496  0.317348
 0.127457 0.0365921  0.315923
 0.129445 0.0364057  0.316138
 0.125355 0.0884675  0.258134
0.120375 0.085561 0.253577
 0.118737 0.0861406   0.26008
0.139016 0.105906 0.340899
0.111246 0.106178 0.338647
0.111314 0.108082 0.338041
 0.109209 0.0537435   0.35744
 0.109357 0.0531334  0.355541
 0.109295 0.0514139  0.356088
0.112212 0.120813 0.365618
0.121057 0.120041 0.366555
0.112235 0.121475 0.365407
 0.156427 0.0823788  0.329206
  0.15654 0.0838392  0.327974
 0.156546 0.0857462  0.328133
0.159728 0.080538 0.311949
 0.160114 0.0795724  0.311681
 0.159236 0.0803742  0.304335
 0.127864 0.0889381   0.26464
 0.140322 0.0888162   0.26565
 0.134573 0.0917323  0.287298
0.128745 0.100349 0.330049
0.128562 0.101103 0.332398
0.126965 0.101727 0.334179
 0.131835 0.0851273  0.248922
0.139121 0.085405 0.250608
 0.136405 0.0814094  0.243746
 0.103405 0.0563614  0.379844
 0.108978 0.0579802  0.385551
0.102998 0.058039 0.385066
0.134325 0.112665 0.369959
0.141254 0.109502 0.358498
0.129013 0.116185 0.368336
 0.155113 0.0592851  0.324052
 0.155219 0.0601427  0.322854
 0.155645 0.0570933  0.317229
 0.154065 0.0657527  0.337754
 0.154182 0.0655699  0.336292
  0.15428 0.0648664  0.334995
  0.15605 0.0503074  0.313746
 0.162211 0.0598687  0.311155
 0.158154 0.0499744  0.314017
0.157429  0.08346 0.334337
 0.158013 0.0813139  0.332895
0.128301 0.109154  0.33902
 0.131513 0.0944953  0.297638
0.128257 0.107917 0.339414
 0.124857 0.0885782  0.259887
 0.125696 0.0857128  0.263143
 0.125821 0.0892344  0.262022
 0.121312 0.0862929  0.264476
 0.123019 0.0864996  0.265315
 0.124835 0.0862585  0.264762
 0.137251 0.0957542  0.292611
 0.139648 0.0938215  0.285338
 0.146044 0.0880221  0.266401
0.134369  0.08474 0.248861
 0.136871 0.0848332  0.249434
 0.144459 0.0888633    0.2662
 0.142995 0.0891945  0.264684
 0.136151 0.0972581  0.291737
 0.119103 0.0555637  0.379095
 0.114958 0.0579226  0.386035
 0.119749 0.0561251  0.380928
 0.156117 0.0529802  0.319325
   0.1568 0.0538038  0.318302
 0.156271 0.0822206  0.331105
 0.159856 0.0821258  0.331415
 0.159757 0.0823455  0.329243
0.156744 0.058723 0.322437
 0.156623 0.0553559  0.323509
 0.156885 0.0542777  0.320153
 0.161129 0.0768795  0.315084
  0.15943 0.0830673  0.349824
 0.162586 0.0704076  0.307798
  0.15617 0.0853637   0.33272
 0.156165 0.0834571  0.332562
 0.155847 0.0863731  0.326691
 0.155044 0.0881719  0.328403
 0.156692 0.0828915  0.315854
0.112195 0.120529 0.365749
0.113342 0.109126 0.337878
0.111215 0.120823 0.365537
0.129407 0.110294  0.33874
0.145023  0.10524 0.341577
 0.143302 0.0941593  0.298665
0.157496 0.054955 0.317611
 0.131181 0.0979202  0.289771
 0.125184 0.0896688  0.263446
 0.123795 0.0897708  0.264233
 0.129514 0.0943485  0.297529
  0.13072 0.0331064   0.31075
 0.130451 0.0362456  0.316061
 0.130015 0.0361461  0.316055
 0.146035 0.0863429  0.266274
 0.146009 0.0862496  0.267144
  0.14603 0.0879999  0.266403
0.143912 0.084899 0.262627
 0.142732 0.0853884   0.26403
 0.147537 0.0856567   0.26541
 0.154353 0.0608603   0.33362
 0.153764 0.0632918  0.341189
 0.153841 0.0645314  0.340383
 0.155827 0.0802703   0.31778
 0.156417 0.0778388  0.310211
  0.15634 0.0765997  0.311017
 0.103725 0.0594082  0.376257
0.103623 0.056551 0.377167
 0.158455 0.0857841  0.328279
 0.159769 0.0809971  0.316115
 0.159467 0.0816103  0.315286
 0.109323 0.0855417  0.260869
 0.108441 0.0854296  0.260832
0.117107 0.118297 0.366807
0.111128 0.118356 0.366323
  0.12305 0.0490611  0.358969
 0.112157 0.0501699  0.357764
 0.123124 0.0487561   0.35802
0.111098 0.106788 0.340546
0.139029 0.105906 0.340901
 0.155391 0.0632563  0.339764
 0.158764 0.0639378  0.339267
 0.157278 0.0606002   0.34014
 0.155357 0.0831982  0.360682
  0.15046 0.0863909  0.369807
 0.153767 0.0918113  0.357705
 0.148469 0.0745977  0.372918
0.105739 0.115975 0.358242
0.105012 0.114605 0.367051
0.105147 0.118415 0.365838
 0.158629 0.0711533  0.353594
 0.161056 0.0770323  0.313149
0.158296 0.054078 0.322189
  0.15274 0.0603724  0.356596
 0.155536 0.0457425   0.31518
 0.147511 0.0852263  0.255737
 0.148243 0.0858196  0.259928
  0.14753 0.0824489  0.252102
 0.158204 0.0805245  0.330438
  0.14151 0.0839305  0.250414
0.140329 0.088797 0.265563
 0.129051 0.0840523  0.249404
 0.144606 0.0837889  0.380022
 0.141699 0.0748306  0.382688
 0.153621 0.0741635  0.369076
 0.138842 0.0380906  0.317909
 0.128455 0.0403458  0.329014
 0.137912 0.0418598  0.329264
 0.109054 0.0854019   0.26055
 0.108517 0.0851153  0.259918
 0.109094 0.0835414  0.261289
 0.155052 0.0538677   0.32416
 0.155003 0.0551399  0.324917
 0.155355 0.0526185  0.320271
 0.13894 0.101313 0.324464
 0.150252 0.0879643  0.301197
 0.109412 0.0614843  0.384459
0.127752 0.113752 0.362654
0.137156 0.106779 0.372191
0.132848  0.11127 0.370284
 0.138911 0.0377421  0.316447
 0.150885 0.0418747  0.316052
 0.141249 0.0365113  0.317024
0.128087 0.108519 0.341314
0.111165 0.108703 0.339936
0.138782 0.106517 0.342791
 0.128318 0.0984918  0.293875
 0.131182 0.0979515  0.289764
 0.126138 0.0975634  0.290815
0.155196 0.090908 0.346967
 0.157448 0.0828076  0.349754
 0.158194 0.0868566  0.331617
 0.158008 0.0869928  0.329708
  0.15547 0.0950127  0.345673
 0.113943 0.0251017  0.278866
 0.115094 0.0235878  0.281222
 0.113673 0.0231365  0.279181
  0.11516 0.0254919  0.280614
 0.159281 0.0817465  0.313377
 0.157059 0.0836871  0.326463
 0.157737 0.0808926  0.317764
 0.158702 0.0782137  0.318006
 0.156456 0.0792875  0.309909
  0.12847 0.0972042  0.310749
 0.128404 0.0989237  0.311771
 0.128515 0.0984662  0.310347
  0.10888 0.0479838  0.357158
 0.113402 0.0236892  0.281051
 0.114801 0.0235936  0.281197
 0.144777 0.0683938  0.375021
 0.131768 0.0655162  0.384906
  0.13576 0.0699667  0.383787
 0.129941 0.0322554  0.310085
 0.108881 0.0479958  0.357154
 0.128359 0.0976618  0.312173
 0.155756 0.0621815  0.335059
 0.159216 0.0641516  0.337139
0.155627 0.064127 0.336868
 0.130618 0.0313423  0.307295
 0.155129 0.0872632  0.327239
 0.154826 0.0885126  0.331128
 0.154946 0.0885746  0.329656
0.138769 0.101668 0.325916
0.137869 0.106493 0.340621
  0.14407 0.0312046  0.308367
 0.157819 0.0804997  0.311802
 0.157714 0.0817359  0.313258
0.157558 0.081578 0.315158
 0.159287 0.0760678  0.316564
 0.159478 0.0752785  0.314107
 0.111318 0.0506961  0.359091
 0.110883 0.0542078  0.373983
 0.138919 0.0750972  0.382385
  0.15562 0.0584898  0.317709
 0.133798 0.0540806  0.373442
 0.126648 0.0592309  0.386526
 0.118489 0.0560251   0.38692
0.125348 0.045285 0.342983
 0.125393 0.0465469  0.342581
 0.125459 0.0448275  0.341559
0.153779 0.059114 0.340491
 0.154082 0.0578647  0.336602
 0.153962 0.0578029  0.338074
 0.114835 0.0234863  0.280857
 0.115094 0.0235908  0.281221
  0.11516 0.0254952  0.280614
 0.126347 0.0411673  0.330165
 0.126458 0.0407097  0.328741
 0.128446 0.0405234  0.328956
 0.149589 0.0993644  0.343822
 0.113666 0.0231551  0.279174
 0.114838 0.0235682  0.281163
 0.113389 0.0237215  0.281047
0.127981 0.096463 0.297372
 0.131748 0.0966994  0.297212
 0.128934 0.0972451  0.296422
 0.133589 0.0943771  0.297627
 0.132784 0.0946986  0.297461
 0.132807 0.0934396  0.297867
 0.154842 0.0806243  0.329976
 0.154725 0.0808068  0.331439
 0.154627 0.0815107  0.332736
 0.157699 0.0771323  0.312874
 0.157438 0.0782106  0.316231
 0.157543 0.0769743  0.314774
 0.156114 0.0753781  0.313646
 0.155899 0.0762644  0.316405
 0.155833 0.0773945   0.31736
0.136685 0.106387 0.372037
0.143364  0.10362 0.363313
0.139602 0.101941 0.373815
 0.123293 0.0850461  0.249982
  0.12744 0.0858065  0.251433
 0.129431 0.0852496  0.249907
 0.109886 0.0555074  0.386416
   0.1089 0.0558771  0.386301
  0.15853 0.0552804  0.323672
 0.15796  0.06006 0.335897
 0.157516 0.0594543  0.336665
 0.157652 0.0649966  0.335383
 0.15746 0.065786  0.33784
 0.156071 0.0698004   0.35383
 0.11172 0.115916 0.358727
 0.154616 0.0868726   0.33352
 0.155066 0.0818457  0.327348
 0.154535 0.0840376   0.33417
 0.142559 0.0857505  0.265145
 0.143509 0.0885022  0.262204
 0.158496 0.0862435  0.332446
 0.144778 0.0847311  0.262178
 0.111254 0.0499554  0.356708
 0.154417 0.0599911  0.341149
 0.153864 0.0582055  0.339328
0.140784 0.107521 0.353809
 0.150724 0.0980585    0.3443
0.149134 0.099576 0.357731
0.110087 0.112024  0.35985
0.112868 0.112894 0.359787
0.112316 0.115244 0.367415
 0.159519 0.0833683  0.332871
 0.158862 0.0853521  0.332983
 0.152804 0.0874676  0.369426
0.157409 0.083455 0.360803
0.134368 0.092152 0.289939
 0.13295 0.093179 0.295224
 0.132986 0.0942013  0.294898
 0.135951 0.0511007  0.358268
0.148635 0.042566 0.315655
 0.154397 0.0615865  0.333212
0.157157  0.06239 0.333596
 0.154923 0.0582381  0.335478
 0.140549 0.0566856  0.371946
 0.142022 0.0618325  0.376562
 0.136688 0.0940809  0.295827
 0.138183 0.0939643  0.293178
 0.137245 0.0948987  0.292831
 0.146871 0.0676138  0.375429
 0.153041 0.0668366  0.365627
 0.150719 0.0743021  0.373239
0.113351   0.1093 0.337808
 0.143596 0.0981431  0.375346
0.141546 0.103245 0.373548
 0.110004 0.0590442  0.376863
 0.109604 0.0564925  0.377652
 0.141364 0.0969867  0.375544
 0.141917 0.0865385   0.25469
 0.143497 0.0827453  0.247477
 0.124526 0.0959187  0.291621
 0.126661 0.0976156  0.290699
 0.118563 0.0861399  0.260098
 0.126392 0.0424292  0.329763
 0.133114 0.0412938  0.330652
 0.137801 0.0423173  0.330689
 0.129334 0.0368632  0.317562
 0.127391 0.0383115  0.316946
 0.159499 0.0816724  0.315522
 0.160614 0.0787795  0.316944
 0.129358 0.0935441  0.299356
0.129403 0.094806 0.298954
 0.129469 0.0930866  0.297931
 0.130239 0.0946796  0.298345
 0.130227 0.0945792  0.296995
 0.130486 0.0946349  0.298304
0.137203 0.057897 0.373007
0.118061 0.057892 0.386287
 0.125292 0.0608293  0.385907
 0.156146 0.0841664  0.332914
 0.159341 0.0840259  0.333275
  0.15645 0.0807444  0.310152
 0.155983 0.0826707  0.316149
 0.155888 0.0816262  0.317189
0.110075 0.112121 0.359818
0.105604 0.112165 0.359455
 0.135534 0.0950001  0.295619
 0.132785 0.0945647   0.29735
 0.141798 0.0878893  0.259579
 0.125374 0.0880501  0.258247
  0.13118 0.0978858  0.289782
 0.148896 0.0587596  0.356813
0.119126 0.055349 0.379123
  0.12085 0.0532479  0.368691
  0.11564 0.0555269  0.378423
 0.154208 0.0656572  0.335921
 0.142234 0.0871079  0.257174
0.113237 0.114545 0.352225
0.113252 0.115235 0.352126
0.114298 0.110265 0.338626
 0.126133 0.0967508  0.294554
 0.155612 0.0595241  0.336484
 0.155351 0.0606023  0.339841
 0.155457 0.0593661  0.338384
 0.139939 0.0971948  0.311646
 0.130514 0.0986129  0.310456
 0.131424 0.0951301  0.299007
 0.157814 0.0785931  0.311643
 0.157265 0.0628605  0.333862
 0.158041 0.0596645  0.323914
0.112259 0.114454 0.351908
0.111786 0.115642 0.357874
 0.132115 0.0454116   0.34347
0.136802 0.046435 0.343506
0.135656 0.091096 0.285163
 0.140807 0.0883323  0.265798
 0.140675 0.0846162   0.26698
 0.138798 0.0939672  0.287511
 0.138668 0.0938284  0.291647
 0.139873 0.0931471  0.288137
 0.157795 0.0778453  0.311879
  0.16103 0.0770995  0.312912
 0.140857 0.0883533  0.265798
 0.141557 0.0840569  0.250359
 0.142004 0.0833872  0.250409
 0.155056 0.0588926  0.324803
 0.157843 0.0593677  0.324461
 0.158733 0.0605397  0.321509
 0.151168 0.0676243  0.365255
  0.14423 0.0620754  0.371042
 0.153946 0.0653889  0.339185
0.154347 0.063736  0.33404
 0.154372 0.0623395   0.33356
  0.15255 0.0886108  0.301168
0.112469 0.111881 0.348991
0.113306  0.10805 0.338207
 0.146753 0.0990831  0.364726
 0.156412 0.0769921  0.310266
 0.159097 0.0764634  0.311052
 0.109852 0.0542855  0.374317
 0.109385 0.0563026  0.380329
 0.130693 0.0947351  0.298495
 0.130801 0.0950145  0.297209
  0.13164 0.0948883  0.297823
 0.127336 0.0450986  0.343198
 0.154961 0.0809881  0.328546
0.120264 0.118262 0.367065
0.124238 0.116835 0.367833
0.121573 0.085215 0.261121
 0.120713 0.0857616  0.262739
 0.109587 0.0560252    0.3778
 0.110424 0.0542612  0.367259
 0.111238 0.0499625  0.356706
0.136699 0.094158 0.295854
 0.134355 0.0943118  0.297708
 0.140495 0.0942521  0.298206
 0.124156 0.0489634  0.359087
 0.112133 0.0494965  0.357979
0.127937 0.112165 0.346761
0.128006  0.11447 0.358152
0.138502 0.108475 0.340048
0.117243 0.115485 0.359333
 0.12765 0.111289 0.351463
0.127721 0.113569 0.361732
 0.137843 0.0422082  0.330727
 0.127456 0.0444636  0.341832
 0.136913 0.0459775  0.342082
0.114299 0.110314  0.33861
0.113287 0.115386 0.351816
0.127859 0.113036 0.350478
 0.141385 0.0510767  0.358699
  0.15373 0.0603863  0.341248
 0.154198 0.0584598  0.335251
0.122102 0.088199 0.259653
  0.12427 0.0849807  0.260683
 0.138426 0.0361616  0.316706
  0.13846 0.0371139  0.316403
 0.129534 0.0371574  0.315693
 0.132554 0.0957236  0.297325
 0.132577 0.0963762  0.297117
0.134099 0.107899 0.341982
  0.12085 0.0532098  0.368697
 0.123099 0.0505875  0.359536
 0.111145 0.0521081   0.35813
 0.155235 0.0525568  0.321744
 0.111271 0.0499628  0.356708
0.130636 0.095001 0.297147
 0.130377 0.0948324  0.296589
 0.132774 0.0949727  0.297299
0.127677 0.111416 0.351367
0.128118 0.108515 0.341318
0.138877 0.106677 0.342747
  0.15644 0.0869821  0.329589
 0.156285 0.0868244  0.331489
 0.123529 0.0803195  0.246217
  0.12259 0.0820097  0.248136
 0.128079 0.0807157  0.244422
 0.110932 0.0585378  0.377098
  0.11034 0.0609779  0.384694
  0.11555 0.0554837  0.378446
 0.111282 0.0512097  0.356309
 0.133289 0.0505541  0.358234
 0.126189 0.0498264  0.357915
 0.109958 0.0546756  0.385436
 0.125517 0.0529195  0.375315
 0.109863 0.0548421  0.386628
 0.120345 0.0857306   0.26254
 0.127444 0.0997527  0.328032
 0.125097 0.0851806  0.261407
  0.14561 0.0538077  0.358149
0.129515 0.102732 0.323274
 0.130425 0.0992478  0.311825
 0.108889 0.0555164  0.386335
 0.128335 0.0409809   0.33038
 0.140051 0.0524855  0.358122
 0.139882 0.0534433  0.359926
0.114274 0.109596 0.338838
0.114298 0.110265 0.338626
0.129247 0.110104 0.339842
 0.110538 0.0539156  0.378186
0.113169 0.108668 0.340104
 0.120803 0.0883121  0.261927
0.151299 0.100606 0.354334
 0.157031 0.0916952  0.346856
 0.152157 0.0992058  0.344075
 0.118896 0.0860124  0.260064
 0.117613 0.0840746  0.257428
0.117866  0.08516 0.260532
 0.158332 0.0784407  0.310132
 0.157318 0.0807006  0.309954
 0.130397 0.0351583  0.316613
 0.108437 0.0854632  0.260822
0.104298 0.109961 0.336891
 0.110218 0.0855596  0.260933
 0.117298 0.0854899  0.261507
 0.139882 0.0534432  0.359926
 0.140051 0.0528334  0.358029
0.102518 0.109848 0.336788
0.102517 0.109852 0.336787
0.104126 0.114194 0.348895
0.110155 0.109903 0.337366
0.128321 0.109726 0.338838
 0.131501 0.0966204  0.298042
 0.127958 0.0965353  0.297381
 0.123672 0.0949957  0.292067
 0.125129 0.0959481  0.295219
 0.126117 0.0478269  0.358552
0.114459 0.115883 0.358951
0.117273 0.115596 0.359262
 0.146361 0.0217635  0.278978
 0.155178 0.0859906  0.326483
0.111904 0.112406 0.359869
0.117269 0.115593 0.359263
0.117481 0.116755 0.362006
0.112276 0.115334 0.367383
 0.119429 0.0820269  0.250872
 0.159239 0.0837988  0.328148
 0.160792 0.0781221   0.31654
 0.160135 0.0801058  0.316652
 0.130734 0.0328506  0.310816
 0.130631 0.0311015  0.307422
 0.13113 0.031331 0.307312
 0.126067 0.0488835  0.359261
 0.123121 0.0487288  0.358028
0.120181 0.118184 0.367093
 0.155961 0.0754734  0.315478
 0.14017 0.109047 0.365056
0.138626 0.107955 0.371807
 0.156522 0.0830915   0.32821
 0.130857 0.0328182  0.310661
 0.131113 0.0313318  0.307317
 0.144068 0.0311526  0.308388
 0.130374 0.0345057  0.316821
 0.127044 0.0482305  0.359547
 0.144001 0.0336727  0.309514
 0.143972 0.0316627  0.309637
 0.157185 0.0820556  0.316972
 0.144913 0.0194954  0.271695
 0.146429 0.0236683  0.278372
 0.139847 0.0178744  0.266039
 0.144981 0.0214001  0.271088
 0.132521 0.0173345  0.263524
 0.139915 0.0197792  0.265432
 0.132588 0.0192391  0.262918
 0.114835 0.0234872  0.280857
 0.115094 0.0235908  0.281221
 0.116659 0.0193954  0.261626
  0.15673 0.0541199  0.322053
 0.113674 0.0230946  0.278962
 0.114834 0.0234628   0.28085
 0.156316 0.0829257  0.312072
 0.156219 0.0833281  0.313325
 0.155673 0.0925989  0.357661
 0.14857 0.100319  0.36455
 0.134113 0.0371761  0.317834
 0.156234 0.0757416  0.312215
 0.155808 0.0787915  0.317839
0.154518 0.084791 0.334519
 0.155467 0.0881243  0.332373
0.154993 0.088685 0.329874
 0.122933 0.0818613  0.247451
  0.12947 0.0817909  0.244076
 0.158539 0.0576145  0.317532
 0.111172 0.0480908  0.357306
 0.126185 0.0497317  0.357945
0.111167 0.047973  0.35734
 0.109487 0.0555947  0.378981
 0.110263 0.0512851  0.368888
 0.111235 0.0498778  0.356733
 0.155338 0.0605065  0.321423
 0.155455 0.0603236  0.319961
 0.155553 0.0596201  0.318664
0.154292 0.059505 0.334211
 0.153724 0.0618433  0.341491
0.129456 0.036249 0.315979
 0.129432 0.0355718  0.316194
 0.15977 0.080464 0.311817
 0.157772 0.0821229  0.312914
 0.129807 0.0326193  0.311212
 0.140813 0.0856753  0.252518
 0.139084 0.0851549   0.25069
 0.111239 0.0499637  0.356706
0.128378 0.115354  0.36104
 0.140325 0.0888174  0.265651
 0.140795 0.0883437   0.26584
  0.13461 0.0916155  0.287294
 0.142316 0.0894933  0.378025
 0.142105 0.0857774  0.379203
0.144849 0.086343 0.379235
   0.1568 0.0668909  0.354819
0.128058 0.114874 0.368761
0.129137 0.116502 0.368322
 0.140767 0.0934331   0.30028
 0.131402 0.0949528  0.299062
 0.155912 0.0873019  0.333303
 0.156465 0.0861389  0.334095
0.127067 0.048884 0.359339
 0.126068 0.0488935  0.359258
   0.1294 0.0351673  0.316533
  0.13067 0.0946148  0.298458
 0.130311 0.0945448  0.296999
 0.130788 0.0949033  0.297185
 0.157109 0.0800833  0.304263
 0.129721 0.0360374  0.316062
 0.155451 0.0587946  0.338321
 0.15897 0.062259 0.335217
 0.126503 0.0419717  0.328339
 0.129597 0.0916456  0.286497
 0.130495 0.0942257  0.294696
 0.144926 0.0903173  0.377964
0.134158 0.102783 0.325199
0.129404 0.103189 0.324698
 0.127043 0.0482303  0.359547
 0.127118 0.0479274  0.358597
 0.136799 0.0495283  0.358837
 0.140878 0.0929756  0.298856
 0.131557 0.0957335  0.297244
 0.125374 0.0883879  0.258144
 0.125504 0.0460894  0.341157
  0.13388 0.0643584  0.385442
0.132899  0.11123 0.370309
 0.13696 0.106547  0.37213
0.127516 0.102584 0.323165
 0.142167 0.0858099  0.378734
 0.146121 0.0875391  0.261648
 0.147537 0.0855783  0.264938
0.146928 0.085578 0.263609
 0.156724 0.0535482  0.321989
 0.160243 0.0570128  0.318887
 0.157029 0.0569353  0.318729
0.118919 0.117434 0.364297
 0.109266 0.0539623  0.381507
 0.124729 0.0958373  0.291619
 0.125177 0.0958092  0.295226
  0.15631 0.0740524  0.363395
 0.132747 0.0936634  0.297791
   0.1328 0.0949543  0.297293
0.112285 0.115022  0.35165
0.111236 0.121403 0.365352
0.129247 0.110099 0.339844
0.128254 0.110125 0.339758
 0.132352 0.0972092  0.296689
0.111231 0.121453 0.365336
 0.11123  0.12123 0.365444
  0.15547 0.0532136   0.31892
0.111222 0.120994 0.365469
0.113371 0.109872 0.337626
 0.11015 0.109672 0.337451
0.107305 0.119685 0.361873
0.127502 0.037854 0.315522
 0.156223 0.0602014  0.333942
 0.156901 0.0574069  0.325244
 0.14092 0.106941 0.350811
0.111649 0.116289  0.35965
0.113304 0.107967 0.338233
0.112463 0.111822 0.349065
0.106535 0.121147 0.365068
0.106402 0.120889 0.364525
  0.1051 0.120949  0.36502
 0.128991 0.0841764  0.249337
 0.127849 0.0889673  0.264535
0.127355 0.088448 0.264664
 0.132806 0.0950786  0.297233
 0.131811 0.0848828  0.249024
 0.154845 0.0582263  0.335655
 0.155137 0.0529592  0.322997
 0.127118 0.0479264  0.358598
 0.160489 0.0589054  0.320809
0.160366 0.057667 0.319316
 0.121086 0.0887345  0.263211
 0.125369 0.0887514  0.260465
 0.131691 0.0965594  0.297867
 0.132272 0.0950241  0.297424
 0.141895 0.0863456  0.254744
 0.126027 0.0865015  0.253457
 0.125317 0.0872735  0.255802
0.133749 0.107382 0.340014
0.132226 0.044954 0.342046
 0.127447 0.0446411  0.341774
 0.159321 0.0572497  0.323931
 0.159094 0.0629133  0.335647
 0.158425 0.0609428  0.335427
 0.150622 0.0979546  0.344358
 0.160102 0.0587576  0.322707
 0.119226 0.0838725  0.253262
 0.144724 0.0889687  0.266259
 0.155126 0.0881378   0.32817
  0.15592 0.0862552  0.326555
 0.155139 0.0822385  0.326597
 0.146014 0.0873806  0.261578
 0.147609 0.0867402  0.262002
 0.141822 0.0881447    0.2595
 0.159241 0.0541026  0.319911
 0.119347 0.0569682  0.383532
0.111166 0.108701 0.339937
 0.158561 0.0786869  0.318252
 0.155791 0.0795446  0.318188
 0.110979 0.0586272  0.377073
 0.107624 0.0619022  0.384185
 0.153909 0.0582383   0.33957
  0.15447 0.0601072  0.341296
 0.153783 0.0641389  0.341134
  0.13728 0.0957272  0.292568
0.132395 0.097238 0.296839
0.138288 0.069224 0.384223
0.105583 0.116291 0.359217
 0.143892 0.0941484  0.297343
 0.143853 0.0930625  0.297694
0.111646 0.116221 0.359676
0.104495 0.116657 0.360246
 0.157006 0.0576447  0.319081
 0.156899 0.0588807  0.320537
0.157193 0.081009 0.310224
0.103084  0.11767  0.36327
 0.128564 0.0835175   0.24932
  0.14767 0.0852966  0.264502
 0.158842 0.0848187  0.328012
0.122281 0.101773   0.3338
  0.12276 0.0997983  0.327653
 0.125159 0.0995428  0.327118
 0.131188 0.0979828  0.289753
    0.157 0.0557376  0.318922
0.126243 0.047296 0.350306
 0.126925 0.0466815   0.34845
0.124675 0.047757 0.351578
 0.108949 0.0498994  0.356548
0.126539 0.046076 0.346508
0.129356  0.03625 0.315971
  0.12721 0.0507258  0.347173
 0.126834 0.0470204  0.349509
 0.126043 0.0458012  0.345597
 0.125837 0.0892682   0.26203
  0.12608 0.0857793  0.263341
   0.1232 0.0897803   0.26457
 0.125188 0.0456438     0.345
 0.123234 0.0455002  0.344329
 0.120835 0.0457559  0.344865
 0.155419 0.0881379  0.332185
 0.159783 0.0822786  0.329479
 0.130608 0.0313681  0.307566
 0.12961 0.036106 0.316015
 0.129426 0.0355733  0.316194
 0.129808 0.0326181  0.311211
 0.131452 0.0947566  0.298421
  0.13149 0.0965522  0.298022
 0.156664 0.0580102  0.323433
 0.158552 0.0553532  0.323809
0.156725 0.053732 0.322402
 0.131516 0.0965706  0.297847
0.128254 0.107821 0.339445
 0.131445 0.0947031  0.298498
 0.131435 0.0947277  0.298553
 0.135455 0.0966856  0.295327
 0.137263 0.0957417  0.292617
 0.135982 0.0974671  0.291613
 0.157443 0.0801174  0.316389
0.109483 0.114561 0.367413
 0.132999 0.0510806  0.360152
   0.1231 0.0505886  0.359536
 0.130681 0.0947424  0.298649
 0.131429 0.0947352   0.29871
0.128994 0.104771  0.32995
  0.12339 0.0849748  0.260568
0.128311 0.105387 0.331806
0.128607 0.104167 0.328008
0.128991 0.100724  0.33125
0.129067 0.104432  0.32889
0.127681 0.105672 0.332625
 0.133284 0.0984499  0.294455
0.126744 0.105848 0.333077
0.124711  0.10603 0.333425
0.122425  0.10582 0.332509
 0.109147 0.0520091  0.357992
 0.138631 0.0937632  0.291644
0.137735 0.094795 0.291286
 0.137157 0.0948529  0.292789
 0.157614 0.0614844  0.340331
 0.158048 0.0624959  0.340262
 0.156569 0.0646137  0.340792
0.121124 0.105224 0.330492
  0.11015 0.0836625  0.261563
 0.110371 0.0530627  0.367764
  0.10854 0.0530746   0.36765
0.109488 0.055636  0.37898
0.127471 0.101322 0.323567
0.127405 0.103041 0.324589
0.110864 0.116206 0.359638
0.113297 0.107793 0.338295
0.111651  0.11636 0.359632
 0.141453 0.0820945  0.380335
 0.144275 0.0823981  0.380457
 0.127067 0.0488762  0.359342
 0.124239 0.0482771  0.359314
0.110088 0.107999 0.337972
 0.127352 0.0449218  0.343259
  0.15674 0.0828779  0.316042
 0.156266 0.0834385  0.313543
 0.142457 0.0807162  0.246125
 0.109155 0.0555314  0.378979
 0.109147 0.0520091  0.357992
0.109296 0.051412 0.356089
 0.111282 0.0512106  0.356308
0.157023 0.059324 0.338519
 0.157585 0.0593913  0.336437
 0.122156 0.0893669  0.264114
 0.132283 0.0949991  0.297391
 0.132823 0.0950461  0.297348
  0.15471 0.0879171   0.33248
0.156402 0.082017 0.310909
 0.156099 0.0832662  0.314797
0.142868 0.088757 0.262903
 0.144019 0.0881836  0.261587
 0.108196 0.0593645  0.376619
0.141334 0.104916 0.341398
0.113307 0.108063 0.338202
 0.157927 0.0814097  0.327955
 0.155145 0.0830851  0.326542
0.128254 0.110123 0.339759
 0.117491 0.0553695  0.378305
  0.11555 0.0554845  0.378448
 0.158226 0.0869187  0.331853
0.134269 0.102325 0.323775
   0.1388 0.0381997  0.317871
 0.107604 0.0618046  0.384215
 0.155626 0.0556141  0.317289
 0.155565 0.0542586   0.31788
 0.154998 0.0565971   0.32516
 0.109253 0.0836156  0.261478
  0.10873 0.0835498  0.261463
 0.108769 0.0833638  0.260907
 0.143005 0.0941846  0.297738
 0.144994 0.0940451  0.296026
0.138672 0.093859 0.291651
 0.146641 0.0617503   0.36657
0.108728 0.083549 0.261459
 0.109347 0.0836396  0.261542
0.139008 0.105865 0.340912
0.141339 0.104927 0.341396
 0.103133 0.0618484  0.383853
 0.130106 0.0917762  0.286936
 0.130376 0.0947149  0.296219
 0.155452 0.0589783  0.338732
 0.156399 0.0828915   0.31184
0.111312 0.114846 0.367465
 0.155036 0.0580455  0.324858
 0.115161 0.0254954  0.280614
 0.114869 0.0254984   0.28059
 0.122013 0.0864816  0.265136
 0.147667 0.0868197     0.262
 0.154283 0.0743754  0.363132
 0.157145 0.0743401  0.352452
  0.15498 0.0676275   0.35444
 0.151169 0.0615109  0.356108
 0.13888 0.101211 0.324492
 0.12736  0.10178 0.324991
 0.113751 0.0255755  0.280472
 0.114903 0.0253806  0.280252
 0.116548 0.0531574  0.377174
 0.109959 0.0548009  0.385437
  0.11216 0.0499392  0.357862
 0.156768 0.0649108  0.340245
  0.12098 0.0498027  0.343575
 0.119383 0.0504267  0.345357
 0.120501 0.0517774  0.349722
 0.116548 0.0532454  0.377164
 0.141543 0.0356022  0.316085
 0.142155 0.0365153  0.315484
 0.107829 0.0499772  0.356436
 0.114868 0.0254873  0.280587
 0.155727 0.0609839  0.335253
 0.155471 0.0639691  0.338768
 0.155357 0.0625083  0.339999
    0.145 0.0610064  0.372886
  0.11394 0.0251249  0.278853
  0.14823 0.0605314  0.367015
 0.113677 0.0231722  0.279172
  0.11415 0.0250105  0.278582
 0.15187 0.100644 0.352035
0.142533 0.107026 0.340804
 0.155183 0.0845341   0.32624
 0.160511 0.0785526  0.311817
 0.159697 0.0556966  0.319096
 0.126144 0.0485889  0.358309
 0.112106 0.0248226  0.275151
 0.11128 0.023029 0.275498
 0.112034 0.0248268  0.275021
 0.111244 0.0230325  0.275441
 0.141809 0.0879927   0.25955
 0.119244 0.0839665  0.253643
 0.155732 0.0628909  0.335412
 0.147245 0.0868659  0.262788
 0.141735 0.0833033  0.250117
 0.141533 0.0840418  0.250336
 0.128866 0.0834271  0.249061
 0.137246 0.0949006  0.292814
0.158858 0.054145 0.320106
 0.129817 0.0349799  0.311372
 0.129463 0.0364403  0.315918
 0.129483 0.0370102  0.315736
 0.140362 0.0630455  0.375958
 0.160037 0.0586916  0.322936
 0.138513 0.0944528   0.28889
    0.146 0.0871628   0.26667
 0.139864 0.0936595  0.284774
 0.159199 0.0761634  0.311624
 0.10423  0.10807 0.337493
 0.154985 0.0612856  0.341588
0.104038 0.111931 0.348572
 0.10423 0.108077 0.337491
 0.110148 0.0836675  0.261579
0.120205 0.118268 0.367058
 0.126908 0.0844735  0.265982
 0.11723 0.083586 0.262114
 0.154555 0.0855167  0.334111
 0.157257 0.0605267  0.340003
0.125303  0.10359 0.325829
 0.130186 0.0946418  0.298279
 0.129991 0.0943671  0.297394
  0.13017 0.0935698   0.29491
 0.10423 0.108056 0.337497
0.121306 0.104471 0.328147
0.122904 0.103846 0.326364
 0.149692 0.0993589  0.354559
 0.130083 0.0343206  0.309447
 0.129909 0.0338814  0.308409
 0.130093 0.0348301  0.311464
0.110082  0.10787 0.338017
 0.157288 0.0839332  0.334583
0.111313 0.108081 0.338041
0.113159 0.108681 0.340099
 0.148497 0.0817579  0.259872
  0.14607 0.0917634  0.291014
 0.142149 0.0793239  0.251519
 0.140962 0.0843353  0.267121
0.127257 0.103734   0.3265
 0.158924 0.0597504  0.319052
 0.130666 0.0949243   0.29857
  0.13023 0.0362257  0.316047
 0.158887 0.0562381     0.324
 0.129911 0.0944446  0.297049
 0.128181 0.0794417  0.250325
 0.120934 0.0510365  0.368205
 0.118643 0.0777593  0.243976
 0.128547 0.0793454  0.250064
 0.140461 0.0932998  0.298509
 0.141871 0.0792217  0.251167
0.155527 0.059051 0.334633
 0.156258 0.0560384  0.325258
 0.141983 0.0778697  0.246932
 0.147049 0.0794907  0.252588
 0.134653 0.0918744  0.290088
0.114159 0.115556 0.359074
 0.133035 0.0933722  0.297907
  0.13324 0.0928867   0.29533
0.146173 0.093472 0.289953
0.145891 0.093893 0.293472
 0.145836 0.0923206  0.293976
 0.144967 0.0927937  0.296398
 0.122625 0.0882771  0.259613
 0.124154 0.0884534    0.2596
 0.142995 0.0931511  0.298054
 0.148599 0.0846149  0.258962
 0.148329 0.0846636  0.262296
 0.130013 0.0917937  0.287006
 0.134655 0.0917471  0.287381
  0.14849 0.0843028   0.26027
 0.132388 0.0972515  0.296757
 0.148588 0.0844649  0.259076
 0.147151 0.0823469  0.251678
  0.11871 0.0774857  0.243124
 0.134657 0.0773297  0.244417
 0.142085 0.0807259  0.246022
 0.118697 0.0776561  0.243659
 0.126135 0.0485339  0.358326
 0.130542 0.0793495  0.243448
 0.134759 0.0801859  0.243508
 0.154689 0.0807197  0.331809
 0.126067 0.0967975  0.294611
 0.118398 0.0776821  0.243728
 0.118777 0.0793749  0.242524
 0.118703 0.0775119  0.243206
 0.130081 0.0347431   0.31041
 0.129689 0.0372002  0.315691
 0.142933 0.0859535  0.265829
 0.115626 0.0554568   0.37845
 0.155998 0.0755605  0.315108
0.129224 0.109449 0.340051
0.129247   0.1101 0.339844
 0.123095 0.0505884  0.359535
  0.13178 0.0509004  0.360112
0.128142 0.115024 0.368726
 0.138871 0.0940084  0.287516
 0.139886 0.0931662  0.288136
 0.146436 0.0873373  0.266765
 0.157824 0.0817097  0.327383
 0.155689 0.0547448  0.324818
 0.128937 0.0972926  0.296499
0.124691 0.102133 0.335152
0.121213 0.101474 0.332741
0.124583 0.106124 0.333704
0.120867 0.104929  0.32954
0.124567 0.101983 0.334714
 0.137739 0.0954773  0.291135
 0.137594 0.0955758  0.291544
 0.121878 0.0999886  0.328151
0.125163 0.103436 0.325327
 0.155628 0.0626531  0.341574
 0.125329 0.0994051  0.326684
0.125396 0.103505 0.325588
  0.12985 0.0338128  0.308374
  0.12904 0.0841571  0.249328
 0.123569 0.0493937  0.342627
 0.129988 0.0338331  0.308427
0.119238  0.04638 0.346647
 0.119761 0.0501242  0.344448
 0.123151 0.0454085  0.344033
 0.118837 0.0466813  0.347546
 0.123378 0.0495473   0.34304
 0.119055 0.0471334  0.348992
  0.15456 0.0826409  0.333691
0.120357  0.04773  0.35101
 0.119707 0.0516042  0.349088
 0.122426 0.0480979  0.352397
 0.122642 0.0479403  0.351925
 0.122786 0.0519874  0.350636
 0.122887 0.0521228  0.351092
 0.122697 0.0480246  0.352178
  0.13747 0.0947577  0.291201
 0.107491 0.0516646  0.361953
 0.107829 0.0499742  0.356436
 0.116466 0.0203697  0.264665
 0.137248 0.0949312    0.2928
  0.15567 0.0563393  0.316881
 0.158429 0.0571437  0.317265
 0.156196 0.0529919  0.319147
 0.114935 0.0253884  0.280258
 0.116386 0.0206667  0.265586
 0.114149 0.0250085  0.278581
 0.135148 0.0915885  0.286937
 0.155742 0.0548609  0.324965
 0.147218 0.0855228  0.266068
 0.116575 0.0175092  0.262225
 0.143792 0.0349447  0.312249
 0.143736 0.0333712  0.312747
 0.142945 0.0360153  0.314481
 0.140989 0.0368075  0.315998
0.117478 0.116753 0.361999
 0.156454 0.0850673  0.326347
   0.1192 0.0511813  0.347705
0.111166 0.108702 0.339937
 0.157418 0.0789201  0.316583
 0.155481 0.0604109   0.31959
 0.148347 0.0847047  0.259046
0.140807  0.08833 0.265797
 0.142006 0.0833888  0.250416
 0.129511 0.0358891  0.316099
 0.122949 0.0483963  0.359175
 0.124685 0.0958629  0.291594
 0.12098 0.101177 0.331782
0.121163 0.100423 0.329434
 0.126782 0.0511079   0.34832
 0.126965 0.0503533  0.345971
 0.125664 0.0497573  0.343955
  0.12937 0.0911613  0.284666
  0.12722 0.0847479  0.265889
 0.127352 0.0884539  0.264709
 0.128551 0.0835205  0.249325
 0.127352 0.0884565  0.264707
 0.128418 0.0798067  0.250508
0.125185 0.051732 0.350101
  0.12942 0.0362853  0.315964
  0.15663 0.0572621  0.323668
 0.128353 0.0793352  0.250182
 0.128703 0.0796912  0.249863
 0.128006 0.0799318  0.250343
 0.130481 0.0938442  0.294818
 0.107419 0.0537809  0.370269
 0.10799 0.055568  0.37888
0.129979 0.091718 0.286977
 0.129571 0.0915555  0.286391
 0.128981 0.0906366  0.281571
   0.111 0.117888  0.36277
0.111409  0.11787 0.362781
 0.11115 0.119471 0.365967
0.159107 0.074043 0.352701
 0.11115 0.119475 0.365965
0.110872 0.116387 0.359563
 0.141873 0.0796749  0.251599
 0.10267 0.112085 0.349227
0.105273  0.11637 0.359429
0.104193 0.116871 0.360631
 0.10569  0.11628 0.359193
0.105273 0.116368 0.359422
 0.139879 0.0970932  0.311674
 0.146031 0.0880176  0.266398
 0.133225 0.0408363  0.329228
 0.146289 0.0861568  0.266842
 0.139878 0.0534432  0.359926
 0.118777 0.0793506  0.242532
 0.109323 0.0855327  0.260872
 0.117664 0.0847261  0.259147
 0.117668 0.0839651  0.256761
 0.146274 0.0931037  0.288654
0.148248 0.084968 0.263329
0.158497  0.08571 0.328147
 0.138672 0.0939449   0.29164
 0.146276 0.0931582  0.288641
 0.147618 0.0854607  0.265124
 0.148639 0.0843506  0.259459
0.147535 0.085554 0.263584
 0.144403 0.0862716  0.266991
 0.147245 0.0868734  0.262785
 0.147213 0.0859735  0.263073
0.148596 0.084707 0.258951
 0.154042 0.0576911  0.337867
 0.148215 0.0857629  0.259941
0.141752 0.109026 0.353124
  0.14589 0.0938683  0.293483
  0.14599 0.0937873  0.292244
 0.129476 0.0790126  0.243563
 0.123478 0.0803814  0.246158
 0.129176 0.0792879  0.243361
 0.147479 0.0855027  0.265617
 0.143737 0.0333978  0.312742
 0.143816 0.0327412  0.311685
 0.142884 0.0347804    0.3149
 0.130453 0.0362401  0.316059
 0.140926 0.0357845  0.316337
 0.130859 0.0328674  0.310635
 0.114935 0.0253914  0.280254
0.114173 0.024987  0.27858
 0.113685 0.0231342  0.279178
 0.115591 0.0554482  0.378453
 0.115161 0.0254954  0.280614
 0.116135 0.0214841  0.268127
 0.114935 0.0253911  0.280253
0.129427 0.103381 0.324639
 0.147295 0.0850734  0.263551
 0.145796 0.0847695   0.26243
0.109863 0.054831  0.38663
 0.156499 0.0873691  0.329245
 0.132378 0.0949938  0.297361
 0.155182 0.0529919  0.323239
 0.109586 0.0560144  0.377808
 0.122945 0.0483558  0.359187
 0.155314 0.0524449  0.321536
 0.135268 0.0982073  0.310957
 0.12732  0.08847 0.264706
 0.130055 0.0916565  0.286913
 0.129046 0.0906114   0.28154
 0.121387 0.0881991  0.260479
 0.118644 0.0777514  0.243971
0.117231 0.083595 0.262111
   0.1093 0.0836157  0.261528
 0.136156 0.0945471  0.299563
 0.108704 0.0833127  0.260565
 0.109147 0.0520082  0.357992
 0.111134 0.0518059  0.358212
 0.136466 0.0905387  0.282141
 0.127871 0.0889188  0.264553
 0.117657 0.0774937  0.244094
 0.118782 0.0793957  0.242511
 0.118431 0.0776915   0.24376
0.129321 0.109797 0.338893
 0.137279 0.0957594  0.292532
 0.111283 0.0512239  0.356305
 0.128832 0.0834177  0.248907
 0.128453 0.0835322   0.24928
 0.141729 0.0832996  0.250107
 0.128872 0.0834258  0.249065
 0.141597 0.0795858   0.25129
 0.158829 0.0640038  0.339038
 0.142159 0.0834085  0.250367
 0.141769 0.0832894  0.250007
  0.12874 0.0797119  0.250247
 0.142037 0.0792205   0.25135
  0.14225 0.0797412  0.251536
 0.141721 0.0796029  0.250846
 0.123713 0.0948971  0.292089
  0.11898 0.0859769  0.260072
0.111809 0.115624 0.357822
0.114195 0.115892 0.358928
0.142259 0.106624 0.340921
  0.12469 0.0958634  0.291608
0.131759 0.114503 0.400765
 0.112812 0.0971748  0.404855
0.137091 0.106416 0.403778
 0.138726 0.0969212  0.406956
 0.136416 0.0874654  0.409814
 0.130513 0.0794877  0.411916
 0.121915 0.0742027  0.412944
 0.111931 0.0724156   0.41274
 0.102081 0.0743965  0.411336
0.0938647 0.0798468  0.408945
0.0885334  0.087934  0.405931
0.0868988 0.0974285  0.402754
0.089209 0.106884 0.399896
0.0951122  0.114862  0.397794
 0.10371 0.120147 0.396766
0.113694 0.121935  0.39697
0.123544 0.119953 0.398374
F
 44 573 620
 44 620 636
  44  636 1830
  44  708 1644
  44 1644  573
  44 1830  708
304 560 573
304 561 571
304 562 570
304 569 562
304 570 561
304 571 560
 304  573 1210
304 577 569
 304 1210  577
454 456 465
454 458 488
454 465 466
454 466 467
454 467 521
454 488 456
454 521 458
456 466 465
456 485 466
456 488 485
458 461 488
458 521 461
461 490 488
 461  520 1864
461 521 520
 461 1864  490
462 520 522
 462  522 1864
 462 1864  520
464 520 521
464 521 522
464 522 520
466 485 487
466 487 565
466 521 467
466 522 521
466 531 522
466 565 531
482 486 488
482 488 489
 482  489 1865
482 498 486
 482 1865 1866
 482 1866  498
485 486 630
485 488 486
485 630 487
486 497 555
486 498 497
486 555 630
487 623 651
487 630 623
487 643 565
487 650 643
487 651 650
488 490 489
 489  490 1865
 490 1864 1865
494 497 498
 494  498 1867
 494 1327  497
 494 1867 1327
497 556 555
 497 1327  556
 498 1866 1867
 503  556 1327
503 613 556
503 682 613
 503 1325  682
 503 1327 1867
 503 1867 1868
 503 1868 1325
508 510 597
 508  577 1210
508 597 577
 508 1178 1200
 508 1200 1808
 508 1206 1178
 508 1208 1206
 508 1210 1208
 508 1808 1860
 508 1860  510
510 512 533
510 533 536
510 536 550
510 550 568
510 568 597
 510 1860 1861
 510 1861  512
 512 1861 1862
 512 1862  533
 522  531 1863
 522 1863 1864
 529  531 1862
 529 1862 1863
 529 1863  531
 531  533 1862
531 565 567
531 567 533
533 550 536
533 567 550
550 563 568
550 567 563
555 556 624
555 624 631
555 631 630
556 613 624
559 560 561
559 561 641
559 573 560
559 641 648
559 648 573
560 571 561
561 562 641
561 570 562
562 563 566
562 564 642
562 566 564
562 569 563
562 642 641
563 567 566
563 569 568
564 565 643
564 566 567
564 567 565
564 643 642
568 569 577
568 577 597
573 648 620
 573 1639 1210
 573 1644 1639
613 634 624
613 682 933
613 933 634
620 625 639
620 626 625
620 627 636
620 639 627
620 648 626
622 623 631
622 624 634
622 627 645
622 631 624
622 634 636
622 636 627
622 644 623
622 645 644
623 630 631
623 644 651
625 626 627
625 627 639
626 645 627
626 646 645
626 648 646
 634  933 1830
 634 1830  636
641 642 644
641 644 645
641 645 646
641 646 648
642 643 650
642 650 644
644 650 651
 655  656 1466
655 819 656
 655 1466  819
 656  657 1208
 656  722 1206
656 756 722
656 819 756
 656 1206  657
 656 1208 1210
 656 1210 1639
 656 1639 1644
 656 1644 1466
 657 1206 1208
 682  693 1389
682 706 933
682 707 706
 682 1311  693
 682 1325 1311
 682 1360  707
 682 1389 1360
 692  693 1868
 692  949 1360
 692 1089  949
 692 1260 1785
 692 1360  693
 692 1547 1089
 692 1785 1547
 692 1868 1869
 692 1869 1260
 693 1311 1868
 693 1360 1389
 698  699 1245
 698  997 1549
 698 1245  997
 698 1549  699
 699  756 1782
699 818 855
699 855 997
 699  997 1245
 699 1549  756
 699 1782  818
706 707 708
 706  708 1230
 706 1230  933
707 987 988
707 988 708
 707 1360  987
 708  988 1466
 708 1466 1644
 708 1830 1230
 713 1260 1869
 713 1546 1785
 713 1785 1260
 713 1853 1546
 713 1869 1853
 722  723 1178
 722  755 1753
722 756 755
 722  812 1336
 722 1178 1206
 722 1297 1361
 722 1336 1337
 722 1337 1297
 722 1361  723
 722 1753  812
 723  816 1178
 723 1361  816
 749  754 1009
749 755 756
749 756 754
749 961 755
 749 1009  961
754 756 813
754 813 998
 754  998 1009
 755  961 1009
 755  964 1753
 755 1009 1152
 755 1152 1221
 755 1221  964
 756  819 1782
 756 1050  813
 756 1549 1050
 766 1153 1517
 766 1517 1547
 766 1546 1153
 766 1547 1785
 766 1785 1546
 812 1258 1361
 812 1303 1258
 812 1361 1336
 812 1753 1303
 813 1050  998
 815  816 1361
 815  979 1543
 815 1138 1200
 815 1200  816
 815 1258  979
 815 1361 1258
 815 1543 1138
 816 1200 1178
 817  818 1782
817 819 988
 817  987 1480
817 988 987
 817 1293 1517
 817 1480 1293
 817 1517  818
 817 1782  819
 818 1153  855
 818 1517 1153
 819 1466  988
 826  979 1303
 826 1303 1857
 826 1857  979
 855 1152 1489
 855 1153 1546
 855 1221 1152
 855 1489  997
 855 1546 1221
896 897 898
 896  898 1133
 896  973 1859
 896 1099  973
 896 1133 1200
 896 1200 1099
 896 1859  897
 897 1859  898
 898 1200 1133
 898 1808 1200
 898 1859 1860
 898 1860 1808
 933 1230 1830
 949 1089 1293
 949 1293 1480
 949 1480 1360
 962 1009 1185
 962 1152 1009
 962 1185 1489
 962 1489 1152
 964 1221 1855
 964 1303 1753
 964 1855 1856
 964 1856 1303
 973 1099 1138
 973 1138 1543
 973 1541 1858
 973 1543 1541
 973 1858 1859
 979 1258 1303
 979 1541 1543
 979 1857 1858
 979 1858 1541
 987 1360 1480
 997 1185 1549
 997 1489 1185
 998 1050 1549
 998 1185 1009
 998 1549 1185
1089 1547 1293
1099 1200 1138
1221 1546 1855
1293 1547 1517
1297 1337 1361
1303 1856 1857
1311 1325 1868
1336 1361 1337
1546 1853 1855
1853 1856 1855
1853 1857 1856
1853 1858 1857
1853 1869 1858
1858 1863 1859
1858 1869 1863
1859 1863 1860
1860 1863 1861
1861 1863 1862
1863 1868 1864
1863 1869 1868
1864 1867 1865
1864 1868 1867
1865 1867 1866
