28
l_forearm 
V
  0.16458 0.0319264  0.118331
 0.163261 0.0386765  0.120365
 0.164732 0.0323002  0.119522
0.0883383 0.0590113  0.204539
0.0907859  0.062196  0.205775
0.0935874 0.0661583  0.206363
0.0973145   0.01708  0.218397
 0.102127 0.0153752  0.221652
   0.1041 0.0159396  0.222744
 0.139898 0.0698474  0.195409
 0.138025 0.0725214  0.198114
 0.123647 0.0774327  0.221672
 0.130257 0.0733508  0.211167
  0.173319 0.00719831   0.149819
 0.169139 0.0057837  0.147547
 0.166789 0.0059751   0.14608
 0.123285 0.0772545   0.22232
0.127693  0.07421 0.215372
 0.130255 0.0728408  0.211263
 0.129363 0.0710552  0.192964
 0.105061 0.0733732  0.211121
 0.123649 0.0776601  0.221636
 0.110332 0.0750308  0.214882
 0.115619 0.0762462  0.217009
 0.108665 0.0745104  0.213102
 0.165029 0.0288442  0.119412
  0.16512 0.0249073  0.119884
 0.123627 0.0775268   0.22169
0.0989504 0.0151399  0.218647
   0.1027 0.0722261    0.2099
 0.121403 0.0685645  0.188364
 0.112704 0.0335946  0.169375
 0.113335 0.0318203  0.168739
  0.11272 0.0365427  0.168819
0.114374 0.064943 0.184509
0.0977395 0.0694325   0.20741
0.0958098  0.035081  0.192138
 0.095752 0.0360426  0.191914
0.0870374 0.0317036  0.209339
0.0992541 0.0706389  0.208192
 0.108532 0.0600526  0.181618
0.0906692 0.0626122  0.204415
0.0855342 0.0351252  0.207769
 0.086628 0.0298052  0.209454
  0.10412 0.0537701  0.179897
0.0857972 0.0519859  0.203504
0.0864663 0.0538317  0.203555
  0.16464 0.0178004  0.122286
 0.164623 0.0188438  0.122143
 0.163441 0.0137708  0.125876
 0.137487 0.0197027  0.142137
 0.128616 0.0155534  0.158096
 0.141221 0.0131603   0.14625
 0.101358 0.0459949  0.179536
0.0852637 0.0495188  0.203738
 0.100387 0.0367109   0.18066
0.0847937 0.0413726  0.204952
 0.147225 0.0088271  0.151485
 0.134361 0.0107895  0.163181
  0.143731 0.00764184   0.170286
 0.101258 0.0276448  0.182993
0.0857239 0.0308596  0.207511
0.0850363 0.0416334  0.206396
0.0856058 0.0482105  0.205304
 0.117126 0.0321879  0.157133
 0.118413 0.0222432  0.160009
 0.118399 0.0420371   0.15619
 0.121919 0.0501052   0.15721
 0.128226 0.0571835  0.160337
  0.13824 0.0629664   0.16611
 0.144723 0.0650442  0.170019
  0.15243 0.0664188   0.17472
 0.154043 0.0637066  0.172465
 0.153958 0.0657288  0.172247
  0.15302 0.0138238   0.13365
 0.150719 0.0194268  0.130835
 0.149237 0.0629949   0.16315
 0.156741 0.0643695  0.167759
 0.114834 0.0140995  0.229629
 0.122794 0.0146021  0.234376
 0.122799 0.0155927  0.234189
  0.170752 0.00607517   0.154381
  0.156338 0.00765575   0.178602
 0.122556 0.0308844  0.150378
 0.163433 0.0131398  0.126005
  0.16128 0.0103701  0.131675
 0.123788 0.0213377  0.153165
0.127161 0.048206 0.150527
 0.170968 0.0537677  0.141501
 0.170345 0.0539685  0.139043
  0.17048 0.0530743  0.139297
 0.123774 0.0403443  0.149496
 0.133256 0.0551811  0.153629
 0.142951 0.0609239  0.159315
0.134792 0.028487 0.138005
 0.135732 0.0201898  0.140371
 0.138735 0.0443524  0.138088
 0.135824 0.0370662  0.137192
 0.143345 0.0503013  0.140458
 0.149449 0.0548998  0.144044
0.156844 0.058126 0.148594
  0.166966 0.00643499   0.150763
  0.166616 0.00633422   0.149148
0.168361   0.0063 0.151637
 0.156741 0.0643606  0.167761
 0.169396 0.0527411  0.138701
 0.167783 0.0525928  0.139034
 0.165373 0.0599176  0.153885
 0.164464 0.0584272  0.155697
 0.165152 0.0600374  0.154239
0.0905671 0.0222148  0.213306
0.0933272 0.0187078  0.215302
0.0881503 0.0247555  0.210993
0.168393 0.050991 0.138419
0.173565 0.052206 0.141341
 0.170993 0.0531379  0.145527
0.0867592 0.0537664  0.204941
  0.170158 0.00437785   0.148535
   0.17022 0.00567958   0.148225
  0.170075 0.00475584   0.148314
 0.170753 0.0552528  0.140136
  0.17062 0.0548478  0.139451
 0.173141 0.0555468  0.141463
  0.17073 0.0552366  0.140055
 0.110493 0.0132836  0.226792
0.168215 0.055604 0.141035
  0.17101 0.0547908  0.145221
 0.173455 0.0551181  0.141006
 0.165096 0.0538685  0.136879
 0.170201 0.0538602  0.142218
 0.170981 0.0535738  0.140791
  0.168976 0.00474416   0.147647
  0.165324 0.00492613    0.14539
  0.168157 0.00793028   0.152469
   0.16358 0.00609957   0.150035
 0.170754 0.0080064  0.154034
0.160353  0.05055 0.132047
 0.161336 0.0517408  0.133654
 0.163355 0.0531577   0.13573
 0.159402 0.0461639  0.126503
 0.151749 0.0407186  0.127128
 0.149437 0.0341078  0.126541
 0.148622 0.0264032  0.127345
 0.149342 0.0189843  0.129378
 0.163751 0.0246771  0.118622
 0.163609 0.0206725  0.119664
 0.163353 0.0322809  0.118252
 0.163658 0.0287113  0.118139
 0.162202 0.0383536  0.120079
 0.159466 0.0482448  0.129189
 0.127368 0.0146869  0.226586
 0.121433 0.0136787  0.223168
 0.127365 0.0141356  0.226689
  0.163281 0.00538096   0.143656
  0.161852 0.00699849   0.141581
  0.165328 0.00613163   0.145162
 0.112386 0.0366367  0.169309
 0.112148 0.0376501  0.169486
 0.122537 0.0725904  0.212545
  0.12769 0.0736489  0.215478
 0.165845 0.0516854  0.142674
 0.125102 0.0717824  0.208331
 0.160361 0.0505912   0.13205
 0.162439 0.0508221  0.133498
 0.164993 0.0538347  0.136816
  0.12222 0.0146602  0.223459
 0.124785 0.0138522  0.219243
 0.121455 0.0137095  0.223175
 0.167706 0.0546286  0.138311
 0.165576 0.0527934  0.136367
 0.164985 0.0538199   0.13684
 0.165593 0.0527685  0.136359
 0.167704 0.0546104  0.138328
 0.125235 0.0221626  0.154274
 0.166996 0.0526771   0.13974
 0.168123 0.0546158  0.138423
  0.16758 0.0549395   0.14099
  0.161917 0.00699784    0.14159
  0.160473 0.00832441   0.136852
 0.166871 0.0528386  0.140388
 0.160433 0.0475953  0.128843
  0.16146 0.0433554  0.125461
 0.161216 0.0440417  0.124705
 0.167955 0.0536328  0.142615
  0.16773 0.0559619  0.141943
  0.161047 0.00889707   0.131341
  0.161277 0.00979327   0.131784
  0.160628 0.00776283   0.136431
  0.167077 0.00599853   0.152182
  0.168898 0.00479451   0.147799
  0.164826 0.00409027   0.146011
   0.16536 0.00489265   0.145316
  0.168151 0.00732252    0.14665
  0.165586 0.00814741   0.150868
 0.164842 0.0246951  0.118762
 0.164522 0.0178812  0.120966
 0.163251 0.0173404  0.120949
 0.164852 0.0246934  0.118734
 0.160156 0.0438661  0.124358
 0.159464 0.0460705  0.126722
 0.161101 0.0440613  0.124639
0.123277 0.013375 0.233774
 0.159457 0.0482651  0.129129
  0.125419 0.00879453    0.20043
  0.144575 0.00597838   0.181262
  0.152101 0.00633059    0.18604
 0.103233 0.0382206   0.18288
0.0970166 0.0437604  0.191295
 0.103228 0.0372482  0.183064
  0.137679 0.00931007   0.210021
 0.139575 0.0107968  0.206533
  0.153631 0.00605634   0.183489
 0.107973 0.0143666  0.225402
 0.112913 0.0150874   0.22827
  0.153738 0.00801789   0.182955
  0.161394 0.00626383   0.140688
 0.160519 0.0084344  0.136908
   0.13825 0.00651125    0.17696
  0.142965 0.00588897   0.169899
  0.149093 0.00533891   0.174125
   0.15642 0.00566994   0.178818
  0.152101 0.00632162   0.186041
 0.114083 0.0116689  0.194546
  0.128498 0.00965635   0.169663
  0.133529 0.00902462   0.162701
 0.109172 0.0306095  0.175259
 0.109009 0.0330053  0.172128
0.110351 0.033165 0.173015
 0.108286 0.0152326  0.190061
 0.122193 0.0148731  0.164184
 0.103938 0.0205056  0.186163
0.127427 0.014164 0.157276
0.0904425 0.0213327  0.212191
0.0974462 0.0159951  0.217476
 0.104734 0.0135976  0.222382
 0.110069 0.0336018  0.173363
 0.109008 0.0330052  0.172127
 0.108705 0.0334396  0.172463
  0.163563 0.00605358   0.150044
  0.166793 0.00597359   0.146083
 0.117247 0.0129292  0.230142
 0.123297 0.0134591  0.233724
 0.127365 0.0141258  0.226691
 0.163572 0.0381106  0.121298
  0.12993 0.0133688  0.222467
  0.161457 0.00536222   0.141586
  0.165215 0.00479711   0.145507
 0.115272 0.0129526  0.228933
 0.122944 0.0138518  0.234254
 0.108297 0.0737217  0.214221
  0.11517 0.0754358  0.218074
0.0863309 0.0292434  0.208187
0.0851051 0.0336418  0.206687
 0.090497 0.0238309  0.212954
0.114484 0.032479  0.16688
 0.114506 0.0366553  0.166093
 0.113941 0.0364206  0.166992
 0.102381 0.0142468  0.220822
  0.10833 0.0132212  0.224648
 0.169223 0.0538392  0.138146
   0.16418 0.00672447   0.165437
  0.164849 0.00468675   0.164666
   0.15655 0.00450098   0.158695
  0.156429 0.00549318   0.178836
 0.113369 0.0379572  0.167582
 0.113725 0.0367028  0.167268
  0.149181 0.00592885   0.153269
  0.143119 0.00897181   0.148244
0.138567 0.013699 0.143862
 0.129933 0.0138788   0.22237
  0.170744 0.00623065   0.154369
 0.160598 0.0472841  0.129589
  0.166902 0.00619373   0.148119
  0.167434 0.00398014   0.150753
  0.167884 0.00397007   0.147714
 0.124041 0.0129232  0.218968
  0.164721 0.00412676    0.14618
  0.167423 0.00390974   0.147878
  0.167586 0.00398288   0.150545
  0.162521 0.00450471   0.144374
  0.162523 0.00450458   0.144378
 0.163129 0.0122663  0.125324
 0.164982 0.0209991    0.1209
  0.160094 0.00541883   0.140583
  0.160123 0.00550145   0.140633
  0.10243 0.0379596  0.184144
0.0969746 0.0361882  0.192722
 0.110032 0.0363092  0.172932
 0.110026 0.0353369  0.173115
  0.159779 0.00855604   0.131509
  0.159162 0.00703922   0.135831
 0.151546 0.0130494    0.1323
0.0957345 0.0360407  0.191902
 0.107664 0.0283891  0.177943
 0.107704 0.0309052  0.174825
  0.10889 0.0310463  0.175609
 0.163259 0.0173681  0.121094
 0.162058 0.0124824  0.124955
 0.172859 0.0041368  0.151148
  0.170455 0.00384235   0.149726
  0.165608 0.00824997   0.150856
  0.170346 0.00407801   0.149023
  0.173177 0.00436645   0.150567
 0.170444 0.0039321  0.149613
  0.173346 0.00492926   0.150183
  0.172857 0.00412565   0.151154
  0.160838 0.00881426   0.131236
  0.170497 0.00394298   0.149786
  0.170466 0.00588801   0.150824
0.127364 0.014108 0.226694
 0.121458 0.0137127  0.223176
   0.16737 0.00642657   0.151308
  0.160477 0.00792731   0.136143
 0.113709 0.0337548  0.167823
 0.113925 0.0334726  0.167547
  0.11372 0.0358185  0.167435
0.0851734  0.041625  0.206303
 0.123132 0.0766105  0.222694
 0.159965 0.0089301   0.13094
  0.159154 0.00698366   0.135817
  0.168173 0.00744188   0.146641
  0.166795 0.00598065   0.146083
  0.163576 0.00609626   0.150033
0.170343  0.05399 0.139038
 0.173577 0.0544338  0.140921
 0.112702 0.0358324  0.166258
 0.112251 0.0359514  0.166883
 0.112467 0.0356693  0.166606
 0.106874 0.0282967  0.177419
 0.113741 0.0357819  0.167411
0.112533 0.036581 0.166432
 0.112274 0.0363961  0.166813
   0.16753 0.00606084   0.147799
 0.113705 0.0367393  0.167292
 0.112445 0.0356472  0.166641
 0.112725 0.0362773  0.166189
 0.112513 0.0365586  0.166467
 0.173306 0.0049715  0.150239
 0.113489 0.0331527  0.168266
 0.113491 0.0335948  0.168183
0.0965009 0.0185892  0.217612
  0.168874 0.00454222   0.147539
0.170242 0.053984 0.139193
  0.17317 0.0556356  0.141396
 0.109577 0.0343625  0.173971
  0.170722 0.00712219   0.148254
 0.113505 0.0361006  0.167711
0.111487 0.034926 0.170977
 0.109397 0.0349635  0.171115
  0.11013 0.0347646   0.17008
0.112122 0.032812 0.170398
 0.111493 0.0358984  0.170793
 0.108398 0.0318071  0.176216
0.107172  0.02915  0.17855
 0.109357 0.0349183  0.171139
 0.110139 0.0346654  0.170085
  0.16862 0.0537576  0.142697
 0.108705 0.0334396  0.172463
  0.11078 0.0327202  0.169581
 0.110139 0.0346653  0.170085
 0.110126 0.0347643  0.170086
 0.113704 0.0328704   0.16799
 0.109353 0.0348774  0.171187
 0.110778 0.0360994   0.17184
 0.107753 0.0445617  0.174896
 0.110772 0.0351271  0.172023
   0.1087 0.0334392  0.172459
 0.109396 0.0349634  0.171114
 0.113939 0.0359784  0.167075
 0.119935 0.0417034  0.157431
 0.113622 0.0355455  0.164993
 0.113689 0.0337161  0.165149
 0.118734 0.0323981  0.158299
 0.112537 0.0315805  0.167322
 0.113813 0.0345714  0.164825
 0.114959 0.0344369  0.165809
 0.113035 0.0370954  0.165718
 0.111973 0.0378929  0.167179
 0.107139 0.0445365  0.174511
 0.110795 0.0373772  0.168839
 0.110148 0.0357384  0.169906
 0.109414 0.0359372  0.170939
 0.110148 0.0357384  0.169906
 0.108065 0.0404275  0.172713
 0.107229 0.0444994   0.17455
 0.103195 0.0478137  0.181062
 0.107227 0.0444993  0.174549
 0.106585 0.0439998  0.175295
 0.107254 0.0440794  0.175737
 0.107406 0.0402448  0.173631
 0.101808 0.0380514   0.18194
 0.106508 0.0440101  0.175256
 0.108651 0.0361423  0.172019
 0.108651 0.0361449   0.17202
0.108634 0.036143 0.172009
  0.10181 0.0380512   0.18194
 0.113922 0.0330305   0.16763
 0.095938 0.0436288  0.190585
0.0988169 0.0408448  0.186244
 0.123204 0.0491674  0.158433
 0.106703 0.0555088  0.181964
0.0905985 0.0604055  0.206004
0.0871227 0.0518438   0.20553
 0.129119 0.0557352  0.161409
 0.112162 0.0614688  0.184433
0.0965776 0.0669331  0.208391
  0.11939 0.0659058  0.188269
 0.141023 0.0622202  0.168323
 0.128043 0.0689355  0.193206
 0.104222 0.0712554  0.212214
 0.124389 0.0725264  0.207754
 0.130265 0.0735706  0.211124
 0.106895 0.0282975  0.177434
 0.113112 0.0740139  0.217094
 0.121784 0.0733784  0.211936
 0.107034 0.0152963  0.224649
  0.15234 0.0644844  0.175221
  0.170719 0.00575275     0.1498
   0.16994 0.00601354   0.151232
 0.143385 0.0591595  0.160171
 0.144921 0.0631678  0.170695
 0.138685 0.0611902  0.166936
 0.156637 0.0624325  0.168283
  0.15234 0.0644932  0.175219
0.134122 0.053752 0.154749
 0.12839  0.04729 0.151821
 0.102434 0.0714796  0.211083
 0.125232 0.0400299   0.15083
 0.118718 0.0323934  0.158287
 0.113092 0.0320992  0.166372
 0.118742 0.0323992  0.158305
  0.11368 0.0337151  0.165143
 0.165587 0.0527965  0.136373
 0.169244 0.0537484  0.138416
 0.119936 0.0230528  0.161023
 0.124065 0.0311158  0.151634
 0.111965 0.0317031   0.16813
 0.108023 0.0304726  0.174502
 0.106885 0.0282957   0.17743
0.0959569 0.0436345  0.190596
0.0860369 0.0417084  0.206813
0.0958636 0.0426516   0.19072
0.0959543 0.0436341  0.190594
0.0970113  0.042788  0.191478
 0.113507 0.0365429  0.167628
0.0958653 0.0426517  0.190721
 0.100983 0.0377893  0.183194
  0.165322 0.00496025   0.145382
0.0958368 0.0426477  0.190701
 0.101007 0.0377904  0.183205
 0.100022 0.0374773  0.184703
  0.11237 0.0336886  0.169864
  0.170073 0.00473404   0.148317
 0.101002 0.0377898  0.183202
0.0859937 0.0417071  0.206785
 0.100034 0.0374768  0.184715
0.0860335 0.0417156  0.206809
0.0975974 0.0687583  0.208661
 0.123127 0.0756199  0.222881
 0.127692 0.0742247  0.215369
 0.123127 0.0756298  0.222879
 0.127693 0.0742002  0.215374
  0.12176 0.0734073  0.211916
0.121782 0.073381 0.211934
 0.124391 0.0725256  0.207755
 0.124367 0.0725555  0.207735
 0.170738 0.0552563  0.140041
0.0969693 0.0352159  0.192905
0.0957741 0.0350738  0.192113
 0.101792 0.0370776  0.182116
 0.109309 0.0347759  0.174301
 0.108131 0.0322206  0.176547
 0.102888 0.0271636  0.184819
  0.10163 0.0370241  0.182361
 0.101793 0.0370777  0.182117
 0.108616 0.0351692  0.172184
 0.107911 0.0346061  0.173374
 0.108593 0.0350854   0.17227
 0.108185 0.0341969  0.173051
 0.111448 0.0363914  0.167979
0.111377  0.03344 0.168497
0.111102 0.036484 0.168461
 0.111045 0.0344217  0.168817
 0.111389 0.0343289  0.168335
  0.11144 0.0363908  0.167974
 0.111096 0.0364836  0.168457
 0.111044 0.0344216  0.168817
 0.111393 0.0334386  0.168509
 0.111032 0.0335327   0.16898
  0.16382 0.0535121  0.141093
  0.17102 0.0549265   0.14518
 0.147459 0.0515717  0.143432
 0.141399 0.0456946  0.140121
 0.137587 0.0381437  0.138663
 0.124089 0.0311168  0.151653
 0.136222 0.0287394  0.139386
 0.162166 0.0495071  0.133607
  0.16558 0.0515929  0.136601
 0.162346 0.0507778    0.1336
 0.165577 0.0515904  0.136598
 0.162154 0.0495441  0.133593
 0.167041 0.0520549    0.1374
 0.165584 0.0527619  0.136378
 0.160684 0.0465863  0.129657
0.160547 0.047117 0.129294
 0.160728 0.0465026  0.129749
 0.153166 0.0403697   0.12865
 0.161457 0.0427776   0.12557
 0.150799 0.0341503  0.128062
 0.163554 0.0375382   0.12144
 0.149952 0.0266764  0.128834
 0.164685 0.0314437  0.119786
 0.164976 0.0249713  0.120219
 0.163838 0.0534116  0.141122
 0.167341 0.0542501  0.143092
    0.171 0.0530141  0.145556
 0.167044 0.0520514  0.137402
 0.168401 0.0525429  0.144065
 0.163835 0.0534143   0.14112
 0.167047 0.0520507  0.137404
 0.170966 0.0517349   0.13985
  0.16841 0.0508773  0.138459
 0.111048 0.0335314  0.168991
 0.111394 0.0334387  0.168509
 0.112661 0.0328794  0.166798
 0.112211 0.0330006  0.167422
0.112441  0.03272 0.167155
 0.113725 0.0328342  0.167966
 0.112455 0.0336257  0.166947
 0.112655 0.0333206  0.166708
 0.112204 0.0334417  0.167333
 0.113689 0.0337911  0.167847
 0.112413 0.0326983  0.167183
 0.112428 0.0336024  0.166977
 0.108014 0.0304728  0.174493
0.107703 0.030905 0.174824
0.169191 0.053722 0.138614
 0.106218 0.0199935  0.188459
 0.123434 0.0162569  0.164932
 0.111596 0.0150871  0.192967
0.129355  0.01142 0.170094
 0.118833 0.0121512  0.198227
  0.141007 0.00800841   0.178721
  0.138688 0.00846706   0.177064
 0.124066 0.0129582  0.218977
  0.143391 0.00784562   0.170034
  0.144781 0.00797021   0.181199
 0.127574 0.0109759  0.204029
 0.129933 0.0131155   0.22251
  0.152032 0.00831525   0.185802
  0.156338 0.00764675   0.178603
 0.124062 0.0129502  0.218977
 0.170432 0.0544005  0.139113
  0.169967 0.00481576   0.148429
 0.106843 0.0320673  0.175696
 0.107142 0.0316576  0.175387
 0.106266 0.0290388  0.177954
0.108186 0.034197 0.173052
 0.107907 0.0346091  0.173375
 0.106827 0.0320662  0.175684
 0.107142 0.0316576  0.175387
0.106263 0.029043 0.177948
  0.167422 0.00390585   0.147868
0.106283 0.029044 0.177962
 0.185753 0.0258236  0.125347
 0.197817 0.0132049  0.135107
  0.192224 0.00835813   0.132633
  0.185646 0.00616931   0.129049
 0.179085 0.0069739  0.124903
 0.173538 0.0106471  0.120823
 0.169852 0.0166313  0.117433
 0.168586 0.0240149  0.115247
 0.169934 0.0316739  0.114599
  0.17369 0.0384418  0.115587
 0.179284 0.0432896  0.118062
 0.185861 0.0454774  0.121645
 0.192423 0.0446738  0.125791
 0.197969 0.0409996  0.129871
 0.201656 0.0350159  0.133261
 0.202921 0.0276324  0.135447
 0.201573 0.0199735  0.136095
 0.146776 0.0739884  0.210261
 0.163667 0.0663265  0.181682
 0.15328 0.066506 0.175241
 0.167095 0.0595843  0.152992
 0.138918 0.0725931  0.198564
 0.138643 0.0717178  0.199187
0.153243 0.065542 0.175476
 0.160193 0.0631527  0.164091
  0.16075 0.0691922  0.200678
 0.171371 0.0639367  0.186684
 0.176046 0.0592416  0.158606
 0.155321 0.0711831   0.20391
 0.151459 0.0724254  0.206578
 0.146514 0.0123655  0.221836
 0.146961 0.0135307  0.222297
0.141051 0.014071 0.228003
 0.171885 0.0633504  0.195882
 0.177059 0.0596053  0.190731
 0.182754 0.0568224  0.162959
 0.166602 0.0665361  0.197849
 0.176045 0.0598753  0.194787
 0.181145 0.0527882  0.194257
 0.187749 0.0523977  0.166512
 0.173314 0.0523937  0.141746
 0.177701 0.0521937  0.144453
 0.175658 0.0528922  0.147821
0.191251 0.045225 0.169652
  0.18324 0.0467138  0.194708
 0.182627 0.0466501  0.195339
  0.18117 0.0528004  0.194285
0.177704 0.052086 0.144475
0.176969 0.053376 0.148526
 0.175647 0.0528272  0.147827
 0.137939 0.0691279  0.192927
0.140515  0.06958 0.194408
 0.138708 0.0688216  0.191674
 0.148961 0.0644031  0.175037
 0.151538 0.0648552  0.176518
  0.14973 0.0640477  0.173794
 0.191275 0.0119609   0.15482
 0.194309 0.0165687  0.150993
0.195242 0.015834 0.151047
 0.166736 0.0665823  0.197839
 0.175998 0.0600149  0.194814
 0.136711 0.0147554  0.232817
 0.136104 0.0135342  0.232491
 0.154797 0.0712821  0.204787
0.175826  0.05279 0.142605
 0.178519 0.0526641  0.144267
 0.178054 0.0525886  0.143999
 0.146831 0.0737914  0.210216
  0.174863 0.00570597    0.15233
  0.176536 0.00546197    0.15211
  0.176476 0.00585542   0.151998
 0.133018 0.0772771  0.222965
  0.177817 0.00539101   0.152991
   0.17756 0.00618761   0.152594
  0.177633 0.00569939   0.152732
 0.140808 0.0754465   0.21577
 0.136382 0.0766242  0.220559
 0.183096 0.0338009   0.19055
 0.186113 0.0363381  0.180622
 0.186556 0.0365688  0.179187
 0.124505 0.0775192  0.222178
0.128229  0.07772 0.223535
 0.176041 0.0555604  0.142905
 0.176741 0.0542171  0.142888
 0.176648 0.0550148  0.142771
 0.124508 0.0775093  0.222195
 0.124406 0.0773665  0.222979
 0.124771 0.0775442  0.222334
 0.124483 0.0776228  0.222197
0.124143 0.077341 0.222825
 0.123991 0.0766931  0.223201
  0.175576 0.00709139   0.151213
  0.177808 0.00776167   0.152443
  0.178656 0.00752593   0.153004
 0.136386 0.0766317  0.220561
0.124246 0.076721 0.223351
 0.128051 0.0768553  0.224677
 0.136881 0.0763542  0.221047
 0.137787 0.0716268  0.198679
 0.123132 0.0766026  0.222696
 0.130601 0.0775403  0.223579
  0.13333 0.0765483  0.224162
  0.149425 0.00822932   0.184309
  0.148655 0.00835873   0.185595
   0.14866 0.00935716   0.185406
  0.173011 0.00789948   0.155428
  0.175709 0.00859322   0.156937
  0.175243 0.00857074   0.156658
 0.128749 0.0774674  0.224349
 0.128224 0.0776578  0.223545
 0.128404 0.0143466   0.23624
 0.127708 0.0150433   0.23632
 0.123907 0.0147263  0.235029
  0.19006 0.0356397  0.168315
 0.189911 0.0353878  0.168831
 0.18987 0.039623 0.168232
 0.173576 0.0542953  0.140947
 0.176804 0.0546235  0.142848
 0.160147 0.0621936   0.16434
 0.168315 0.0588701  0.151051
  0.176366 0.00506009   0.152181
  0.174165 0.00507373   0.150741
  0.176522 0.00545418   0.152122
 0.168405 0.0578398  0.151083
 0.134148 0.0149504  0.225329
 0.135259 0.0146616  0.226038
 0.135184 0.0141963  0.225505
 0.175949 0.0564061  0.145739
 0.181535 0.0553694  0.146589
    0.174 0.0556243   0.14197
 0.167096 0.0595516  0.153002
 0.184032 0.0391216  0.195898
 0.192567 0.0346306  0.172295
 0.195909 0.0405213  0.156785
 0.181433 0.0059513   0.15586
   0.18156 0.00691645   0.154888
  0.183963 0.00803204   0.155732
 0.183811 0.0431224  0.195198
  0.178313 0.00780632   0.152663
  0.177448 0.00828578   0.152725
  0.178156 0.00834613   0.153136
 0.196723 0.0320605  0.158772
 0.191452 0.0250081   0.17361
 0.183767 0.0351474  0.196701
 0.183158 0.0316295   0.19755
 0.183998 0.0391219  0.195887
 0.183395 0.0392435  0.196515
 0.183139 0.0353496  0.197279
 0.184027 0.0391262  0.195919
 0.136541 0.0140915  0.232777
    0.133 0.0151153  0.235565
 0.132892 0.0144257  0.235466
 0.183182 0.0431511   0.19581
 0.154386 0.0126896  0.215915
 0.160679 0.0141598  0.211764
0.155323 0.013558 0.215506
 0.181716 0.0552916   0.14644
 0.178563 0.0556796  0.144616
 0.180124 0.0555506    0.1457
 0.178569 0.0556892  0.144732
0.175453 0.053386 0.148264
 0.170986 0.0534924  0.145507
 0.171256 0.0529333  0.145134
  0.17832 0.0541859   0.14514
 0.178378 0.0553718  0.144041
 0.178905 0.0530043  0.144437
 0.187281 0.0531643  0.148717
 0.183209 0.0549349  0.147518
 0.189836 0.0515903  0.148835
 0.185846 0.0535419  0.147816
 0.187273 0.0531638  0.148719
 0.181688 0.0554734  0.146556
 0.191791 0.0497398  0.148592
 0.194717 0.0466288   0.14764
 0.160744 0.0577221  0.156205
  0.15998 0.0589787  0.157279
 0.160749 0.0585741  0.156045
 0.138388 0.0104059  0.202679
 0.137619 0.0105835  0.203955
 0.137624 0.0115544  0.203772
 0.178065 0.0525619   0.14396
 0.177699 0.0521808  0.144454
 0.173599 0.0526674  0.141203
  0.177834 0.00777222   0.152387
  0.173062 0.00727911   0.150241
  0.177448 0.00818701   0.152805
 0.198964 0.0373945  0.144591
 0.196085 0.0442818  0.146629
  0.176674 0.00857579   0.156927
  0.175686 0.00863383   0.156995
  0.176091 0.00833401    0.15722
 0.199886 0.0294473  0.144993
 0.195816 0.0234657  0.159997
  0.17555 0.0557219  0.142895
 0.174313 0.0551967  0.141513
 0.178099 0.0550099  0.143657
 0.177901 0.0546173  0.143517
  0.17513 0.0544943   0.14314
0.177822 0.054113 0.143565
 0.175572 0.0547035  0.146035
 0.198461 0.0372669   0.14348
  0.19897 0.0373864  0.144595
 0.19185 0.049837 0.148592
 0.194456 0.0466968  0.147685
 0.195284 0.0443385    0.1456
 0.195431 0.0443615  0.145758
 0.132619 0.0150044   0.22972
 0.131909 0.0152105  0.229249
 0.132293 0.0152038  0.229483
 0.199455 0.0292589  0.144038
0.198895 0.021901 0.147515
0.199455  0.02928 0.144034
 0.198833 0.0218115   0.14755
0.191041 0.049787 0.147881
 0.190001 0.0513862  0.148821
 0.134803 0.0732623  0.213929
0.134484 0.072862 0.214426
 0.130007 0.0729895  0.211661
  0.171016 0.00782091   0.153635
  0.175407 0.00895847   0.156091
 0.177466 0.0082685  0.152731
  0.173749 0.00413574   0.151622
 0.160935 0.0684118   0.20157
 0.166614 0.0658084  0.198718
 0.192766 0.0345759  0.159982
 0.192438 0.0314146  0.161557
 0.192452 0.0339204  0.161085
0.171076 0.053135 0.145406
 0.171003 0.0535055  0.145463
 0.138307 0.0104417  0.210731
  0.138572 0.00939656   0.210469
 0.124156 0.0135535  0.234229
  0.12361 0.0146784   0.23495
0.124409 0.013536 0.234413
 0.123797 0.0139589  0.234766
 0.189436 0.0388935  0.169724
 0.189063 0.0427397   0.17024
 0.189712 0.0393568  0.168776
 0.127875 0.0138188  0.235573
 0.124158 0.0135649  0.234241
 0.178976 0.0528043  0.145112
 0.124059 0.0139883  0.234919
 0.124421 0.0135851  0.234383
 0.127872 0.0138823  0.235559
 0.178565 0.0526261  0.144223
 0.178965 0.0528302  0.145108
 0.178396 0.0522935  0.144857
 0.130252 0.0139792  0.235553
 0.146393 0.0122622  0.221932
 0.132673 0.0139763   0.23489
 0.136037 0.0136725  0.232419
 0.140446 0.0129832  0.227559
 0.194457 0.0436844  0.145885
 0.193033 0.0459721  0.146838
 0.123907 0.0147253   0.23503
 0.147319 0.0729489  0.211074
 0.151121 0.0123366  0.217905
 0.188705 0.0273467  0.174001
 0.191778 0.0335076  0.168433
 0.190293 0.0334268  0.167961
  0.163752 0.00897744   0.192726
  0.17177 0.0132878  0.196615
 0.154996 0.0124821  0.214971
  0.152951 0.00642962   0.186558
  0.152925 0.00741333   0.186426
  0.159876 0.00542313   0.174966
  0.166794 0.00469283   0.163339
 0.160486 0.0131106  0.211217
  0.176536 0.00544928   0.152112
 0.174166 0.0052005  0.150718
 0.166393 0.0145102   0.20761
 0.166546 0.0144546  0.207622
 0.171703 0.0167208  0.204633
  0.173316 0.00670794   0.149912
 0.177303 0.0188638  0.198664
 0.175881 0.0195242  0.202366
 0.180606 0.0525325  0.194937
 0.175797 0.0193887  0.202455
 0.180997 0.0258308  0.199336
  0.18118 0.0528062  0.194273
 0.188578 0.0176743  0.173581
0.181025 0.025825 0.199365
 0.180463 0.0263219  0.199875
 0.175553 0.0202901  0.202895
 0.198147 0.0293012  0.144167
 0.197283 0.0371318  0.143854
 0.183889 0.0118287    0.1722
  0.176737 0.00730303   0.168971
 0.182547 0.0319251  0.198113
 0.181037 0.0258177  0.199359
  0.175914 0.00469278   0.152281
 0.193248 0.0164011  0.160087
 0.189049 0.0108523  0.158929
  0.181251 0.00609293   0.155866
  0.182947 0.00680325   0.156585
  0.159842 0.00640664   0.174849
  0.168018 0.00458072   0.161278
 0.160098 0.0576309  0.157609
 0.160401 0.0575194  0.157815
  0.175666 0.00486257    0.15545
  0.173718 0.00421699   0.151653
 0.173568 0.0526974  0.141248
 0.137139 0.0758137  0.221394
 0.141402 0.0745877  0.216582
 0.130331 0.0151366  0.236308
  0.168119 0.00555121   0.160933
   0.17527 0.00447401   0.152549
 0.190713 0.0488552  0.147668
 0.189034 0.0504596  0.147899
 0.186817 0.0521048  0.147817
 0.184214 0.0534673  0.147173
  0.178719 0.00793061   0.153566
  0.173718 0.00424001   0.151651
  0.174036 0.00446949   0.151068
  0.174172 0.00518955   0.150708
 0.194279 0.0144172  0.153766
0.195931 0.016266 0.151907
  0.187038 0.00884439   0.157065
 0.191581 0.0119395  0.155715
  0.18963 0.0104752  0.156549
 0.149363 0.0629084  0.175568
 0.148956 0.0634057  0.175225
 0.149682 0.0631361  0.173939
  0.185598 0.00818137   0.156361
  0.187031 0.00884577   0.157067
  0.173345 0.00672235   0.149875
  0.177948 0.00525472    0.15299
  0.181645 0.00684681   0.154796
  0.181296 0.00618918    0.15593
  0.178292 0.00513512   0.154256
   0.17806 0.00668725   0.154088
    0.1781 0.00518401   0.153488
  0.175692 0.00643893   0.154473
 0.133513 0.0740408   0.21837
 0.132417 0.0735195   0.21778
 0.133008 0.0736378  0.218123
 0.198675 0.0217275  0.146718
 0.195324 0.0159032  0.151184
 0.197928 0.0217484  0.146341
 0.197184 0.0219604  0.146661
 0.191611 0.0118405  0.155758
  0.176104 0.00899259   0.156508
0.192861 0.014798 0.152711
 0.160382 0.0574683  0.157813
 0.159974 0.0579645   0.15747
0.160701 0.057696 0.156184
0.189773 0.010508 0.156522
 0.188814 0.0110457  0.155325
 0.190511 0.0124386   0.15453
 0.150152 0.0627171  0.174305
 0.152306 0.0644998  0.175274
 0.155528 0.0647548  0.177186
 0.183138 0.0413732  0.189123
 0.183143 0.0423456   0.18894
 0.132123 0.0156801  0.228696
 0.133181 0.0153034  0.229411
 0.135264 0.0147192  0.226046
  0.14973 0.0640477  0.173794
 0.149725 0.0631633   0.17396
 0.149849 0.0628286  0.174099
 0.190298 0.0343992  0.167778
0.190336 0.036103 0.167367
 0.134168 0.0149651  0.225332
 0.129676 0.0138614   0.22281
 0.127624 0.0145078  0.226183
 0.183102 0.0347732  0.190366
 0.160206 0.0647123  0.180041
 0.162556 0.0594308   0.15876
 0.157137 0.0648818   0.17815
 0.168462 0.0596483  0.162312
 0.157451 0.0620325  0.166972
 0.152385 0.0654516  0.174971
  0.15193 0.0646765  0.175883
 0.133371 0.0753917  0.224192
0.133882  0.07451 0.218484
 0.135897 0.0738221  0.215101
0.135554 0.073395 0.214974
  0.13388 0.0745115  0.218487
 0.147953 0.0699353  0.198865
 0.135913 0.0737575   0.21471
 0.174435 0.0543857  0.141452
 0.174436 0.0545263  0.141426
 0.152067 0.0073229  0.185921
   0.16047 0.00760533   0.165646
  0.160465 0.00675333   0.165807
    0.1597 0.00784776   0.166911
 0.128934 0.0758175  0.224952
 0.133542 0.0745646  0.218683
 0.133502 0.0740414  0.218346
 0.133057 0.0745777  0.218566
0.132932 0.074432 0.218577
 0.133835 0.0745766  0.218399
 0.126562 0.0758517  0.224546
 0.127693 0.0742128  0.215371
  0.13223 0.0740821  0.218158
 0.130564 0.0744507  0.217074
 0.132944 0.0744381  0.218524
  0.175211 0.00859527   0.156685
  0.170722 0.00754638   0.154174
 0.191765 0.0315827  0.163645
 0.192108 0.0297842  0.162873
0.191442 0.030822 0.164792
 0.127996 0.0742311  0.215553
 0.171046 0.0077792  0.153593
 0.124241 0.0757294  0.223538
 0.192331 0.0337684   0.16149
  0.19232 0.0317048  0.161879
 0.123128 0.0756239  0.222881
 0.192197 0.0311109  0.162368
 0.192315 0.0308204  0.162045
  0.166749 0.00567647   0.163238
 0.165892 0.0055659  0.162735
  0.174167 0.00518036   0.150719
0.140193 0.010674 0.205504
0.130254 0.073352 0.211173
 0.127691 0.0742105  0.215375
 0.127774 0.0738517  0.215298
 0.132404 0.0734318  0.217839
 0.127705 0.0742069  0.215362
 0.127942 0.0736411  0.215055
 0.123687 0.0756769   0.22321
 0.124241 0.0757304  0.223538
 0.128271 0.0758686   0.22502
 0.179932 0.0544934  0.144776
 0.128998 0.0768648  0.224906
   0.16726 0.00546095   0.160429
  0.173307 0.00511007   0.150213
0.137039  0.07465 0.221534
 0.133334 0.0764585   0.22401
0.148404 0.071454 0.210381
 0.137045 0.0757536  0.221326
  0.15226 0.0702501  0.207386
 0.153886 0.0693475  0.202588
 0.171168 0.0617777  0.187215
  0.15856 0.0680061  0.203193
 0.155638 0.0703722    0.2048
 0.130263 0.0733523  0.211175
 0.135427 0.0715249  0.202705
 0.127947 0.0736664  0.215038
 0.129999 0.0730199  0.211666
 0.138521 0.0116721  0.202516
 0.138825 0.0118486  0.202668
 0.138388 0.0104059  0.202679
 0.135585 0.0737402  0.214334
 0.132432 0.0735084  0.217798
 0.173286 0.0524357   0.14179
 0.175643 0.0528518  0.147811
 0.175925 0.0534521  0.148548
 0.175489 0.0533976  0.148214
0.140515  0.06958 0.194408
 0.141048 0.0693689   0.19354
0.136247 0.071229 0.201368
0.138393 0.011312 0.202508
 0.130165 0.0730846  0.211371
 0.130317 0.0733168  0.211069
 0.123652 0.0147004  0.234879
 0.135585 0.0737147  0.214339
0.130866 0.073413 0.211525
 0.133256 0.0736078  0.212942
 0.135179 0.0733606   0.21416
 0.134796 0.0732741  0.213943
 0.175698 0.0529564  0.147763
0.135509  0.07363 0.214309
 0.135581 0.0737202  0.214335
  0.13583 0.0738892  0.215083
 0.135594 0.0733601  0.214979
 0.179066 0.0514585    0.1957
 0.179624 0.0513363  0.193993
 0.181285 0.0424556  0.196577
 0.183952 0.0414188  0.189383
 0.181418 0.0393667  0.197105
 0.181402 0.0401758  0.196963
 0.173928 0.0588293  0.196422
  0.17612 0.0576665  0.190843
 0.187171 0.0497535  0.167027
 0.138807 0.0118957  0.202647
 0.137581 0.0115715  0.203743
 0.183862 0.0423847  0.189168
 0.190391 0.0399146  0.170501
 0.189527 0.0423185  0.171425
 0.191597 0.0346375  0.163651
 0.191581 0.0316894  0.164207
 0.189677 0.0427734  0.170435
 0.16697 0.064033 0.198855
 0.182421 0.0546777  0.163508
 0.130669 0.0767361  0.224704
 0.173896 0.0589411  0.165754
 0.164294 0.0642112  0.182647
 0.163973 0.0644967  0.184154
 0.164291 0.0642151  0.182668
 0.149383 0.0629595   0.17557
 0.164297 0.0642074  0.182627
 0.163975 0.0644969  0.184155
 0.191781 0.0345308   0.16309
 0.192142 0.0359212  0.161717
 0.151538 0.0648552  0.176518
 0.157979 0.0651381  0.180383
 0.154352 0.0690721  0.201145
 0.148058 0.0696103  0.197213
 0.141284 0.0692728  0.193155
 0.146414 0.0671387  0.184817
  0.13834 0.0676607  0.193452
  0.13866 0.0678885  0.191824
  0.13913 0.0674695   0.19219
 0.191468 0.0356602  0.163881
 0.191098 0.0329606   0.16551
 0.191103 0.0339329  0.165327
 0.181819 0.0542266  0.145976
 0.138708 0.0688216  0.191674
 0.138703 0.0679156  0.191845
 0.138827 0.0675809  0.191984
 0.188975 0.0265672  0.173287
 0.190709 0.0341611  0.166526
0.154351 0.069073 0.201145
  0.13836 0.0677119  0.193455
 0.154352 0.0690731  0.201145
 0.147453 0.0699201  0.198564
 0.177688 0.0522076  0.144451
 0.171716 0.0627124  0.196709
0.175712 0.059355 0.195559
 0.187347 0.0364054  0.181015
 0.187264 0.0363588  0.181312
 0.183947 0.0348193  0.190634
 0.187348 0.0364053  0.181014
 0.186551 0.0355965   0.17937
  0.173243 0.00707843   0.149969
 0.185658 0.0389551   0.18528
 0.183943 0.0414168  0.189378
 0.183865 0.0423846  0.189169
 0.187845 0.0366418  0.179606
 0.18586 0.039572 0.184493
 0.153247 0.0656088  0.175458
 0.167039 0.0585763  0.153273
 0.166185 0.0585523  0.152749
   0.14943 0.00911473   0.184142
 0.187825 0.0366378   0.17959
 0.133189 0.0152807  0.229415
 0.190668 0.0351063  0.171542
0.135558 0.073419 0.214978
 0.187831 0.0366382  0.179592
 0.191795 0.0344807  0.168254
 0.190548 0.0387109  0.170641
 0.190693 0.0351085   0.17155
  0.19037 0.0399053  0.170491
  0.17154 0.0176167  0.205171
 0.166412 0.0155032  0.208155
 0.191373 0.0354673  0.169295
 0.19067 0.038961 0.170117
 0.189531 0.0423162  0.171425
 0.192435 0.0309724   0.16164
 0.190665 0.0389605  0.170115
 0.188787 0.0422763  0.171188
 0.189518 0.0423163  0.171421
 0.189677 0.0427732  0.170435
 0.189676 0.0427733  0.170436
 0.190242 0.0413156  0.169888
 0.193849 0.0408402  0.155987
 0.190097 0.0416789  0.170025
  0.19388 0.0351902  0.160797
  0.16704 0.0585954  0.153267
 0.173578 0.0543144  0.140941
  0.175403 0.00892999   0.156085
0.190973 0.047313 0.153275
 0.174093 0.0586374  0.164153
 0.175691 0.0573107  0.159069
 0.186437 0.0513273  0.147956
 0.168755 0.0592526  0.160787
 0.166115 0.0575291  0.153052
 0.177507 0.0548198  0.148983
0.177786 0.054706 0.148765
0.163325  0.05903 0.157524
 0.177241 0.0548767  0.148975
  0.17101 0.0548397  0.145216
 0.131903 0.0152178  0.229254
 0.132116 0.0156116  0.228704
 0.127618 0.0145385  0.226189
0.137934 0.068158  0.19311
 0.167546 0.0577495  0.150579
 0.166814 0.0571532   0.15193
 0.162695 0.0593593  0.158536
 0.16117 0.057277  0.15655
 0.163325 0.0590262  0.157526
 0.162556 0.0594318   0.15876
 0.160749 0.0585741  0.156045
 0.160867 0.0573884  0.156344
 0.190704 0.0331887  0.166709
  0.17409 0.0586381  0.164151
 0.174093 0.0586384  0.164153
  0.16618 0.0584858  0.152768
 0.159288 0.0621045  0.163837
 0.192215 0.0345011   0.16173
 0.192213 0.0340589  0.161813
 0.192454 0.0343625  0.161001
 0.192336 0.0346529  0.161323
 0.183934 0.0348182  0.190631
 0.181416 0.0393642  0.197105
0.187272 0.036359 0.181314
 0.181285 0.0364683   0.19769
 0.193787 0.0344365  0.161424
 0.193573 0.0345751  0.162161
 0.193672 0.0347257  0.161749
 0.193559 0.0344112  0.162266
0.192475 0.034189 0.160964
 0.193815 0.0341553  0.161408
 0.193801 0.0339947  0.161512
 0.193586 0.0341335  0.162249
 0.192192 0.0342323  0.161849
 0.193698 0.0338428  0.161925
0.173261 0.053598  0.14682
 0.191764 0.0361808  0.167821
 0.192821 0.0356626  0.164449
 0.192569 0.0340127  0.165793
 0.192192 0.0342419  0.166998
 0.191902 0.0364459   0.16727
 0.193349 0.0360515  0.162392
 0.190999 0.0396851  0.168591
 0.194362 0.0323145  0.160045
 0.194203 0.0338522  0.160058
 0.194336 0.0329037   0.15982
 0.175954 0.0534722  0.148483
  0.17634 0.0538124  0.148652
  0.19301 0.0323397  0.159597
  0.179668 0.00625162   0.153864
  0.19375 0.0228999  0.159366
 0.194015 0.0304249  0.161235
 0.194323 0.0323106  0.160032
 0.192743 0.0303996  0.160769
 0.198029 0.0293385  0.144382
 0.197171 0.0227201   0.14651
 0.198091 0.0293438  0.144391
 0.194454 0.0432107  0.145974
 0.197251 0.0362686  0.143951
0.190583 0.048138 0.147855
0.179461 0.053522 0.145273
 0.183266 0.0528802  0.147092
  0.160598 0.00796552   0.165655
 0.160902 0.0081419  0.165806
  0.160465 0.00675333   0.165807
 0.137451 0.0103504  0.210222
0.122794  0.01461 0.234374
 0.129841 0.0136922   0.22256
  0.17946 0.0535104  0.145271
 0.177785 0.0547074  0.148767
 0.179311 0.0534154  0.144611
 0.176924 0.0534508  0.148484
 0.177784 0.0547062  0.148767
 0.177476 0.0548373  0.148973
  0.175413 0.00905433   0.156076
  0.176678 0.00860328   0.156932
  0.178776 0.00804122   0.153572
 0.176331 0.0538092    0.1487
 0.177084 0.0548975  0.148897
 0.174101 0.0549829  0.147065
 0.192199 0.0315531  0.162285
 0.190876 0.0394201  0.169146
 0.190876 0.0394201  0.169146
 0.173491 0.0523741  0.141437
 0.173308 0.0522868  0.141762
 0.191011 0.0396837  0.168594
 0.191902 0.0364459   0.16727
 0.138057 0.0678233  0.193249
 0.190496 0.0363693  0.166823
  0.19177 0.0361809  0.167822
 0.192187 0.0342415  0.166996
  0.19797 0.0293399  0.144367
 0.197175 0.0219512  0.146646
 0.197258 0.0370593    0.1438
 0.186418 0.0512731   0.14796
 0.184053 0.0523818  0.147332
 0.181813 0.0530376    0.1462
 0.193015 0.0317682  0.164662
 0.133532 0.0739857  0.218376
 0.134491 0.0727949  0.214443
 0.181811 0.0530649  0.146194
 0.179178 0.0534024  0.144527
  0.17947 0.0534198  0.144887
 0.179473 0.0534068   0.14485
  0.186579 0.00950662   0.155841
 0.179053 0.0527532  0.145123
 0.191781 0.0344798  0.168249
 0.191516 0.0357188  0.168777
0.138056 0.012091 0.203932
 0.191515 0.0357189  0.168778
 0.191374 0.0354674  0.169296
  0.160883 0.00818806   0.165786
  0.159658 0.00786495   0.166882
  0.160132 0.00838432   0.167071
 0.190561 0.0387098  0.170644
 0.189286 0.0386415  0.170239
 0.193034 0.0331421  0.164407
 0.193187 0.0346072  0.163537
 0.193203 0.0330346  0.163841
 0.193185 0.0316606  0.164096
  0.19319 0.0346072  0.163537
  0.170751 0.00751603   0.154127
 0.176805 0.0546393  0.142829
 0.174435 0.0545125  0.141428
 0.134479 0.0728406   0.21441
  0.13506 0.0729914  0.214751
 0.193013 0.0347145  0.164101
 0.193184 0.0346072  0.163536
 0.193013 0.0347145  0.164101
 0.193018 0.0347146  0.164103
 0.193178 0.0316595  0.164094
 0.193032 0.0331421  0.164407
 0.193203 0.0330346  0.163841
0.193007 0.031767  0.16466
   0.16227 0.00689732   0.168655
   0.15662 0.00896827   0.188559
0.149079 0.063071 0.175364
  0.151622 0.00838153   0.186488
  0.157152 0.00754372   0.177237
  0.159905 0.00977242    0.19039
 0.155222 0.0087438  0.187738
 0.164007 0.0111416  0.192624
  0.168179 0.00795236    0.17205
  0.151999 0.00831979   0.185858
 0.149861 0.0096513  0.184302
  0.151229 0.00844921   0.187144
  0.149425 0.00822932   0.184309
 0.132736 0.0148979  0.229812
 0.127668 0.0141685  0.226868
 0.130236 0.0144902  0.228369
 0.123913 0.0157188  0.234842
0.132731 0.014867 0.229815
 0.127365 0.0141345  0.226689
 0.174441 0.0543924   0.14144
 0.128351 0.0160878   0.23619
 0.132967 0.0161769  0.235382
 0.133215 0.0149384  0.229916
  0.13273 0.0148884   0.22981
 0.133511 0.0148273  0.229665
 0.133556 0.0149131  0.229711
 0.133199 0.0153445  0.229441
  0.17692 0.0534754  0.148468
 0.176205 0.0554008  0.142727
  0.166753 0.00560737   0.163244
  0.152069 0.00725311   0.185929
  0.165891 0.00558604   0.162733
 0.135572 0.0143018  0.226314
 0.133554 0.0149126  0.229714
 0.137407 0.0113441   0.21012
 0.135587 0.0142195  0.225926
 0.147324 0.0118081  0.209625
0.135233 0.014657 0.226039
0.135259 0.014103 0.225568
 0.135223 0.0142054  0.225468
 0.135495 0.0142298  0.226324
 0.135255 0.0141213  0.225563
 0.134474 0.0144024  0.225033
 0.135249 0.0141413  0.225555
 0.132929 0.0137436  0.224219
 0.129928 0.0133508  0.222473
 0.130539 0.0134349  0.222824
  0.149843 0.00969746   0.184282
  0.148617 0.00937425   0.185377
 0.129926 0.0133691  0.222473
  0.149092 0.00989372   0.185566
 0.175277 0.0044389  0.152541
 0.129926 0.0133699  0.222472
 0.135921 0.0117165  0.212578
 0.134177 0.0150362  0.225283
0.129684 0.013887 0.222795
0.140193 0.010675 0.205504
 0.140726 0.0105493   0.20462
  0.14713 0.0146931  0.221931
 0.151943 0.0146488  0.217871
 0.153581 0.0137266  0.213066
 0.136717 0.0158589  0.232609
0.176344  0.05294 0.148229
 0.163683 0.0114309   0.19415
 0.156918 0.0149794  0.214109
 0.128688 0.0151065  0.236538
 0.123913 0.0157178  0.234843
  0.159695 0.00683361   0.167102
 0.123357 0.0156534  0.234517
 0.122798 0.0155818  0.234191
  0.149558 0.00947492   0.184151
 0.127363 0.0141263  0.226694
 0.127449 0.0144319  0.226493
  0.12733 0.0141532  0.226744
 0.147135 0.0117972  0.209514
 0.137751 0.0119145  0.203781
 0.154048 0.0134532  0.211623
 0.140963 0.0104974  0.204227
 0.154046 0.0134521  0.211622
 0.147741 0.0115867  0.208143
  0.157675 0.00952514    0.19086
  0.151229 0.00844921   0.187144
 0.140963 0.0104418  0.204235
  0.146098 0.00939721   0.195695
  0.148788 0.00971734   0.185415
 0.171512 0.0154711  0.196286
 0.164001 0.0111493  0.192665
 0.191114 0.0313357  0.170554
  0.173627 0.00980605    0.17501
 0.164028 0.0111478  0.192657
 0.174178 0.0214482  0.203266
 0.176519 0.0209697  0.198093
 0.183197 0.0137769  0.171772
 0.166249 0.0170118  0.207964
 0.176245 0.0092139   0.16862
 0.179141 0.0280445  0.200035
0.179723 0.027814 0.198547
 0.187582 0.0197759   0.17297
 0.181252 0.0362994  0.197737
 0.189633 0.0266031  0.173496
 0.189483 0.0273882   0.17425
 0.183835 0.0338411  0.190784
 0.134744 0.0149561  0.225684
  0.19006 0.0274608  0.172721
 0.189649 0.0266061  0.173499
 0.189633 0.0266032  0.173497
 0.189477 0.0273888  0.174246
 0.190202 0.0289504  0.172815
 0.190362 0.0292753  0.172518
0.177459 0.008312 0.152718
 0.187804 0.0356599  0.179829
  0.19067 0.0341348  0.171729
 0.191791 0.0335084  0.168438
 0.187828 0.0356659  0.179775
 0.191782 0.0335051  0.168438
0.190406 0.029282 0.172527
 0.190663 0.0341132  0.171736
 0.132097 0.0156303  0.228706
 0.187822 0.0356656  0.179774
 0.185845 0.0347382  0.185405
 0.183362 0.0392374  0.196481
 0.183837 0.0338412  0.190785
 0.183921 0.0348177  0.190627
  0.158982 0.00631669   0.174347
  0.162409 0.00690748   0.168415
  0.162269 0.00692409   0.168651
  0.159828 0.00820795    0.16692
  0.173824 0.00950445   0.173409
 0.132692 0.0156025  0.229057
 0.163039 0.0068438  0.167356
  0.173821 0.00950302   0.173407
   0.16862 0.00779715   0.170569
  0.165836 0.00658093   0.162649
  0.163039 0.00683987   0.167356
  0.166537 0.00651543   0.161468
 0.162269 0.0069231  0.168651
 0.186033 0.0107728  0.157507
  0.165836 0.00656898    0.16265
  0.176822 0.00734394   0.157852
  0.177241 0.00750206   0.157898
  0.177528 0.00752754   0.157653
  0.179208 0.00734908   0.153967
 0.190802 0.0159148   0.15919
0.190118 0.027459  0.17274
 0.191232 0.0302469  0.170121
 0.193792 0.0314872  0.161986
 0.193577 0.0316276  0.162723
 0.193691 0.0317794  0.162314
0.193552 0.031488 0.162816
0.192459 0.031241  0.16152
 0.193802 0.0311862  0.161971
 0.193561 0.0311844  0.162802
 0.192176 0.0312842  0.162404
 0.193776 0.0310448  0.162066
  0.19366 0.0308935  0.162473
 0.193397 0.0298598  0.163329
 0.192828 0.0309196  0.165253
 0.192565 0.0330404  0.165976
 0.192184 0.0332693   0.16718
 0.192566 0.0330405  0.165977
 0.192185 0.0332692   0.16718
  0.176824 0.00740451   0.157844
  0.173837 0.00669003   0.156163
   0.17101 0.00792559   0.153613
  0.170828 0.00783932   0.153938
  0.176699 0.00864167   0.156964
  0.177526 0.00752875   0.157654
  0.177527 0.00752692   0.157655
  0.179207 0.00735196   0.153966
  0.181417 0.00804341   0.154606
 0.190459 0.0132341  0.154403
  0.183833 0.00911333   0.155488
  0.18624 0.0103665  0.155669
 0.194311 0.0170424  0.150903
  0.179217 0.00729623   0.153573
   0.17873 0.00795681    0.15356
  0.179067 0.00720623   0.153329
  0.178694 0.00753274   0.152972
   0.17918 0.00731746   0.153966
0.178925 0.007184 0.153234
  0.181565 0.00807784   0.154668
0.124246 0.076722 0.223351
 0.181567 0.0081056  0.154665
 0.189714 0.0117505  0.155235
  0.178273 0.00778513   0.152722
 0.125998 0.0358323  0.253132
 0.113934 0.0484509  0.243372
 0.120405 0.0309855  0.250658
 0.113827 0.0287968  0.247075
 0.107265 0.0296013  0.242928
 0.101719 0.0332745  0.238849
0.0980326 0.0392587  0.235458
0.0967665 0.0466422  0.233272
0.0981149 0.0543012  0.232625
 0.101871 0.0610692  0.233613
0.107464 0.065917 0.236087
 0.114042 0.0681048   0.23967
 0.120603 0.0673012  0.243817
 0.12615 0.063627 0.247896
 0.129836 0.0576432  0.251286
 0.131102 0.0502597  0.253472
 0.129754 0.0426008   0.25412
F
 4  5 42
 4 42 45
 4 45 47
  4  46 117
 4 47 46
   4  117 1465
   4 1465 1466
   4 1466    5
 5  6 42
   5 1466    6
 6 36 41
 6 40 36
 6 41 42
   6 1466 1467
   6 1467   40
11 20 22
 11  22 586
11 72 20
 11 586  72
20 24 22
20 25 24
20 31 25
20 70 31
20 71 70
20 72 71
21 23 25
21 25 31
21 31 40
  21   40 1467
  21 1467   23
  22   23 1468
22 24 23
 22 646 586
 22 651 653
 22 653 646
  22 1468  651
23 24 25
  23 1467 1468
 29 112 234
 29 223 235
 29 234 223
  29  235 1461
  29 1461  112
31 35 40
31 70 35
35 36 40
35 41 36
35 69 41
35 70 69
41 45 42
41 68 45
41 69 68
 43  63 253
  43  253 1463
  43 1463 1464
  43 1464   63
 44  62 113
  44  113 1463
 44 253  62
  44 1463  253
45 54 47
45 67 54
45 68 67
46 47 54
46 54 55
 46  55 117
54 56 55
54 65 56
54 67 65
55 56 57
55 57 63
55 63 64
  55   64 1465
  55 1465  117
 56  61 253
56 65 61
 56 253  57
 57 253  63
 61  62 253
61 65 66
 61  66 231
 61 231 252
 61 252  62
 62 252 113
  63 1464   64
  64 1464 1465
65 67 84
65 84 66
66 84 87
 66  87 232
 66 230 231
 66 232 230
67 68 88
67 88 92
67 92 84
68 69 93
68 93 88
69 70 94
69 94 93
70 71 77
70 77 94
71 72 74
71 74 77
 72 584  74
 72 586 584
74 78 77
 74 584 589
 74 589  78
 77  78 110
 77 101  94
 77 110 185
 77 185 101
 78 589 110
84 92 98
84 95 96
84 96 87
84 98 95
 87  96 269
 87 269 232
88 93 99
88 97 92
88 99 97
92 97 98
 93  94 100
 93 100  99
 94 101 100
 95  98 142
 95 142 143
 95 143 144
 95 144  96
 96 144 292
 96 292 269
 97  99 140
 97 140 141
 97 141  98
 98 141 142
 99 100 163
 99 163 203
 99 203 140
100 101 139
100 138 163
100 139 138
101 129 165
101 165 139
101 169 129
101 185 169
108 110 585
108 185 110
108 585 185
110 589 585
 111  112 1462
111 113 233
111 233 112
 111 1462  113
112 229 234
112 233 229
 112 1461 1462
113 231 233
113 252 231
 113 1462 1463
125 235 259
 125  241 1460
125 248 241
125 259 248
 125 1460 1461
 125 1461  235
129 169 165
138 139 575
138 575 163
139 165 575
140 199 141
140 203 575
140 574 199
140 575 574
141 149 142
141 199 149
142 147 572
142 149 147
142 572 143
143 572 144
144 197 298
144 298 292
144 572 197
147 149 573
147 573 572
149 199 574
149 574 573
163 575 203
165 169 576
165 576 575
169 185 467
169 467 576
185 344 467
185 585 344
191 263 280
191 280 569
191 563 263
191 568 563
191 569 568
197 571 298
197 572 571
202 210 795
202 241 210
202 249 241
202 795 803
202 798 806
202 803 798
202 806 249
204 205 210
204 210 241
204 218 205
204 223 218
204 235 223
204 241 248
204 248 259
204 259 235
205 218 220
205 220 264
205 222 210
205 264 222
210 222 795
218 219 220
218 223 224
218 224 219
219 224 225
219 225 267
219 263 220
219 267 263
220 263 300
220 300 264
222 264 828
222 828 795
223 229 224
223 234 229
224 229 230
224 230 225
225 230 232
225 232 268
225 268 267
229 231 230
229 233 231
232 269 268
 241  249 1460
 249  799 1460
249 806 799
262 264 300
262 300 861
262 831 264
262 861 831
263 267 280
263 563 300
264 825 828
264 830 825
264 831 830
267 268 284
267 284 280
268 269 290
268 290 320
268 320 284
269 292 290
280 284 569
284 320 569
290 292 298
290 298 570
290 569 320
290 570 569
298 571 570
300 563 568
300 568 786
300 786 861
344 576 467
344 585 758
344 758 576
566 567 579
566 579 581
566 581 881
566 880 905
566 881 880
566 905 911
566 911 567
567 568 569
567 569 572
567 572 573
567 573 579
567 699 568
567 882 699
567 911 882
568 699 894
 568  894 1323
 568 1323  786
569 570 572
570 571 572
573 574 576
573 576 579
574 575 576
576 577 578
576 578 579
576 722 736
576 736 577
576 758 722
577 731 733
577 733 578
577 736 731
578 733 767
578 738 579
578 767 738
579 580 581
579 698 766
579 738 752
579 752 698
579 766 580
580 698 706
580 706 757
580 757 775
580 766 698
580 775 581
581 757 881
581 775 757
582 583 584
582 584 586
582 586 640
582 593 594
582 594 583
582 628 593
582 640 659
582 659 662
582 662 628
583 585 589
583 589 584
583 590 591
583 591 592
583 592 585
583 593 590
583 594 593
585 592 692
585 692 758
586 646 659
586 659 640
590 593 628
590 624 591
590 628 662
590 662 624
591 598 600
591 600 592
591 624 598
592 600 732
592 722 692
592 732 736
592 736 722
598 599 600
598 624 662
598 625 599
598 662 867
 598  867 1471
 598 1471  625
599 604 600
599 625 604
600 604 733
600 731 732
600 733 731
604 608 738
604 625 844
604 738 767
604 767 733
604 844 608
608 609 702
608 697 698
608 698 752
608 702 697
608 752 738
608 844 609
 609  844 1472
 609 1472  702
 625 1471  844
627 714 716
627 716 814
627 718 832
627 795 813
627 803 795
627 812 803
627 813 718
627 814 812
627 832 714
636 646 665
636 659 646
636 662 659
636 665 666
636 666 662
646 651 673
646 653 651
646 673 665
 651 1468  673
 662  666 1470
 662 1470 1471
 662 1471  867
 665  673 1470
 665 1470  666
 673 1468 1469
 673 1469 1470
 675  716 1459
675 803 812
675 806 803
675 812 716
 675 1459 1460
 675 1460  806
692 722 758
697 702 713
697 706 698
697 707 757
697 708 707
697 713 708
697 757 706
699 852 864
699 859 852
699 864 894
699 882 859
 702 1472  713
707 708 709
707 709 854
707 845 856
707 854 845
707 856 757
 708  713 1472
 708 1472  709
 709 1472  854
714 832 836
714 836 837
 714  837 1473
 714 1457  716
 714 1473 1457
716 812 814
 716 1457 1459
718 813 827
718 827 832
731 736 732
757 856 881
 786 1323  861
795 828 813
798 803 806
 799  806 1460
813 825 827
813 828 825
825 826 832
825 830 864
825 832 827
825 852 826
825 864 852
826 836 832
826 837 836
826 851 837
826 852 851
830 831 864
831 861 864
837 839 842
 837  842 1473
837 851 839
839 845 854
839 851 845
839 854 842
 842  854 1473
 844 1471 1472
845 851 905
845 905 856
851 852 882
851 857 905
851 882 911
851 911 857
852 859 882
 854 1472 1473
856 880 881
856 905 880
857 911 905
 861 1323  864
 864 1323  894
1457 1460 1459
1457 1462 1460
1457 1463 1462
1457 1464 1463
1457 1468 1464
1457 1469 1468
1457 1473 1469
1460 1462 1461
1464 1467 1465
1464 1468 1467
1465 1467 1466
1469 1471 1470
1469 1473 1471
1471 1473 1472
