32
r_shoulder_2 
V
  0.098117 -0.0918933    0.46978
0.0935303 -0.116496  0.453237
  0.100539 -0.0879101   0.459042
 0.101895 -0.088279  0.447421
  0.101976 -0.0929438   0.436686
 0.100773 -0.101194   0.42847
0.0984653 -0.111775  0.424025
0.0954071 -0.123073  0.424027
0.0920637 -0.133371  0.428476
0.0889433   -0.1411  0.436695
0.0865209 -0.145083  0.447432
0.0851658 -0.144714  0.459053
0.0850836 -0.140049  0.469789
0.0862882 -0.131798  0.478004
0.0885949 -0.121218  0.482449
0.0916534  -0.10992  0.482447
0.0949965 -0.099622  0.477998
  0.03699 -0.101195  0.446159
 0.0415779 -0.0765919   0.462701
 0.0440003 -0.0726087   0.451963
 0.0453549 -0.0729782   0.440343
 0.0454368 -0.0776423   0.429607
0.0442321 -0.085893  0.421392
 0.0419253 -0.0964729   0.416946
0.0388677 -0.107772  0.416949
0.0355238 -0.118069  0.421397
0.0324033 -0.125798  0.429616
0.0299809 -0.129781  0.440353
0.0286258 -0.129412  0.451975
0.0285444 -0.124747   0.46271
0.0297486 -0.116497  0.470926
0.0320554 -0.105917  0.475371
 0.0351132 -0.0946179   0.475369
 0.0384573 -0.0843207   0.470919
F
 1  3 20
1 4 3
 1 16  4
 1 17 16
 1 19 34
 1 20 19
 1 34 17
 2  7 16
2 8 7
2 9 8
 2 16  9
 3  4 20
 4  5 22
4 7 5
 4 16  7
 4 21 20
 4 22 21
 5  6 22
5 7 6
 6  7 24
 6 23 22
 6 24 23
 7  8 24
 8  9 25
 8 25 24
 9 10 26
 9 11 10
 9 12 11
 9 13 12
 9 16 13
 9 26 25
10 11 28
10 27 26
10 28 27
11 12 28
12 13 30
12 29 28
12 30 29
13 14 30
13 15 14
13 16 15
14 15 32
14 31 30
14 32 31
15 16 32
16 17 33
16 33 32
17 34 33
19 20 34
20 21 34
21 22 24
21 24 34
22 23 24
24 25 26
24 26 28
24 28 33
24 33 34
26 27 28
28 29 30
28 30 32
28 32 33
30 31 32
