34
r_upper_arm 
V
0.0300988  -0.12732  0.309485
0.0310378  -0.12217  0.310269
0.0304341 -0.124872  0.310879
0.0292639  -0.12844  0.305485
0.0303988 -0.127997  0.305498
0.0300456 -0.128269  0.307943
  0.028449 -0.0999337   0.374576
0.0283869 -0.101579  0.372139
  0.02854 -0.101629   0.37065
 0.028356 -0.100984  0.373514
 0.0295888 -0.0938216   0.374467
 0.0268567 -0.0972492   0.376409
 0.0295324 -0.0947334   0.374548
 0.0288236 -0.0976703   0.375364
 0.0294951 -0.0947158     0.3745
  0.028654 -0.0985763   0.375173
0.0289766 -0.096938  0.375208
 0.0301594 -0.0955779   0.366837
0.0291037 -0.100152  0.368173
 0.0299634 -0.0963506    0.36723
0.0287904  -0.10113  0.369262
 0.0294731 -0.0986776   0.367481
 0.0300908 -0.0955446   0.366885
 0.0300041 -0.0967433   0.367301
 0.0290921 -0.0994005   0.367594
0.0288145 -0.128444  0.307942
0.0261575  -0.12306  0.353397
0.0251653 -0.128867  0.351895
0.0253373 -0.128496  0.350996
0.0234114 -0.122394  0.379787
0.0249767 -0.117554  0.374266
0.0248242  -0.11702  0.376639
0.0247962 -0.119359  0.372633
 0.023811 -0.123795  0.373568
0.0243505 -0.121743  0.372366
0.0233834 -0.124734  0.375781
0.023231  -0.1242 0.378153
0.0243966 -0.117959  0.378852
0.0304504 -0.122189   0.31562
 0.027895 -0.125552  0.332914
0.0301005 -0.123766  0.315953
0.0238566 -0.120012  0.380053
0.0616291 -0.171833   0.30053
0.0608359 -0.171329  0.300188
0.0613723 -0.173939  0.299742
 0.043666 -0.160666  0.303099
0.0426068 -0.162264  0.302533
0.0446597 -0.161824  0.304815
0.0435861 -0.163461  0.304405
0.0478099 -0.164393  0.310296
0.0469316 -0.166192  0.310276
0.0522069 -0.166115  0.317015
0.0616152 -0.171777   0.30043
0.0446521 -0.161826  0.304807
0.0522551 -0.166039   0.31708
0.0247706 -0.122041  0.367973
0.026353 -0.11526 0.365833
0.0266282 -0.113673  0.366209
0.0515474 -0.167895  0.317325
0.0432612 -0.164093   0.30433
0.0613569 -0.173957   0.29978
0.0302061 -0.128248  0.306807
0.0318291 -0.120987  0.305172
0.0315994 -0.120606  0.307972
0.0586553 -0.120963  0.290084
 0.071421 -0.115221  0.288426
 0.059325 -0.120473  0.290182
  0.05731 -0.122858  0.289381
0.0715972 -0.115276  0.288511
0.0652996 -0.113773  0.295538
0.0593097 -0.120407  0.290118
0.0610346 -0.118174   0.29152
0.0628651 -0.116114  0.293153
0.0621571 -0.114526  0.292145
 0.060088 -0.116875  0.290282
 0.059288 -0.120483  0.290158
0.0586341 -0.120282  0.289747
  0.05816 -0.119481  0.288773
0.0586543 -0.120958  0.290078
0.0568821 -0.121328  0.287967
0.0586462  -0.12029  0.289747
0.0592854 -0.120482  0.290156
0.0314223 -0.120837  0.308686
0.0309103 -0.122171  0.310241
0.0253731 -0.120325  0.365577
0.0262745 -0.116263   0.36472
0.0254116 -0.119826  0.366133
0.0266482 -0.119781   0.35488
0.0261587 -0.120869  0.357385
0.0256693 -0.124114  0.355951
0.0300019 -0.119257  0.309099
 0.031698 -0.120575  0.306383
0.0663295    -0.111  0.296266
0.0697923 -0.108432  0.300443
 0.064307 -0.112467  0.294264
0.0701387 -0.108777  0.300648
0.0751542 -0.111831  0.286682
0.0698646 -0.108804  0.300674
0.0323317 -0.120809  0.305604
0.0724483 -0.107766  0.303815
0.0503134 -0.164072  0.296845
0.0435489 -0.163505  0.304378
0.0235854 -0.116051  0.373398
0.0249261 -0.117543  0.374258
0.0247451 -0.119346  0.372626
0.0265014 -0.116419  0.362355
0.0270092 -0.113607  0.362831
0.0248013 -0.123553  0.364929
0.0317848 -0.121783  0.304129
0.0406796  -0.15355  0.295473
0.0392697  -0.15419  0.293912
0.0405842 -0.153632  0.295397
0.0445241 -0.161982  0.304767
0.0616196 -0.171784  0.300432
0.0586385 -0.120287  0.289749
  0.05864 -0.121017  0.290149
0.0584867 -0.119557  0.289399
0.0609959  -0.11822  0.291488
0.0592884 -0.120482  0.290158
0.0585361 -0.119574  0.289398
0.0602386  -0.11696  0.290558
0.0628627 -0.116118  0.293149
0.0575943 -0.122401  0.289515
 0.068734 -0.116591  0.288581
0.0573301 -0.122829  0.289348
0.0566292 -0.121857  0.287744
0.0231983 -0.115464  0.402315
0.0199021   -0.1277  0.400577
0.0244824 -0.110715  0.403035
0.0231007 -0.123525  0.408105
0.0226135 -0.121968  0.405823
 0.022576 -0.119486   0.40371
0.0240311 -0.124516  0.410583
0.0251832 -0.124979   0.41298
0.0289688 -0.124973  0.417619
0.0315999 -0.124981  0.420359
0.0242459 -0.130307  0.410544
0.0200284 -0.127728  0.400508
0.0205477  -0.13324  0.401215
0.0255028 -0.121419   0.36239
0.0269108 -0.115606  0.360088
 0.026564 -0.116639  0.361382
0.0283212 -0.134718  0.412322
0.0246849 -0.136892  0.402491
 0.047517 -0.144023  0.423001
0.0471382 -0.146093  0.408178
0.0476278 -0.145362  0.414336
0.0484799 -0.144886  0.420605
 0.025288 -0.122915  0.361629
0.0263748 -0.118823  0.359134
0.0260249   -0.1204  0.359467
0.0265086 -0.119292  0.357052
 0.0477438 -0.0866894   0.401323
 0.0668225 -0.0901787   0.389948
 0.0628339 -0.0841262    0.40918
 0.0669506 -0.0880206   0.398177
  0.066425 -0.0853335   0.406478
 0.0602658 -0.0826603   0.412669
  0.062783 -0.0839567   0.409172
 0.0678174 -0.0855059   0.406606
 0.0271427 -0.0947571   0.393102
0.0262086 -0.107295  0.405822
0.0312789 -0.104946  0.415841
0.0285363 -0.105437  0.410623
 0.0294639 -0.0958619   0.403583
 0.0301925 -0.0900164    0.39257
 0.0324353 -0.0914005    0.40294
0.0252919 -0.120041  0.366841
0.0261933 -0.115978  0.365984
 0.0372143 -0.0888555   0.402344
 0.0353445 -0.0883998   0.392053
0.0306564 -0.127345  0.304328
0.0251011 -0.116348  0.361222
  0.02404 -0.121128   0.36223
0.0254402   -0.1212  0.363364
0.0239774 -0.120909  0.363204
0.0250385 -0.116128  0.362196
0.0279203 -0.124239   0.33508
0.0262983 -0.121358  0.355212
0.0275704 -0.125816  0.335413
0.0254268  -0.11979  0.366064
0.0236236 -0.121032  0.366227
0.025093 -0.12126 0.366436
0.0239094 -0.120036  0.365418
0.0236302 -0.120969  0.366276
0.0237508 -0.120752  0.365569
0.0250787 -0.121296  0.366506
0.0239568 -0.119471  0.366023
0.0239488 -0.119534  0.365974
0.0236695 -0.120467  0.366833
0.0238282 -0.119751  0.366682
0.0264882 -0.115009  0.365055
0.0246846 -0.116251  0.365219
0.0261545 -0.116479  0.365428
0.0249708 -0.115255  0.364409
0.0246917 -0.116187  0.365268
0.0248121 -0.115971   0.36456
0.0261402 -0.116515  0.365497
0.0250171  -0.11469  0.365014
0.0264731 -0.115045  0.365125
0.0250101 -0.114754  0.364966
0.0247308 -0.115686  0.365825
0.0248895  -0.11497  0.365674
0.0246959 -0.120577  0.357225
 0.024206 -0.123823  0.355792
0.0246676 -0.129943    0.3545
0.0254869 -0.124506  0.356901
 0.024025 -0.124215  0.356742
0.0232048 -0.129652  0.354341
0.0239968 -0.135204  0.351054
0.0248487 -0.129551   0.35355
0.0233859  -0.12926  0.353391
 0.024313 -0.134521  0.349399
0.0225336 -0.134914  0.350894
0.0228497  -0.13423  0.349239
0.0237029 -0.128577  0.351736
0.0238745 -0.128205  0.350836
0.0246947 -0.122768  0.353238
0.0259855  -0.12343  0.354296
0.0245226 -0.123139  0.354137
0.0248355 -0.121067  0.355053
0.0273749 -0.136045  0.318543
0.0261076 -0.125525  0.335253
0.0277248 -0.134468   0.31821
0.0259116 -0.135755  0.318383
0.0262615 -0.134178  0.318051
0.0264326 -0.125262  0.332755
0.0286376 -0.123475  0.315793
0.0289875 -0.121898  0.315461
0.0264575 -0.123948   0.33492
0.0296875  -0.11031  0.344293
0.0251854  -0.11949   0.35472
0.0298184 -0.108977  0.345522
0.0282246 -0.110019  0.344133
0.0283554 -0.108686  0.345363
0.0250458    -0.119  0.356893
0.0270529  -0.11445  0.360893
 0.024912 -0.118532  0.358975
0.0256115  -0.11373  0.361322
0.0254482 -0.115314  0.359928
0.0263914 -0.114138  0.367523
0.0255461 -0.113316  0.362673
0.0251648 -0.113381  0.366049
0.0249511 -0.120404  0.369302
0.0239988 -0.117353    0.3695
0.0249131 -0.123757  0.363535
0.0233073 -0.121751  0.367814
0.0235545 -0.123329  0.362666
0.0238257 -0.122625   0.36147
0.0245621 -0.120109  0.359307
0.0234319 -0.115315  0.376603
0.0230454 -0.116556  0.379695
0.0242705 -0.118045  0.378739
0.0238064 -0.119962  0.380061
0.0238225 -0.120039   0.38016
0.0222999 -0.119391  0.381355
0.0215618  -0.12263  0.380911
 0.021474 -0.125782  0.375456
0.0222366 -0.124615  0.372405
0.0237066 -0.123663  0.373656
0.0242882 -0.121769  0.372347
0.0233384 -0.123261   0.36477
0.0251319 -0.120759  0.366992
0.0216463 -0.125909  0.375456
0.0234496 -0.118487  0.371159
0.0243526 -0.121709  0.372256
0.0229816  -0.12178  0.370745
0.0244658 -0.115485  0.368624
0.0237457 -0.118731  0.369309
0.0236354 -0.115262  0.376644
0.0266528 -0.100778  0.375402
0.0238459    -0.116  0.373366
 0.026606 -0.102723  0.372283
0.0287323 -0.101143  0.369296
0.0270856 -0.102296  0.368664
 0.0292158 -0.0995015   0.367596
0.0235968 -0.118488  0.371113
0.0264356  -0.10259  0.372251
0.0295176 -0.121371  0.311562
0.0304046 -0.124439   0.31076
0.0288182 -0.124524  0.312227
0.0282135 -0.127441  0.310836
0.0283655 -0.127513   0.31092
 0.0302808 -0.0953868   0.366072
0.0296661 -0.093829  0.374552
 0.0287906 -0.0974368   0.365719
 0.0296966 -0.0933395   0.375165
 0.0281196 -0.0950832   0.376175
 0.026459 -0.100646  0.375307
 0.0287744 -0.0977292   0.375332
 0.0272016 -0.0973598   0.376602
 0.0268093 -0.0959851   0.382708
0.0192557 -0.130427  0.389966
0.0191691 -0.130408  0.389967
 0.0281089 -0.0950623   0.376159
 0.0293994 -0.0914327   0.381851
 0.0296971 -0.0912359   0.381816
 0.0278702 -0.0997027   0.366196
  0.035196 -0.0897463   0.381842
 0.0351892 -0.0898457    0.38186
 0.0670772 -0.0915204    0.38429
0.0686369 -0.116648  0.288545
0.0751527 -0.111807   0.28667
 0.074712 -0.113628  0.287483
0.0687476 -0.116613  0.288537
0.0753061  -0.11375  0.287578
0.0753069 -0.113741  0.287573
0.0746983 -0.113151  0.289733
0.0702122 -0.110718  0.301328
0.0724367 -0.109599  0.304463
0.0702034  -0.11066  0.301303
0.0747179 -0.113168  0.289714
0.0300879 -0.126848  0.309954
0.0284498  -0.10172  0.371041
0.0283521 -0.100482  0.374101
0.0619289 -0.171972  0.299875
0.0608369 -0.171327  0.300187
0.0247734 -0.117008  0.376634
0.0252131 -0.121044  0.365728
0.0212269 -0.125026  0.378651
0.0233592 -0.122387  0.379783
0.0300307 -0.128054  0.307941
0.0470063 -0.147091  0.401943
0.0472292 -0.148363  0.395813
0.0231792 -0.124192  0.378149
0.0239117 -0.139211  0.392254
0.0196817 -0.135599   0.39117
0.0216848 -0.122683  0.380987
0.0214356 -0.125171  0.378734
  0.03492 -0.108571  0.303891
0.0416029 -0.126737  0.289324
0.0453438 -0.125136  0.289289
0.0373853 -0.118452  0.292353
 0.0287797 -0.0974185   0.365723
0.0365993  -0.10788   0.30385
0.0335461 -0.110063  0.304139
0.0356463 -0.112106  0.297011
0.039407 -0.12932 0.289816
0.0413945 -0.111316  0.295781
0.0573705 -0.122885  0.289438
0.0427373 -0.115976  0.292641
 0.045346 -0.125142  0.289294
0.0402017 -0.107285  0.303949
0.0575943 -0.122401  0.289515
0.0583916 -0.121257  0.290102
0.0573454 -0.122875  0.289396
0.0584394 -0.121132  0.290038
0.0634724 -0.115472  0.293711
0.0701406 -0.110595  0.301155
0.0642341 -0.114176  0.295139
0.0264342 -0.115545  0.364569
0.0593399 -0.120297  0.290126
0.0583917 -0.121267  0.290107
0.0556588 -0.110762  0.298272
0.0410689 -0.110259  0.297471
0.0640635 -0.114414  0.294981
0.0556609 -0.110864  0.298284
0.0584684 -0.120982   0.28979
0.0720769 -0.109134  0.306414
 0.053751 -0.108071  0.304996
0.0724439 -0.109634  0.304484
0.0696966 -0.110598  0.301463
0.0702106 -0.110663   0.30133
0.0696817 -0.110636   0.30148
0.0681129 -0.108843   0.30609
0.0722362 -0.109568  0.304787
0.0696903 -0.110559  0.301433
0.0681088 -0.108903  0.306107
0.0720721 -0.109126  0.306412
 0.0670713 -0.0915953   0.384307
 0.039269 -0.154191  0.293909
0.0406502 -0.153073  0.295192
0.0420097 -0.157636  0.299333
0.0436758 -0.160657  0.303099
0.0444183 -0.161545  0.304546
0.0442718  -0.16194  0.304464
0.0421561 -0.161962  0.316375
0.0522801 -0.166006  0.317348
0.0522417 -0.165884  0.317917
0.0306739 -0.126877  0.304037
 0.047236 -0.148345   0.39581
0.0289174  -0.15675  0.314361
0.0259665 -0.154719  0.313714
0.0263658 -0.153578  0.305878
0.0242459  -0.15156  0.312903
0.0198297 -0.135986   0.39127
0.0246252 -0.153121  0.313267
0.0356769 -0.146156  0.293307
0.0358695 -0.143447   0.29263
0.0298157 -0.151501  0.299489
0.0421324 -0.157811  0.299585
0.0393777 -0.152223  0.294937
0.0336998 -0.155936  0.301225
0.0303393 -0.157348   0.30758
0.0420509 -0.162193  0.316379
0.0393714 -0.152222  0.294944
0.0366345 -0.149333  0.294146
0.0309225 -0.122401  0.310417
0.0279269 -0.131039  0.308509
0.0295574 -0.147148  0.298689
0.0257585 -0.148555  0.305066
0.0241738 -0.147946  0.312074
 0.031815 -0.113524  0.304815
0.0302079 -0.119214   0.30917
0.032882 -0.11668 0.298028
0.0350622 -0.122682  0.293206
0.0384256 -0.131969  0.290337
0.0359065 -0.143432  0.292654
0.0384625 -0.132079  0.290294
 0.029612 -0.147195  0.298915
0.0297123 -0.127964  0.302582
0.0283246 -0.129248  0.308131
0.0288543 -0.129284  0.305022
0.0297737 -0.127903  0.302557
0.0305762 -0.125331   0.30227
0.0305479 -0.125507  0.301286
0.0310918 -0.125225  0.303133
0.0308742 -0.122793  0.301445
0.0310245 -0.121497  0.303088
0.0308338  -0.12021  0.303139
0.0302981 -0.118905  0.305905
0.0306361 -0.118836  0.305935
 0.0688201 -0.0843625   0.413603
  0.069258 -0.0858971   0.406787
 0.0602635 -0.0825993    0.41264
  0.04926 -0.085309  0.412558
 0.0409224 -0.0909814   0.413299
 0.0374302 -0.0949601   0.413908
 0.0340295 -0.0996789   0.414815
 0.0340959 -0.0997355   0.414695
0.0331563 -0.128984  0.421356
 0.035088 -0.132791  0.422338
0.0402695 -0.139184  0.424114
0.0467274 -0.143466  0.425491
0.0356927 -0.147519  0.293662
0.0393006 -0.152172  0.294921
0.0393898 -0.152485  0.293533
0.0363343 -0.148751  0.292496
0.0358547 -0.143662  0.292707
0.0385149 -0.131671  0.290197
0.0358558 -0.143663  0.292697
0.0359392 -0.143958  0.291391
0.0386007 -0.131971  0.288863
0.0381547 -0.131538  0.290161
0.0409996 -0.127733  0.288063
0.0416093  -0.12676  0.289435
0.0452911 -0.125152  0.289294
0.0233319 -0.124727  0.375774
0.0573684 -0.122885  0.289436
0.0453847  -0.12548  0.287838
0.0562846 -0.123409  0.288072
0.0396137 -0.152634  0.293581
0.0394577 -0.152537  0.293509
0.0245331 -0.110707  0.403019
0.0223453 -0.110628  0.402695
0.0208645  -0.11651  0.402368
0.0227021 -0.122587  0.406689
0.0204452 -0.120674  0.404694
  0.03121 -0.125278  0.303024
0.0208992 -0.123053  0.407796
0.0243152 -0.124605   0.41121
0.0263182 -0.104995  0.410381
0.0288509 -0.104467  0.415554
0.0245133 -0.106005  0.405998
0.0221044 -0.111437  0.402417
 0.022593 -0.109998  0.402989
 0.0251024 -0.0942464   0.392747
0.0329506 -0.101366  0.415125
0.0302369  -0.10115  0.414902
0.0313058 -0.104954  0.415827
0.0312326 -0.104941  0.415812
0.0289151 -0.104478  0.415567
0.0331571 -0.128987  0.421358
0.0303397 -0.129509  0.421294
0.0267392 -0.125048  0.414923
0.0284065 -0.124345  0.420007
0.031601 -0.12498 0.420356
0.0316037 -0.124982  0.420356
 0.028369 -0.124344  0.420005
0.0260544 -0.124393  0.417305
0.0303567 -0.129554  0.421309
0.0284263 -0.124296  0.419941
0.0223201 -0.131086  0.411043
0.0185439 -0.126838  0.402595
0.0172562 -0.128702  0.395343
0.0187002  -0.13413  0.401523
0.0185777 -0.126705  0.403051
0.0167981 -0.130054  0.389768
0.0223255 -0.124373  0.411681
0.0221443  -0.12428  0.411254
0.0231848 -0.124532  0.413154
0.024086 -0.12452 0.414634
0.0405037 -0.139408  0.424177
0.0397821 -0.141367  0.424572
0.0365245 -0.142025   0.41506
0.0237261 -0.138701  0.402624
0.0232215 -0.140853  0.392571
0.0267556 -0.136288  0.412359
0.0326833 -0.133631  0.422373
0.0465486 -0.147574  0.411102
0.0462421 -0.148674  0.403605
0.0473909 -0.146858  0.418669
0.0489682 -0.146621  0.426345
0.0487717 -0.146526  0.426311
 0.0694969 -0.0813131   0.412956
 0.0662466 -0.0822034   0.409205
 0.0691693 -0.0818119   0.411489
 0.0694995 -0.0813028   0.412957
 0.0587285 -0.0808276   0.412157
 0.0598449 -0.0826296   0.412635
 0.0483535 -0.0835573   0.412105
 0.0494149 -0.0852324   0.412551
 0.0696702 -0.0834036    0.40756
 0.0677657 -0.0844554    0.40337
  0.067021 -0.0868791   0.394627
 0.0473366 -0.0863287   0.393591
 0.0441945 -0.0852455   0.402062
 0.0684582 -0.0868724   0.395848
 0.0670033 -0.0870399   0.394684
0.0250465 -0.105737  0.407557
 0.0273857 -0.0949541    0.40319
0.0239037 -0.107185  0.405206
 0.0375142 -0.0947941   0.413939
 0.0326812 -0.0966506   0.414046
0.0263427 -0.105015  0.410372
 0.0319051 -0.0979687   0.414293
0.0291084 -0.104582  0.415427
  0.035141 -0.0933444   0.413446
 0.0315579 -0.0903477   0.404949
0.0272804 -0.089948  0.393415
 0.0251562 -0.0942572   0.392796
 0.0359914 -0.0923843   0.413298
 0.0307927 -0.0872622   0.392618
 0.0353096 -0.0864301   0.391625
  0.036581 -0.0868657   0.401938
 0.0365837 -0.0868391   0.401965
 0.0353105 -0.0864098   0.391631
 0.0392821 -0.0892047   0.412794
 0.0249297 -0.0956128   0.382496
0.0172183  -0.13002  0.389755
0.0172152 -0.130019  0.389754
0.0254889 -0.098583  0.371279
0.0276205 -0.123794  0.306235
 0.0286651 -0.0894711   0.381357
 0.0248597 -0.0955973   0.382495
 0.0672207 -0.0896095   0.383869
0.0252071 -0.119025  0.369469
 0.025929 -0.115773  0.368783
 0.0353404 -0.0878493   0.381422
 0.0353422 -0.0877983   0.381413
 0.0672175 -0.0896473   0.383878
 0.0686119 -0.0898098   0.384003
0.0314503 -0.124088  0.302989
0.0464717 -0.150158  0.396169
0.0179103  -0.13668  0.391309
0.0231474 -0.141024  0.392613
 0.041289 -0.125618  0.287606
0.0385282 -0.128382  0.288051
0.0385185  -0.12838  0.288035
 0.036488 -0.117303  0.290949
0.0412855 -0.125616    0.2876
0.0345734 -0.110792   0.29587
0.0320748   -0.1088   0.30377
0.0358251 -0.106089  0.303396
 0.0247131 -0.0955548   0.382479
0.0329754  -0.10744  0.303515
 0.0286693 -0.0894135   0.381347
0.0403479 -0.105337   0.30352
0.0411913  -0.10848  0.296521
0.0427235 -0.114482  0.291199
0.0451183 -0.124043  0.287497
0.0318067 -0.122248  0.303577
0.0748333 -0.112052  0.286667
0.0566292 -0.121857  0.287744
0.0581589 -0.119478  0.288769
 0.075153 -0.111805  0.286672
0.0566277 -0.121854  0.287741
 0.056939 -0.121355  0.287941
0.0580315  -0.11966  0.288677
0.0582043 -0.119502  0.288963
0.0566275 -0.121856  0.287743
0.0722231 -0.107186  0.305985
0.0538972 -0.106123  0.304567
 0.055809 -0.109199  0.297159
0.0584911 -0.119667  0.289381
0.0602608 -0.116662  0.290427
0.0608281 -0.116125  0.290997
0.0621593 -0.114519  0.292144
0.0624226 -0.114196  0.292358
0.0565001 -0.111411  0.294667
0.0580376 -0.119201  0.288535
0.0609689 -0.115817  0.291036
0.0698461 -0.108744  0.300626
0.0643938  -0.11252  0.294245
0.0642745 -0.112402  0.294245
0.0697708 -0.108793  0.300747
0.0539181 -0.105938  0.304502
0.0316518 -0.122871  0.303365
0.0701375 -0.108798  0.300653
0.0723879 -0.107664  0.304183
0.0725461 -0.107734  0.303959
0.0697572 -0.108774  0.300749
0.0682584 -0.106911  0.305664
0.0723849 -0.107678  0.304195
 0.069802 -0.108746  0.300804
 0.068255 -0.106955  0.305677
0.0309375 -0.126398  0.303475
0.0318112 -0.120321  0.306242
 0.047977 -0.164501  0.310818
0.0525782  -0.16606  0.317774
0.0520409 -0.167988  0.318034
0.0514773 -0.167696  0.318276
 0.028153 -0.158563   0.31472
0.0472172 -0.166352  0.310741
0.0514768 -0.167699  0.318277
0.0413243 -0.163961  0.316778
0.0434454 -0.163832  0.304337
0.0435177 -0.163398  0.304282
0.0426332 -0.162261  0.302519
0.0391934 -0.154214  0.293852
0.0342918 -0.146808  0.291927
0.0246527 -0.154818  0.305494
 0.024454 -0.156022  0.313909
0.0223219 -0.152176  0.312907
0.0354145 -0.150394  0.292807
 0.034288 -0.146819  0.291923
0.0354191 -0.150397  0.292812
0.0286324 -0.153008  0.298618
0.0395935 -0.152647  0.293582
0.0177632 -0.136409  0.391233
0.0230488 -0.154535  0.313483
0.0412623 -0.164104  0.316756
0.0295806 -0.159208  0.307452
0.0435285 -0.163607  0.304376
0.0329007 -0.157707  0.300569
 0.040532 -0.158427  0.297758
0.0392699 -0.154187  0.293908
0.0392314 -0.154201  0.293909
0.0385358 -0.153698  0.293751
0.0371378  -0.13168  0.288704
0.0332882 -0.122226  0.292256
0.0309667 -0.116291  0.297532
0.0298644 -0.113136  0.304602
0.0238401  -0.14828  0.304534
0.0277541 -0.147087  0.297755
0.0344764 -0.143667  0.291232
0.0371189 -0.131679  0.288684
0.0277704 -0.147123  0.297928
0.0309984 -0.116283  0.297568
0.0250569  -0.13502  0.308584
 0.022224 -0.147559  0.311862
0.0255593 -0.133985  0.308304
0.0888575 -0.164509  0.303528
0.0748302 -0.143362  0.297865
0.0961442 -0.157537  0.302426
 0.100186 -0.148408   0.30063
 0.100368 -0.138509  0.298413
0.0966614 -0.129351  0.296113
0.0896317 -0.122325  0.294079
0.0803488 -0.118502  0.292622
 0.070226 -0.118464  0.291963
0.0608039 -0.122216  0.292202
0.0535171 -0.129188  0.293303
0.0494748 -0.138317  0.295099
0.0492931 -0.148215  0.297316
0.0529989 -0.157374  0.299617
0.0600292 -0.164401  0.301651
0.0693125 -0.168223  0.303108
0.0794355 -0.168261  0.303767
  0.07864 -0.160441  0.370767
0.0834274 -0.160272  0.371037
 0.073896 -0.159873  0.370334
 0.105672 -0.137981  0.397227
0.111729 -0.13462 0.351674
 0.109419 -0.145024  0.353868
 0.0710827 -0.0912693   0.389662
  0.070509 -0.0871986   0.402348
 0.0709431 -0.0888524   0.395348
0.0857002 -0.104286  0.344712
0.0877812 -0.104835  0.343429
 0.085794 -0.104615  0.343251
0.0669459 -0.175657  0.318093
0.0612316 -0.171156  0.318385
0.0624071 -0.174203  0.312498
0.0830994 -0.153711  0.399323
 0.055503 -0.150217  0.396763
0.0559272 -0.148304   0.39636
0.0676249 -0.094606  0.387074
 0.0681325 -0.0933175   0.384763
 0.0677499 -0.0950442   0.385127
0.0557474 -0.147847  0.427057
0.0555988 -0.148512  0.427197
0.0645782 -0.148886  0.427858
 0.104426 -0.143762  0.378356
 0.103675 -0.147143  0.379069
 0.104097 -0.145613  0.378001
 0.106605 -0.151337  0.362547
 0.105529 -0.154754  0.355809
  0.10718 -0.150747  0.361858
0.0698144 -0.173521  0.324098
0.0775714 -0.166565   0.34549
0.0820042 -0.175946  0.325427
0.0735162 -0.151781  0.386732
0.0718185  -0.15052  0.390933
0.0733615 -0.151239   0.38914
0.0732269 -0.178857  0.308695
0.0780805 -0.179331  0.302555
0.080367 -0.18004 0.310599
 0.0632712 -0.0845957   0.407649
 0.0629271 -0.0833898   0.413005
 0.0687779 -0.0845537   0.413643
0.0794278 -0.144245  0.427767
0.0733297 -0.146706  0.427853
0.0859137  -0.14879  0.416514
0.108049 -0.12649  0.36254
 0.108498 -0.128065  0.355544
 0.107854 -0.127816  0.361919
 0.106689 -0.125071  0.377601
 0.106871 -0.125708  0.374771
0.106722 -0.12565 0.376241
 0.110165 -0.124131  0.349212
0.112304 -0.12423 0.349371
 0.113714 -0.134922  0.351869
 0.105578 -0.142439    0.3834
0.106519 -0.14147 0.381119
0.0718055 -0.154759  0.398833
0.0720815 -0.153516  0.398571
0.0748345 -0.163162   0.35573
0.0665844 -0.174782  0.319655
0.0675466 -0.174539  0.321877
0.0683321 -0.171002  0.321131
0.0640597 -0.169787  0.322397
0.0675067 -0.170473  0.322773
0.0657376 -0.169969  0.323299
0.0796847 -0.168036  0.352195
0.0877975   -0.1763  0.325928
0.0818458 -0.170498  0.345008
0.0782189 -0.179582  0.309204
0.0757677 -0.179174  0.308557
0.0860495 -0.176722  0.326099
0.0781983 -0.169457  0.352122
0.0844272 -0.177377  0.324879
0.0786104 -0.088085  0.407248
 0.0792613 -0.0878287   0.409146
 0.0746296 -0.0857181   0.414281
 0.110081 -0.123705  0.355383
 0.110467 -0.125058  0.354921
 0.104471 -0.142675   0.37993
 0.107665 -0.144522  0.378509
 0.107994 -0.143313    0.3803
 0.109624 -0.127191  0.360925
 0.110596 -0.124584   0.35677
 0.110375 -0.123809  0.360212
  0.10907 -0.147084  0.363553
 0.111365 -0.145503  0.354101
 0.108906 -0.135121  0.396792
 0.104205 -0.142987  0.381799
 0.103784 -0.144517  0.382867
 0.102732 -0.148197   0.37809
 0.103446 -0.150699  0.366976
 0.101681 -0.148691  0.380427
0.0558064  -0.14754   0.42703
0.0547721 -0.147653   0.42695
0.0572148 -0.151665  0.397214
0.0725916 -0.156121   0.39919
0.0864261 -0.165237  0.356942
0.0891329 -0.154277  0.399834
 0.110818 -0.126529  0.354909
0.0730631  -0.16976  0.350528
0.0656434 -0.173433  0.323983
0.0669482 -0.174063  0.323304
0.0729211 -0.162607  0.355482
0.0893279 -0.104967  0.337173
0.0883875 -0.104795  0.343253
0.0887888 -0.104981  0.343324
0.0881653 -0.174946  0.324998
0.0877894 -0.176277  0.325918
0.0882343 -0.174441  0.325709
0.0861348 -0.174976  0.321027
0.0897073 -0.175149  0.323971
0.0849961 -0.174425   0.32244
  0.10775 -0.123016   0.37162
 0.106973 -0.122719  0.379288
 0.107252 -0.121268  0.379382
 0.103374 -0.147354  0.367341
 0.104151 -0.147651  0.359674
 0.103873 -0.149102   0.35958
 0.0632146 -0.0860997   0.405416
 0.0625783 -0.0889687   0.406021
 0.105529 -0.147566  0.379294
 0.106385 -0.150566  0.365969
 0.106888 -0.149723  0.366405
0.0523094 -0.167994  0.318397
0.0514757 -0.167703  0.318274
0.061173 -0.14634 0.427066
0.0553213 -0.145176  0.426428
 0.0822509 -0.0932763   0.386688
 0.0823135 -0.0934955   0.385714
  0.071335 -0.0921536   0.385734
0.0558021 -0.147866  0.398307
0.0831128 -0.153713  0.399325
 0.108719 -0.122319  0.378189
 0.111193 -0.120359  0.377298
  0.11179 -0.123949  0.378225
 0.105837 -0.129006  0.406157
  0.10206 -0.137309    0.4077
 0.101118 -0.126106  0.415472
 0.102169 -0.114196  0.412348
 0.049971 -0.145766     0.418
0.0494705 -0.144012   0.42579
 0.050319 -0.140187  0.424983
 0.111194 -0.123078  0.394233
 0.108802 -0.148128  0.361936
  0.11218 -0.123776  0.358505
 0.110841 -0.119473  0.348213
 0.108224 -0.111129  0.391349
 0.088971 -0.179447  0.315325
0.0893258 -0.178868  0.310801
0.0898962 -0.178101  0.319299
 0.106681 -0.142037  0.378599
0.0830063 -0.179472  0.309807
0.0708163 -0.177046  0.308478
0.0820081 -0.175974  0.325342
0.0968993  -0.11757  0.422869
0.106942 -0.11693 0.408997
0.0963712  -0.10804  0.420704
0.0966507 -0.107674  0.346178
0.0958313 -0.105143   0.35788
0.0869916   -0.1017  0.356537
0.0515464 -0.167899  0.317326
0.0520526 -0.167964  0.318039
0.0525839 -0.166052  0.317777
 0.109248 -0.121863  0.359989
0.109504 -0.12276 0.356001
 0.108971 -0.122557  0.361267
0.0827084 -0.157756  0.382749
 0.094805 -0.160483   0.35641
  0.068299 -0.0881354   0.414419
 0.072192 -0.147094   0.42166
0.0783445 -0.142557   0.42731
0.0837167 -0.138898  0.426956
0.0966759 -0.108103  0.344736
0.0992744 -0.107354  0.344734
0.107297 -0.11467 0.346897
0.0719376 -0.153065  0.400514
0.0828901 -0.153256  0.401261
 0.055376 -0.149789  0.398713
   0.0705 -0.167569  0.354268
0.0683447 -0.167735  0.351058
0.0730564  -0.16979  0.350537
 0.107039 -0.134456  0.396523
 0.102753 -0.142074  0.397955
 0.105309 -0.146796  0.382717
0.101963 -0.14622 0.398841
 0.104936 -0.147786  0.381111
0.0722401  -0.10955  0.304783
0.0724585 -0.107678  0.304088
0.0739014 -0.107417  0.306145
0.0734763  -0.10933  0.306547
 0.106013 -0.151558  0.364364
0.104507 -0.14634  0.37663
 0.106654 -0.146209  0.366652
 0.105081 -0.148348  0.367709
 0.103551 -0.150477  0.360025
0.0723578  -0.15838  0.368359
0.0720764 -0.159647  0.368626
0.0719826 -0.159318  0.370087
 0.0686109 -0.0898135   0.384005
0.0736142 -0.107363  0.306114
0.0722254 -0.107175  0.305976
 0.100197 -0.107065  0.411003
0.0918279 -0.101977  0.419047
 0.0890788 -0.0967242   0.417687
0.0887132 -0.104381  0.336146
 0.0686095 -0.0898248   0.384007
0.0722638 -0.158051  0.369819
 0.108927 -0.123774  0.373578
 0.108503 -0.124507  0.376098
    0.112 -0.125266  0.376494
0.0893464 -0.105123  0.333295
 0.101876 -0.148508  0.378973
 0.101599 -0.148402  0.381712
 0.10162 -0.14761 0.382961
0.0825827 -0.157313  0.384181
0.0818287 -0.154062   0.39932
 0.102509 -0.107746  0.334712
 0.104751 -0.150914  0.362322
  0.10453 -0.150139  0.365764
 0.104486 -0.151226  0.364191
0.107595 -0.14524 0.364372
 0.107757 -0.145808  0.361852
 0.0705109 -0.0917544   0.387113
 0.0705263 -0.0874203   0.401794
0.0935887 -0.107737  0.420457
 0.108193 -0.129004  0.356642
 0.0927243 -0.0931208   0.402195
 0.0785639 -0.0845494   0.414271
 0.0857024 -0.0894126   0.415824
 0.0840101 -0.0983663   0.371001
  0.084104 -0.0986952    0.36954
 0.0837294 -0.0996326   0.371268
 0.108172 -0.118092  0.376736
 0.108449 -0.118198  0.373996
0.108428 -0.11899 0.372748
0.0736437 -0.107445  0.305767
0.0734758 -0.109332  0.306549
0.0739009  -0.10742  0.306145
0.0848556 -0.101326  0.357856
0.0869367 -0.101875  0.356573
0.0849494 -0.101655  0.356396
0.0951026 -0.149354  0.399111
0.0724462 -0.107695  0.304091
0.0722037 -0.107201  0.305988
0.0736531 -0.107367  0.306073
0.0709338 -0.164092  0.356314
0.0715976 -0.165439  0.355906
0.0745181  -0.16528  0.356443
0.076873 -0.16357 0.355747
0.0763516 -0.162475  0.355467
0.0760042 -0.163726  0.355726
 0.103359 -0.141529  0.378108
 0.103177 -0.140892  0.380938
 0.103326 -0.140949  0.379468
 0.105502 -0.147533  0.361609
 0.105547 -0.146445  0.363183
 0.105281 -0.146758  0.365051
0.104435  -0.1453 0.361361
 0.104008 -0.145137  0.365572
 0.104253 -0.144663   0.36419
0.0833379 -0.138529  0.426612
0.0873403 -0.134635  0.426112
0.0897198 -0.142025  0.417928
0.0650541  -0.17621  0.309232
0.0709501 -0.177903  0.309516
0.0690197 -0.177154  0.311038
 0.0692511 -0.0824026   0.413267
 0.0703029 -0.0822741   0.413228
 0.112253 -0.124129  0.360394
 0.111397 -0.121128  0.373719
 0.111622 -0.122116  0.373362
 0.110142 -0.126446  0.375311
 0.109046 -0.121207  0.393675
  0.10998 -0.125879  0.377831
0.0558218  -0.14693  0.418638
 0.101995 -0.145025  0.384237
 0.102626 -0.142305  0.383418
 0.103075 -0.143881  0.376421
0.0848775 -0.178116    0.3224
0.0848377 -0.174151  0.323582
 0.105812 -0.145953  0.383152
0.0869759 -0.175261  0.320588
 0.0704207 -0.0922651   0.384672
 0.108643 -0.118666  0.377763
 0.108367 -0.117909  0.375282
0.0855222 -0.149271  0.411439
0.0957781 -0.142711  0.411323
0.0965448 -0.148298  0.398936
0.0552323 -0.142717  0.417652
0.0572826 -0.142317   0.42591
0.0577213 -0.144152  0.418135
 0.107502 -0.143575  0.382161
 0.106417 -0.145032    0.3832
 0.103109 -0.127764   0.41576
 0.107777 -0.129661  0.406472
 0.077498 -0.165595   0.34799
0.0761014 -0.164592  0.353257
 0.076329 -0.163566  0.353041
 0.0942283 -0.0984532   0.387598
 0.104923 -0.114899  0.346796
 0.107592 -0.123834  0.371621
0.109063 -0.12005 0.371984
 0.110113 -0.124993  0.372461
  0.098542 -0.0976692   0.402437
0.0991696 -0.100132  0.409032
0.0797945 -0.164939  0.354159
0.0798954 -0.167207  0.351969
0.0810488 -0.166481  0.351854
 0.102442 -0.106719  0.411064
 0.104445 -0.114336  0.412575
 0.107782 -0.112286   0.40239
0.0571773 -0.151848  0.397238
0.0889018 -0.136332  0.426594
 0.092216 -0.131665  0.425756
 0.0687995 -0.0898894   0.406628
 0.0690663 -0.0872638   0.406055
0.0903362 -0.130056  0.425273
0.0831572 -0.179703  0.314824
0.0849603 -0.180372  0.306749
0.0672286 -0.165572  0.350893
0.0610634 -0.171105  0.318393
 0.068829 -0.167962  0.351004
0.0845739 -0.102592  0.358123
0.0957374 -0.104814  0.359341
0.0914264 -0.102836  0.358618
0.0854194 -0.105552  0.344979
0.0876874 -0.104506  0.344889
 0.108288 -0.147661  0.366081
  0.10642 -0.150512  0.366207
0.0731086 -0.161011  0.356675
0.0732024  -0.16134  0.355214
0.0728272 -0.162278  0.356942
0.0736165 -0.162667  0.356384
0.0738624 -0.162709  0.356337
0.0735144 -0.163232  0.355157
  0.095108 -0.0973675   0.403816
 0.0839661 -0.0907292   0.416009
 0.0776657 -0.0863219   0.414612
 0.104051 -0.143409  0.382451
0.107212 -0.14389 0.382828
  0.10323 -0.151584  0.360948
0.102835  -0.1502 0.367097
 0.103071 -0.148796   0.36749
 0.055195 -0.142811  0.417671
0.0508195 -0.141941  0.417194
0.0760268 -0.163667  0.355565
0.0784468 -0.165534  0.354379
0.0831403 -0.178452  0.319742
0.0730711 -0.169725  0.350521
0.0670698 -0.175255  0.317989
 0.104888 -0.108737  0.390595
0.0786842 -0.087896  0.407169
 0.0752053 -0.0875403   0.406502
 0.0799682 -0.0915779   0.397117
 0.106696 -0.125909  0.375962
0.0835413  -0.17906  0.317281
0.0570646  -0.14928  0.412362
0.0579409 -0.152495   0.39846
0.0569115 -0.149912  0.412613
0.0688405 -0.165245  0.353922
 0.109519 -0.120813  0.373516
 0.109565 -0.119726   0.37509
 0.109298 -0.120038  0.376959
 0.083553 -0.160715  0.369604
0.0747163 -0.163014  0.357229
0.0739899 -0.160202  0.368874
 0.105173 -0.149384  0.361254
 0.110133 -0.125288  0.372927
 0.110788 -0.127585  0.362725
0.0561104 -0.149119  0.412002
 0.055878 -0.147127  0.417763
0.0948928 -0.101855  0.372486
0.0905818 -0.099876  0.371763
  0.07859 -0.167322  0.343363
0.0834265 -0.171854  0.324552
0.0825983 -0.175585   0.32534
0.0811698 -0.169367  0.346939
0.0824535 -0.168634  0.347129
0.0814226 -0.167222  0.350472
 0.105347 -0.148636  0.361094
 0.108741 -0.148293  0.361762
0.0826423 -0.175614  0.325352
0.0836107 -0.179137  0.309558
0.0830189 -0.179616  0.309823
 0.108147 -0.125782  0.363002
 0.111056 -0.129649  0.361084
  0.11071 -0.127023  0.363049
 0.105752 -0.112676  0.402374
 0.100792 -0.103534  0.404429
 0.106777 -0.124045  0.378667
 0.107422 -0.124295  0.372291
 0.107117 -0.125233  0.373389
0.0968804 -0.161597  0.356794
0.0566643 -0.148411  0.408211
0.0574561 -0.150592  0.396974
0.0941697 -0.138345  0.417083
 0.104067 -0.148361  0.359214
 0.106858 -0.148187  0.359751
 0.0695373 -0.0870752   0.402081
 0.0691221 -0.0857597   0.408287
0.0740563 -0.162752   0.35656
0.0748825 -0.163433  0.356088
0.0739879 -0.163633   0.35558
0.0859982 -0.098587  0.371178
 0.103271 -0.142555  0.377042
0.0642625 -0.146951  0.427402
0.0685084  -0.14634  0.427537
0.0634558 -0.170032  0.320599
0.0642808 -0.170562  0.318956
 0.0691704 -0.0867946   0.405956
0.0704023 -0.092268  0.384673
  0.069506 -0.0905983   0.395938
0.0797904 -0.164994  0.354221
0.0836452 -0.164856  0.356472
0.0776373 -0.163662  0.355817
0.0833552 -0.093405  0.386788
 0.0714846 -0.0914784   0.385592
0.0714068  -0.15347  0.407037
0.0819366  -0.15616  0.399814
0.0718958 -0.149931  0.418096
 0.061327 -0.147611  0.419182
0.0721281 -0.147376  0.420765
0.0717237 -0.150396  0.410697
0.0958061 -0.104714  0.359323
0.0949866 -0.102183  0.371025
  0.086147 -0.0987408   0.369682
  0.05793 -0.152543   0.39847
0.0714406 -0.152392  0.410699
 0.056885 -0.150196  0.412417
 0.0995379 -0.0995408   0.388183
 0.107895 -0.118786  0.378014
  0.10829 -0.120171  0.371865
0.0639818 -0.173909  0.319154
0.0669129 -0.171229   0.31857
0.096592 -0.10653 0.344171
0.0876578 -0.105705  0.343411
0.0963798 -0.107486  0.344373
0.0755338 -0.164599  0.356098
0.0753886 -0.165253  0.356236
0.0779635 -0.153677  0.401039
 0.0799761 -0.0915432   0.397104
 0.0699368 -0.0933649   0.386957
 0.0819944 -0.0943001   0.387929
 0.109525 -0.121969   0.35725
 0.0704357 -0.0922745   0.384676
0.0738267 -0.163612  0.355513
0.0759181 -0.164033  0.355718
0.0735676 -0.163677  0.354933
0.0717127 -0.150555  0.410677
0.0829414 -0.153436  0.401305
 0.071968 -0.153069  0.400517
 0.103454 -0.146368  0.382512
  0.10341 -0.147456  0.380938
0.0660575 -0.174105  0.303652
0.0702271 -0.176405  0.302466
0.0649176 -0.174374  0.306112
 0.0698362 -0.0895743   0.406625
 0.0751297 -0.0874706   0.406497
 0.0693357 -0.0878204   0.414414
 0.0701249 -0.0935194   0.384937
 0.0850286 -0.0951889    0.38627
 0.0917702 -0.0973659   0.387194
 0.0704816 -0.0820636   0.411969
 0.0704507 -0.0816067   0.413087
 0.0851215 -0.0892352   0.402923
0.0630888 -0.170014  0.320395
0.0722235 -0.151939   0.38463
0.0677278 -0.171248  0.319332
 0.102957 -0.103128   0.38921
0.0738716 -0.160055  0.370374
0.0731452 -0.157243  0.382019
 0.0693276 -0.0820802   0.413121
0.0868428 -0.101547  0.358033
 0.097637 -0.100578  0.390348
0.0978704 -0.100683  0.388313
0.0580901 -0.151823  0.398318
0.0725721 -0.155391  0.400052
0.0579409 -0.152495   0.39846
 0.0706117 -0.0850631   0.405302
0.0573394 -0.150163  0.398923
0.0628867 -0.172594  0.321139
0.0973549  -0.14574  0.408952
0.0976498 -0.149719  0.399359
 0.104341 -0.143235  0.398317
0.0614125 -0.171095  0.318315
0.0606503 -0.169901  0.318264
0.0603947 -0.170425  0.315019
0.105584 -0.15011 0.359882
 0.104065 -0.151853  0.360789
 0.089033 -0.103786  0.343273
0.0514636 -0.167734  0.318281
0.0531776 -0.168194  0.318498
 0.048172 -0.150655  0.396391
0.0601048 -0.169572  0.319253
 0.097637 -0.100578  0.390348
0.0977827  -0.10102  0.388402
0.0464638 -0.150179  0.396174
0.0464625 -0.150182  0.396173
0.0480348 -0.148386  0.408917
0.0539035 -0.151796  0.397016
 0.071678 -0.155333  0.398954
0.0743667 -0.164752  0.357118
 0.070896 -0.164143  0.356356
0.0666507 -0.164373  0.350796
0.0681077 -0.164007  0.354069
 0.0854737 -0.0931811   0.385847
 0.061324 -0.147746  0.419176
0.0585036 -0.147456  0.418929
 0.104445 -0.114532  0.304574
 0.102154 -0.147813  0.377694
0.0569066 -0.143468  0.417929
0.0614894 -0.147449  0.422142
0.0613205 -0.147742  0.419175
0.0572209 -0.142398  0.425924
0.0620786 -0.172304  0.308377
 0.106736 -0.146148  0.378242
 0.107493 -0.148803  0.366453
 0.108578 -0.147346  0.365415
0.0894061 -0.104723  0.337106
0.0898461 -0.105229  0.333325
0.0894248 -0.104862   0.33329
 0.0852413 -0.0937162   0.386979
 0.0823169 -0.0934676   0.385708
 0.064202 -0.146851  0.427385
 0.104418 -0.144459  0.362999
0.0848383 -0.140429  0.427255
0.0855174  -0.14498  0.421965
  0.10427 -0.144865   0.37784
0.0895191 -0.104799   0.33696
  0.10252 -0.107692  0.334705
0.0898311 -0.105224  0.333329
 0.0863628 -0.0932649    0.38695
0.0891775 -0.103131  0.343135
 0.101969 -0.109254  0.336914
 0.102414 -0.107495  0.336039
  0.10421 -0.149575  0.367564
 0.102955 -0.115786  0.297058
 0.104021 -0.116445  0.304977
0.0979444 -0.115925  0.291129
  0.10253 -0.117699  0.297461
0.0907556  -0.11491  0.288374
0.0975192 -0.117837  0.291532
0.0903314 -0.116822  0.288777
0.0736432 -0.107446  0.305767
0.0739009  -0.10742  0.306145
0.0747439 -0.113721  0.287077
 0.110641 -0.123497  0.358343
0.0724497 -0.107749  0.303876
0.0736471 -0.107428  0.305749
 0.102757 -0.152462   0.36368
 0.102675 -0.152172  0.364965
 0.103721 -0.138454  0.408124
0.0956311  -0.13991  0.417608
0.0922718 -0.105796  0.345474
 0.104347 -0.146325  0.360296
 0.103702 -0.146076  0.366671
 0.102465 -0.142767  0.384089
 0.101637 -0.148401  0.381958
 0.102435 -0.146838  0.383883
0.0712973 -0.177814  0.302746
0.0652275 -0.174663  0.305456
 0.111209 -0.129059   0.35618
 0.0708214 -0.0903872    0.38428
 0.0850499 -0.0950929    0.38625
 0.0708455 -0.0902702   0.384251
 0.0692719 -0.0858375   0.406771
0.0701727 -0.087268    0.3959
0.0704217 -0.092182  0.384655
 0.107765 -0.128841  0.360854
 0.107947 -0.129478  0.358024
 0.107799 -0.129421  0.359494
 0.107574 -0.119894  0.378937
 0.108053 -0.121575  0.371471
 0.087815 -0.104783  0.343214
0.0879661 -0.104103   0.34307
 0.104424 -0.151732  0.364082
 0.106652 -0.151349  0.362397
0.0885937 -0.104112  0.337301
0.0821049 -0.179757  0.312464
0.0803955 -0.179782  0.310546
 0.0704028 -0.0922693   0.384673
0.0722946 -0.149373   0.42106
0.0820073 -0.175948  0.325429
0.0776344 -0.166478  0.345432
0.0825879 -0.175572  0.325381
0.0931958 -0.122782  0.423819
0.0964791 -0.120159   0.42344
0.0939472 -0.119034  0.423024
 0.110508 -0.118457  0.393146
0.0727418 -0.145166  0.427545
0.0733754 -0.147009  0.428001
0.0747407 -0.162833   0.35719
0.0842721 -0.163232  0.357892
 0.103134 -0.145805  0.384311
 0.104005 -0.144577  0.384456
  0.086217 -0.0939201   0.387088
0.0880577 -0.103592  0.343166
 0.0852394 -0.0937262   0.386981
0.0740584 -0.162662  0.356468
0.0739989 -0.163548  0.355504
0.0736044 -0.163221  0.355147
 0.103528 -0.154029  0.355517
0.0881284 -0.104629  0.343194
 0.109685 -0.119275  0.374755
0.112037 -0.12454 0.373884
0.0846678 -0.102921  0.356663
0.0727009 -0.165674  0.344547
0.0736634 -0.164107  0.352991
0.0955304 -0.124137  0.424274
0.0777954 -0.157481  0.383912
0.0730513 -0.156914  0.383479
 0.0863632 -0.0932641    0.38695
 0.0954608 -0.0970602   0.387362
 0.0864244 -0.0934859   0.385976
0.0843659 -0.163561  0.356432
0.0745585 -0.164405  0.355992
 0.066984 -0.175589  0.318064
 0.0838232 -0.0999614   0.369808
 0.0914378 -0.0960027   0.417677
0.0784053 -0.142524  0.427314
0.0835755 -0.138685  0.426782
0.0712318 -0.156688  0.381771
0.0939602 -0.119303  0.422632
0.0875859 -0.178205  0.321551
 0.088985 -0.175803  0.322337
0.0896856 -0.175309  0.323521
 0.110761 -0.123046  0.358008
 0.110003 -0.127544  0.356831
 0.113114 -0.128311  0.357138
0.0629181 -0.147263  0.424529
 0.0696462 -0.0831921   0.408168
0.0674442 -0.165553  0.350859
0.0681872 -0.163898  0.354009
 0.109098 -0.120229  0.404099
0.0759468 -0.164026  0.355705
0.0762354 -0.162686  0.355507
0.0546419 -0.148236  0.427073
 0.055983 -0.149728  0.412054
0.0725736 -0.155385  0.400051
0.0715974 -0.155209  0.399948
0.0749423 -0.166107  0.356261
0.0546244 -0.148284  0.427083
 0.054684 -0.148043  0.427068
 0.109366 -0.123941  0.355118
0.0547328 -0.147831  0.426973
0.0539589 -0.151559  0.396977
0.0570503 -0.152422  0.397359
0.0509361 -0.147516   0.42304
0.0855132 -0.105881  0.343518
 0.109742 -0.122758  0.371656
 0.110315 -0.124767  0.362736
0.0855364 -0.150261  0.408547
0.0557443 -0.146781  0.419623
0.0574746  -0.15051  0.396956
0.0566776 -0.148325  0.408246
  0.05012 -0.147019  0.426508
0.0500062 -0.147031  0.425904
0.0487704 -0.146528  0.426311
0.0707235 -0.177168  0.308478
0.0694364 -0.172974  0.323859
0.0697853 -0.173591   0.32402
 0.075919 -0.164161  0.355714
 0.073268 -0.178597  0.308664
 0.109005 -0.119935   0.37213
0.109443 -0.12168 0.358534
0.0864249 -0.093485  0.385976
 0.113076 -0.129036  0.359747
 0.113118 -0.128685  0.357835
0.0631707 -0.172398  0.322476
 0.067089 -0.174773  0.320265
0.0745498 -0.164832  0.356944
0.0754304 -0.163894  0.355832
0.0831851 -0.179509  0.314776
0.0669883 -0.175767  0.315476
0.0676598  -0.17642  0.313083
0.0775792 -0.154106  0.399057
0.0906756 -0.100205  0.370303
 0.0860921 -0.0989158   0.369718
 0.112587 -0.125853  0.361613
 0.111829 -0.123199  0.373403
 0.112042 -0.124914  0.374583
0.0964749 -0.148159  0.398932
 0.112894 -0.127901  0.361314
0.0616568 -0.172656  0.311353
0.0862878 -0.176847  0.326212
  0.10175 -0.148794  0.380211
0.102991 -0.14459 0.375962
 0.102818 -0.148181  0.377917
0.087512 -0.17808 0.321409
 0.083098 -0.178711  0.319798
0.0892412 -0.177722  0.321531
 0.112899 -0.125124  0.356569
 0.0788946 -0.0871858   0.411812
0.0553755 -0.149787  0.398712
 0.103541 -0.146538  0.367342
 0.106429 -0.146455  0.367092
0.0698586 -0.089672  0.406648
 0.0664466 -0.0881855   0.414311
0.108423 -0.11783 0.375511
 0.107071 -0.122012  0.379749
  0.10868 -0.118707   0.37795
0.0749892 -0.166069  0.356408
0.0797157 -0.168041  0.352145
0.0944861 -0.101754  0.419167
 0.049828 -0.145523  0.418999
0.0868901 -0.166007  0.355808
0.0871319 -0.164916  0.355583
0.0557592 -0.146711  0.419612
0.0487741 -0.145072   0.42003
 0.109845 -0.127966  0.357483
 0.109579 -0.128278  0.359351
 0.103895 -0.151952   0.36117
0.0474259 -0.144124  0.423104
  0.07046 -0.176519  0.308124
0.0898443 -0.175315  0.323008
 0.106104 -0.146976  0.378605
0.0672356 -0.149607  0.390433
0.0699797  -0.15165  0.383637
0.0676405 -0.151026   0.38413
0.0730542 -0.169822  0.350543
 0.110266 -0.126435  0.356414
 0.0850273 -0.0967429   0.378404
 0.0856755 -0.0972852   0.376513
0.0835081 -0.096138  0.379673
 0.0681843 -0.0917371   0.384411
 0.0852775 -0.0976198   0.374509
 0.087718 -0.104764  0.343203
0.0849116 -0.101375  0.377385
0.0847844 -0.097708   0.37356
 0.0855968 -0.0970386   0.377598
0.0675551 -0.174566  0.321901
0.0650925 -0.173134  0.324258
0.0687054 -0.171057  0.321351
 0.0839415 -0.0976568   0.372928
 0.0820243 -0.0973865   0.372193
 0.0796848 -0.0967627   0.372687
  0.10237 -0.146928  0.383724
 0.107726 -0.144358  0.378683
0.0893532 -0.105012  0.333544
0.0879602 -0.104103   0.34307
0.0880011 -0.104682  0.343181
0.0885942 -0.104111    0.3373
 0.074781 -0.162988  0.356537
0.0743696 -0.164701  0.357067
0.109795 -0.12609 0.361442
 0.110754 -0.123002  0.358457
0.112269 -0.12413  0.36055
0.0743767 -0.164808  0.356924
0.0747929 -0.162905  0.356578
0.0721025  -0.15342  0.398551
0.0747814 -0.162897  0.356637
0.0779572 -0.167074  0.354944
0.0779757 -0.169652  0.352109
0.0796995 -0.168025  0.352194
  0.10486 -0.148288   0.36612
0.0546945 -0.141058   0.42546
 0.0915282 -0.0968138    0.38911
 0.0819944 -0.0943001   0.387929
0.0740555 -0.162681  0.356698
0.0727281 -0.155613  0.388814
0.0747868 -0.162826  0.356778
0.0660504 -0.171065  0.318431
0.0720808  -0.15507  0.390705
 0.072331 -0.155947   0.38681
0.0737683 -0.151577  0.387973
 0.071472 -0.154763  0.391532
0.0727892 -0.155856  0.387727
0.0753717 -0.168455  0.354956
0.0705614 -0.154465  0.391974
0.0685772 -0.153959  0.392284
 0.066333 -0.153671   0.39129
 0.0680112 -0.0928636   0.386706
0.0814014  -0.16716  0.350437
0.0798165 -0.167169  0.351906
0.0802645 -0.167985  0.350591
  0.11133 -0.121093  0.377909
 0.111511 -0.122083   0.37836
 0.109634 -0.123252  0.379796
0.0650396 -0.153828  0.389187
0.0536012 -0.166277  0.318118
 0.0697742 -0.0893333   0.395792
 0.0679865 -0.0889539   0.395622
 0.0692631 -0.0858738   0.406791
0.071513 -0.15542 0.381504
0.0711379 -0.156359  0.383231
0.0550022 -0.146526  0.419539
0.0557285  -0.14685  0.419642
0.0575144 -0.150332  0.396924
0.0969354  -0.11611  0.422557
0.0942591  -0.11523  0.422187
 0.0862184 -0.0939131   0.387086
 0.0836132 -0.0927379   0.386654
0.0543277 -0.149883  0.396612
 0.0860601 -0.0984126   0.371146
 0.102713 -0.152172  0.365211
 0.103512 -0.150609  0.367136
0.0843072 -0.179065  0.304538
  0.068965 -0.0857052   0.406725
 0.0680107 -0.0928642   0.386707
  0.070124 -0.0935211   0.384937
 0.0681339 -0.0933149   0.384763
 0.111458 -0.121201  0.373492
 0.111104 -0.120005  0.375252
0.0641386 -0.172754  0.323616
0.0754438 -0.163892  0.355791
0.0759536 -0.164082  0.355799
 0.101758 -0.146429  0.383844
 0.102952 -0.152279  0.362226
 0.102696 -0.151381  0.366214
0.0842557 -0.177838  0.323107
 0.085394 -0.178269  0.321727
 0.0669529 -0.0898389   0.406499
0.0856168 -0.153198  0.399369
0.0574537 -0.150605  0.396976
 0.105999 -0.143912  0.376855
 0.102797 -0.145331  0.376326
0.0715977 -0.155207  0.399948
 0.0770261 -0.0879125   0.406398
 0.0751305 -0.0874706     0.4065
 0.105344 -0.146742  0.382954
0.0778892  -0.15781  0.382451
0.0965821 -0.107774  0.346196
 0.0664524 -0.0880851   0.414289
 0.109129 -0.125346  0.354725
 0.108826 -0.126787  0.354873
  0.10865 -0.123665   0.36219
 0.052736 -0.166061  0.317985
0.0522776 -0.166007  0.317345
 0.052243 -0.165885  0.317918
0.0860553 -0.165633  0.356134
0.0814193 -0.167247  0.350491
0.0878725 -0.166823  0.354654
 0.102829 -0.106002  0.400469
0.0528269 -0.166073  0.318056
0.0522406 -0.165887  0.317914
0.0831022 -0.153669  0.399314
0.0856189  -0.15321  0.399372
 0.0620777 -0.0872146   0.413811
0.0732012 -0.165696  0.345014
0.0735631 -0.163755  0.354553
 0.109678 -0.119231  0.375205
 0.102826 -0.152565  0.363465
0.0564062 -0.141715  0.425718
 0.108328 -0.125039  0.362635
  0.07319 -0.109276  0.306518
0.0734758 -0.109332  0.306549
0.0647516 -0.169798  0.323093
0.0892796 -0.177805   0.32157
 0.107037 -0.120136  0.403945
 0.108925 -0.125954  0.394732
 0.106398 -0.111942  0.391415
 0.108541 -0.118819  0.393101
0.0714192 -0.155092  0.382964
0.0826766 -0.157641  0.382721
0.0720783 -0.109127  0.306406
 0.073222 -0.109347  0.306166
 0.0765275 -0.0863678   0.404294
0.0713987 -0.091914  0.385707
 0.0704536 -0.0821698   0.412032
 0.109712 -0.123814  0.379472
0.0787838 -0.100827  0.373543
0.0783788 -0.099408  0.379846
0.0772404 -0.100106  0.375336
 0.0765071 -0.0864455   0.404329
0.0996907 -0.107113  0.343484
 0.100023 -0.108319   0.34343
 0.0670727 -0.0915861   0.384305
0.0731918 -0.109268   0.30651
  0.10919 -0.122664  0.373161
 0.108878 -0.121569  0.378027
0.108548 -0.12342 0.377672
0.101939 -0.10193 0.405547
0.0722303 -0.109575  0.304782
 0.104688 -0.105145  0.400328
0.0724521 -0.107713  0.304097
0.0724385  -0.10966    0.3045
0.0977069 -0.147021  0.406989
0.0862429 -0.155551   0.39993
 0.102475 -0.146706  0.376771
 0.107812 -0.149919  0.361496
0.112905 -0.12697 0.356656
 0.0853042 -0.0939454   0.386008
0.0702127 -0.110663  0.301333
0.0698537 -0.108785  0.300726
0.0701309 -0.110712  0.301218
0.0698134 -0.108807  0.300677
0.0831253 -0.178555  0.319767
 0.061684 -0.172555  0.311732
 0.108769 -0.124195  0.374229
0.0889259  -0.17736  0.322263
0.0833443 -0.179142  0.309251
0.0707517 -0.176641  0.307866
0.0829969 -0.179608  0.309794
 0.079894 -0.167218  0.351955
 0.112534 -0.124972  0.356744
0.0880724 -0.106024  0.338592
0.0876455 -0.105547  0.343375
0.0877729 -0.104974  0.343254
  0.09723 -0.101042  0.409031
0.112866 -0.12772 0.361478
0.0808975 -0.169041  0.348367
0.0820452 -0.170686  0.344446
0.0879763 -0.175436  0.325741
 0.107075 -0.147683  0.360108
0.0485933 -0.148757   0.39599
 0.108933 -0.119681  0.378801
0.0484439 -0.146615  0.407526
0.0485911 -0.148764  0.395991
0.0535993 -0.166273  0.318134
 0.064204 -0.146943  0.427396
0.0700311 -0.168883   0.32305
0.0605295 -0.167661   0.31885
 0.102298 -0.143584  0.384089
 0.111177 -0.120358  0.377141
0.0690778 -0.155713  0.384494
0.0735676 -0.162655  0.356305
0.0733684 -0.162803  0.355392
0.0735175 -0.163374  0.352845
0.0485971 -0.148743  0.395988
0.0651941 -0.154369  0.386782
0.066738 -0.15509 0.384988
0.0961034 -0.144193  0.408474
0.0883207 -0.106462  0.336604
0.0883812 -0.105921  0.338611
 0.088167 -0.106552  0.335477
0.0543559 -0.149752  0.396589
 0.105353 -0.142684  0.383839
0.0555035 -0.150216  0.396763
0.0573267 -0.150174  0.398925
0.0910735 -0.174771  0.317278
 0.084782 -0.175216  0.308549
0.0890216  -0.16758  0.349214
0.0837813 -0.171619  0.324549
0.0709949 -0.155984  0.385229
 0.111218 -0.130217  0.358564
0.0739928 -0.162869  0.356717
0.0885765 -0.104917  0.343293
 0.112406 -0.124864  0.361162
0.0732433 -0.163015  0.355126
0.0711139  -0.17251  0.306996
 0.0805171 -0.0899711   0.395618
0.0617246 -0.171848   0.30025
0.0714689 -0.172644  0.306736
0.0838574   -0.1639   0.35627
0.0845062 -0.175232  0.308181
 0.109391 -0.121288  0.371668
 0.110009 -0.123452  0.362054
0.0845726 -0.176164  0.303833
0.0895834 -0.176025  0.309762
0.0778506 -0.165358  0.347996
0.0582982  -0.14705  0.418865
0.0765918 -0.162455  0.355478
0.0766859 -0.163339  0.353002
0.0886377 -0.169556  0.349127
0.0885632 -0.168145   0.35239
0.0889134 -0.166564   0.35206
 0.088165 -0.165584  0.354367
0.0644664 -0.174122  0.319178
0.0659077 -0.174646  0.319316
  0.08631 -0.164609  0.355904
0.0904372  -0.17764  0.317883
0.0904434 -0.176006  0.320803
0.0731134 -0.165653   0.34508
0.0776553 -0.166558  0.345573
0.0905127  -0.17672  0.318867
0.0749724 -0.166119  0.356342
 0.090471 -0.177456   0.31791
0.0889466 -0.178894  0.310367
0.0617807 -0.172045  0.299377
0.0773839  -0.17515  0.301078
0.0839357 -0.179032  0.304438
0.0617741 -0.171927  0.299926
 0.0853093 -0.0938887   0.385995
0.0728474 -0.176322  0.301051
0.0767476 -0.178018  0.301683
 0.103342 -0.140689  0.379746
0.0687706 -0.165242  0.353992
0.0614833 -0.171844  0.299986
0.0617753 -0.172026   0.29946
0.0613593 -0.173941  0.299777
0.0883021 -0.106353  0.337649
0.0877979 -0.105778  0.343437
0.0852113 -0.174082  0.324293
 0.0752109 -0.0874641    0.40649
0.104403 -0.14472 0.362721
0.0727182 -0.154734  0.399913
0.0725731 -0.155387  0.400051
 0.0903854 -0.0963867   0.388938
 0.0819896 -0.0942988   0.387929
0.0727856 -0.145329  0.427591
0.0812319 -0.169416  0.346966
0.0883655 -0.175643  0.325927
0.0824614 -0.168654  0.347138
 0.105782 -0.144416  0.376498
 0.109719 -0.122437  0.361016
0.0715961 -0.165443  0.355996
 0.069602 -0.149841  0.391887
  0.06618 -0.149607  0.389321
0.0647796 -0.153977  0.388202
0.0684554 -0.153872  0.392566
0.0694792 -0.149896  0.391427
0.0800979 -0.168633  0.350792
0.0799698 -0.168484  0.351191
0.0667828 -0.150733   0.38462
0.0689355 -0.155791  0.383976
 0.109239 -0.120996  0.379483
0.0701401 -0.151785  0.383198
0.0691677 -0.155781  0.384245
0.0881232 -0.106497   0.33541
0.0707748 -0.177168  0.308463
 0.081308 -0.101566  0.372623
 0.088255 -0.106521  0.335473
 0.0781422 -0.0960418   0.374481
0.0776006 -0.100381  0.374411
 0.0777589 -0.0957647   0.375394
 0.0819404 -0.0974321   0.371887
0.0811223  -0.10145   0.37305
 0.0779877 -0.0955004   0.376886
 0.102932 -0.141367   0.38232
 0.0792799 -0.0953439   0.378989
 0.0775952 -0.0993752   0.379177
 0.0813182 -0.0954858   0.380462
 0.0815238 -0.0956326   0.379983
 0.0806219 -0.0996963    0.38084
0.0807272 -0.099614  0.381306
 0.0815799 -0.0955943   0.380247
0.0800093  -0.16793  0.350488
 0.0668183 -0.0902623   0.389924
 0.0670724 -0.0915828   0.384304
0.0745875 -0.113028  0.290195
0.0798883 -0.167251  0.351958
 0.108668 -0.127605  0.354874
 0.110139 -0.123821  0.355237
  0.11119 -0.128764  0.355714
0.0732518 -0.109359  0.306177
0.0724373 -0.109659  0.304497
0.0745187 -0.112814  0.291139
0.0781322 -0.166758  0.345129
 0.109756 -0.122478  0.361203
0.0894848 -0.174642  0.324466
0.0751487 -0.111824  0.286676
 0.101701 -0.108954   0.33991
 0.102052 -0.107375  0.339574
  0.10082 -0.108573  0.342343
0.0988678 -0.108035  0.343973
0.0614849 -0.147449  0.422135
 0.103592 -0.147411  0.377178
 0.0770857 -0.0995638   0.377744
 0.055376 -0.149789  0.398713
0.105128 -0.14718 0.365704
 0.107772 -0.129679  0.359215
0.0901798 -0.177614   0.31799
0.0825988 -0.175583  0.325338
0.0836123 -0.179135  0.309565
0.0879614 -0.104435  0.343145
 0.0823234 -0.0925929   0.386539
0.0673939 -0.165575  0.350849
0.0659428 -0.149763  0.388331
0.0660975 -0.150305  0.385923
0.0845043  -0.10104  0.378553
0.0833663 -0.101739  0.374043
0.0846591 -0.101582  0.376145
 0.072439 -0.166095  0.342705
0.0694353 -0.172956  0.323901
0.0702613 -0.169235  0.323116
0.0704472 -0.176515  0.308129
0.0712753 -0.172785  0.307343
0.0694352 -0.172958    0.3239
0.0829614  -0.10032  0.380346
0.0877709 -0.104812  0.343217
 0.109954 -0.125339   0.36128
0.0712931 -0.172531  0.306826
0.0708325 -0.172871  0.307243
0.0715235 -0.173068  0.306735
0.0737481 -0.163725  0.352911
  0.067819 -0.0855015   0.406609
 0.0669556 -0.0880144   0.398205
0.0730946 -0.165596  0.345016
0.0719239 -0.167052  0.339734
0.0726875 -0.165643  0.344409
0.0550088 -0.146464  0.423097
0.0550558 -0.146291  0.426663
0.0554098 -0.146544  0.423114
 0.110916 -0.126058  0.394884
0.0550549 -0.146296  0.426663
0.0549616 -0.146718  0.419563
0.0844405 -0.175405  0.308778
0.0471368 -0.146098  0.408117
0.0495266 -0.145412  0.419209
0.0484648 -0.144992  0.420457
0.0495266 -0.145414  0.419202
 0.049932 -0.145551  0.418977
0.0835213 -0.160601  0.369576
0.0877854 -0.176295  0.325922
0.0915202 -0.103164  0.357158
0.0885025 -0.174577  0.325412
0.0976329 -0.100577  0.390347
0.0613663 -0.173917  0.299773
  0.05231 -0.167984  0.318395
 0.060438 -0.170155  0.316837
0.0604176 -0.170668  0.314386
0.0903815 -0.175745  0.321849
0.0887129 -0.169898  0.347819
 0.105576 -0.147578  0.379144
0.0813983 -0.167325  0.350523
0.0887004  -0.16995  0.347835
0.0898066 -0.175141  0.323628
0.0905786 -0.177187   0.31819
0.0895764 -0.175943  0.322328
0.0866597 -0.174145  0.325521
 0.088925 -0.177368  0.322263
0.0904126 -0.177721  0.317918
0.0891248 -0.176465  0.322074
 0.108535 -0.118224  0.373764
0.0898829  -0.17804  0.319281
0.0860565 -0.151101  0.411616
0.0885687 -0.168119  0.352388
0.0885805 -0.168672  0.351271
0.0719016 -0.175724  0.300944
0.0659887 -0.174173  0.303629
0.0715302 -0.175981  0.300889
0.0897039 -0.174905  0.324074
0.102046  -0.1074 0.339582
 0.102186 -0.107377  0.338344
 0.101081 -0.107317  0.342104
0.0887904 -0.104977   0.34332
0.0990711 -0.106995  0.343767
0.0895088 -0.104854  0.336962
0.0732514 -0.109364  0.306175
0.0724644 -0.109646  0.304487
0.0724704  -0.10768  0.304085
 0.0751787 -0.0874476   0.406488
0.0734758 -0.109332  0.306549
0.0732515 -0.109365  0.306174
0.0742994 -0.112216  0.293743
 0.073025 -0.157109  0.383522
0.0894511 -0.175496  0.322055
 0.087975 -0.175418  0.320869
0.0704531 -0.081596  0.413084
 0.103348 -0.147961  0.380829
0.0755349 -0.163925  0.355767
 0.109499 -0.121601  0.358764
 0.0691726 -0.0867807   0.405957
 0.0823294 -0.0925521   0.386529
 0.109611 -0.121994  0.357017
0.0787339  -0.16077  0.369307
 0.069401 -0.172964  0.323905
0.0731778 -0.165594  0.344934
0.0719898 -0.167062  0.339698
0.0633574 -0.173339  0.319845
 0.061726 -0.171844  0.300242
0.0527859 -0.166048   0.31803
0.0605272 -0.167669  0.318852
0.0794848 -0.163401  0.357623
0.0521978 -0.166114  0.317018
 0.0680112 -0.0928636   0.386706
 0.0700022 -0.0930681    0.38688
0.0792503 -0.168506  0.340489
0.0698181 -0.173548  0.324013
0.0608398 -0.171329  0.300183
0.0615157 -0.171844   0.30002
0.0613585 -0.173966  0.299777
0.0726352 -0.155608  0.399078
0.0797046 -0.168085   0.35213
0.0701215 -0.093534  0.384941
0.0707087 -0.176699  0.307726
0.0703456 -0.176523  0.308092
0.0833388 -0.179142  0.309241
0.0841666 -0.175413  0.308454
0.0707586 -0.176639  0.307869
 0.111818 -0.124131  0.378061
0.0837528 -0.179212  0.309538
0.0833715 -0.179191   0.30915
0.0715863  -0.17291  0.307083
0.0846835 -0.175182  0.308346
 0.084246 -0.175671  0.308081
0.0847845 -0.175583  0.308772
0.0667155 -0.164289  0.350769
 0.061504 -0.171081  0.318307
0.0558998 -0.147143  0.417711
 0.058244 -0.147412  0.418903
0.0860799  -0.15509  0.399825
0.0673996 -0.165571  0.350862
0.0650699 -0.109162  0.449757
 0.079097 -0.130309  0.455419
0.0863835 -0.123337  0.454318
0.0904255 -0.114208  0.452522
0.090607 -0.10431 0.450305
 0.086901 -0.095151  0.448005
 0.0798715 -0.0881251   0.445971
 0.0705887 -0.0843016   0.444514
  0.060465 -0.0842632   0.443855
 0.0510428 -0.0880156   0.444093
  0.043756 -0.0949875   0.445195
0.0397146 -0.104118  0.446991
 0.039533 -0.114015  0.449208
0.0432388 -0.123174  0.451509
0.0502681   -0.1302  0.453543
0.0595514 -0.134023     0.455
 0.069675 -0.134061  0.455659
F
  45  573 1644
 45 620 573
 45 635 620
  45  707 1831
  45 1644  707
  45 1831  635
303 560 570
303 561 571
303 562 569
303 569 576
303 570 562
303 571 560
303 573 561
 303  576 1210
 303 1210  573
455 456 487
455 458 522
455 465 456
455 466 467
455 467 465
455 487 458
455 522 466
456 465 467
456 467 485
456 485 487
458 460 522
458 487 460
460 487 490
 460  490 1864
460 520 522
 460 1864  520
 462  520 1864
462 521 520
 462 1864  521
464 520 521
464 521 522
464 522 520
466 522 467
467 488 485
467 521 530
467 522 521
467 530 565
467 565 488
483 486 498
483 487 486
483 489 487
 483  498 1866
 483 1865  489
 483 1866 1865
485 486 487
485 488 630
485 630 486
486 496 498
486 555 496
486 630 555
487 489 490
488 565 643
488 624 630
488 643 650
488 650 651
488 651 624
 489 1865  490
 490 1865 1864
 494  496 1327
494 498 496
 494 1327 1867
 494 1867  498
496 555 556
 496  556 1327
 498 1867 1866
503 556 613
503 613 682
 503  682 1325
 503 1325 1868
 503 1327  556
 503 1867 1327
 503 1868 1867
 508  509 1860
508 576 597
508 597 509
 508 1178 1206
 508 1199 1178
 508 1206 1208
 508 1208 1210
 508 1210  576
 508 1808 1199
 508 1860 1808
 509  511 1861
509 533 511
509 537 533
509 550 537
509 568 550
509 597 568
 509 1861 1860
 511  533 1862
 511 1862 1861
 521 1863  530
 521 1864 1863
 529  530 1863
 529 1862  530
 529 1863 1862
530 533 567
530 567 565
 530 1862  533
533 537 550
533 550 567
550 564 567
550 568 564
555 623 556
555 630 631
555 631 623
556 623 613
559 560 561
559 561 573
559 573 647
559 641 560
559 647 641
560 562 570
560 571 561
560 641 562
562 563 566
562 564 569
562 566 564
562 641 642
562 642 563
563 565 567
563 567 566
563 642 643
563 643 565
564 566 567
564 568 569
568 576 569
568 597 576
573 620 647
 573 1210 1212
 573 1212 1644
613 623 633
613 633 933
613 933 682
620 625 626
620 626 647
620 628 639
620 635 628
620 639 625
622 623 631
622 624 644
622 628 635
622 631 624
622 633 623
622 635 633
622 644 645
622 645 628
624 631 630
624 651 644
625 628 626
625 639 628
626 628 645
626 645 646
626 646 647
 633  635 1831
 633 1831  933
641 644 642
641 645 644
641 646 645
641 647 646
642 644 650
642 650 643
644 651 650
655 656 818
 655  818 1466
 655 1466  656
 656  657 1206
656 723 755
656 755 818
 656 1206  723
 656 1208  657
 656 1210 1208
 656 1212 1210
 656 1466 1644
 656 1644 1212
 657 1208 1206
 682  692 1311
682 706 708
 682  708 1359
682 933 706
 682 1311 1325
 682 1359 1389
 682 1389  692
 692  693 1868
 692 1359  693
 692 1389 1359
 692 1868 1311
 693  948 1088
 693 1088 1547
 693 1260 1869
 693 1359  948
 693 1547 1785
 693 1785 1260
 693 1869 1868
 698  699 1246
 698  755 1549
 698  819 1781
698 854 819
698 998 854
 698 1246  998
 698 1549  699
 698 1781  755
 699  998 1246
 699 1549  998
706 707 708
 706  933 1229
 706 1229  707
707 988 708
 707 1229 1831
 707 1466  988
 707 1644 1466
 708  987 1359
708 988 987
 714 1260 1785
 714 1546 1854
 714 1785 1546
 714 1854 1869
 714 1869 1260
 722  723 1178
 722  815 1361
 722 1178  815
 722 1361  723
723 756 755
 723  812 1753
 723 1206 1178
 723 1298 1337
 723 1336  812
 723 1337 1336
 723 1361 1298
 723 1753  756
750 754 755
750 755 756
750 756 961
 750  961 1009
 750 1009  754
754 813 755
754 997 813
 754 1009  997
 755  813 1050
 755 1050 1549
 755 1781  818
 756  964 1221
 756 1009  961
 756 1153 1009
 756 1221 1153
 756 1753  964
 767 1152 1546
 767 1517 1152
 767 1546 1785
 767 1547 1517
 767 1785 1547
 812 1258 1303
 812 1303 1753
 812 1336 1361
 812 1361 1258
 813  997 1050
 815  816 1361
 815 1178 1199
 815 1199  816
 816  980 1258
 816 1138 1543
 816 1199 1138
 816 1258 1361
 816 1543  980
 817  818 1781
 817  819 1517
817 987 988
817 988 818
 817 1293 1480
 817 1480  987
 817 1517 1293
 817 1781  819
 818  988 1466
 819  854 1152
 819 1152 1517
 825  980 1857
 825 1303  980
 825 1857 1303
 854  998 1489
 854 1153 1221
 854 1221 1546
 854 1489 1153
 854 1546 1152
896 897 898
 896  898 1859
 896  973 1099
 896 1099 1199
 896 1134  897
 896 1199 1134
 896 1859  973
 897 1134 1199
 897 1199 1808
 897 1808 1860
 897 1859  898
 897 1860 1859
 933 1831 1229
 948 1293 1088
 948 1359 1480
 948 1480 1293
 962 1009 1153
 962 1153 1489
 962 1185 1009
 962 1489 1185
 964 1303 1856
 964 1753 1303
 964 1855 1221
 964 1856 1855
 973 1138 1099
 973 1541 1543
 973 1543 1138
 973 1858 1541
 973 1859 1858
 980 1303 1258
 980 1541 1858
 980 1543 1541
 980 1858 1857
 987 1480 1359
 997 1009 1185
 997 1185 1549
 997 1549 1050
 998 1185 1489
 998 1549 1185
1088 1293 1547
1099 1138 1199
1221 1855 1546
1293 1517 1547
1298 1361 1337
1303 1857 1856
1311 1868 1325
1336 1337 1361
1546 1855 1854
1854 1855 1856
1854 1856 1869
1856 1857 1858
1856 1858 1863
1856 1863 1869
1858 1859 1860
1858 1860 1863
1860 1861 1862
1860 1862 1863
1863 1864 1865
1863 1865 1867
1863 1867 1869
1865 1866 1867
1867 1868 1869
