5
neck_2 
V
  0.185795 -0.0354882   0.442576
  0.177922 -0.0227519    0.44168
 0.180407 -0.037384  0.443852
 0.174641 -0.037053  0.444797
  0.169375 -0.0345443   0.445267
  0.165408 -0.0302409   0.445192
  0.163348 -0.0247967   0.444582
  0.163506 -0.0190415    0.44353
  0.165859 -0.0138511   0.442197
  0.170048 -0.0100162   0.440785
   0.175436 -0.00811937    0.439509
   0.181203 -0.00845068    0.438564
   0.18647 -0.0109592   0.438094
  0.190435 -0.0152633    0.43817
  0.192496 -0.0207068    0.43878
  0.192338 -0.0264621   0.439831
  0.189985 -0.0316525   0.441164
  0.172346 -0.0284505   0.409658
   0.18022 -0.0411863   0.410553
  0.174831 -0.0430829   0.411829
  0.169065 -0.0427518   0.412774
  0.163798 -0.0402432   0.413245
 0.159833 -0.035939   0.41317
  0.157772 -0.0304954    0.41256
  0.157931 -0.0247402   0.411508
  0.160284 -0.0195499   0.410174
  0.164473 -0.0157143   0.408762
  0.169861 -0.0138185   0.407487
  0.175627 -0.0141495   0.406542
 0.180894 -0.016658  0.406072
   0.18486 -0.0209615   0.406147
   0.18692 -0.0264054   0.406757
  0.186762 -0.0321607   0.407809
  0.184409 -0.0373512   0.409141
F
 1  3 19
1 4 3
 1 14  4
 1 17 14
 1 19 17
 3  4 21
 3 20 19
 3 21 20
 4  5 21
4 7 5
 4 14  7
 5  6 23
5 7 6
 5 22 21
 5 23 22
 6  7 23
 7  8 25
7 9 8
 7 14  9
 7 24 23
 7 25 24
 8  9 25
 9 10 27
 9 11 10
 9 14 11
 9 26 25
 9 27 26
10 11 28
10 28 27
11 12 28
11 13 12
11 14 13
12 13 30
12 29 28
12 30 29
13 14 30
14 15 32
14 16 15
14 17 16
14 31 30
14 32 31
15 16 32
16 17 33
16 33 32
17 19 34
17 34 33
19 20 34
20 21 22
20 22 25
20 25 33
20 33 34
22 23 25
23 24 25
25 26 27
25 27 32
25 32 33
27 28 29
27 29 32
29 30 31
29 31 32
