8
l_hip_2 
V
-0.214895  0.110961   0.42305
-0.226676 0.0899293   0.44254
-0.220964   0.11803  0.430763
-0.227903  0.120822  0.440269
-0.234654   0.11891  0.450121
-0.240191  0.112586  0.458819
-0.243671  0.102812  0.465038
-0.244563  0.091078  0.467833
-0.242732 0.0791688  0.466776
-0.238457 0.0688977   0.46203
-0.232388 0.0618284  0.454316
-0.22545 0.059037  0.44481
-0.218698 0.0609492  0.434958
-0.213161 0.0672733   0.42626
-0.209681 0.0770464  0.420041
-0.208789 0.0887806  0.417247
-0.21062  0.10069 0.418303
-0.165492 0.0955204  0.485555
-0.153712  0.116553  0.466064
-0.159781  0.123621  0.473778
-0.166719  0.126412  0.483284
-0.173471  0.124501  0.493136
-0.179008  0.118177  0.501834
-0.182487  0.108404  0.508053
-0.183379 0.0966691  0.510848
-0.181548 0.0847594  0.509791
-0.177273 0.0744883  0.505045
-0.171204  0.067419  0.497331
-0.164266 0.0646277  0.487825
-0.157514 0.0665399  0.477973
-0.151977  0.072864  0.469275
-0.148497 0.0826371  0.463056
-0.147605 0.0943717  0.460262
-0.149436  0.106281  0.461318
F
 1  3 19
 1 16  3
 1 17 16
 1 19 17
 3  4 21
3 5 4
3 7 5
 3 14  7
 3 16 14
 3 20 19
 3 21 20
 4  5 21
 5  6 23
5 7 6
 5 22 21
 5 23 22
 6  7 24
 6 24 23
 7  8 25
7 9 8
 7 14  9
 7 25 24
 8  9 25
 9 10 27
 9 12 10
 9 14 12
 9 26 25
 9 27 26
10 11 27
10 12 11
11 12 29
11 28 27
11 29 28
12 13 29
12 14 13
13 14 31
13 30 29
13 31 30
14 15 31
14 16 15
15 16 33
15 32 31
15 33 32
16 17 33
17 19 34
17 34 33
19 20 21
19 21 34
21 22 23
21 23 34
23 24 25
23 25 28
23 28 32
23 32 34
25 26 27
25 27 28
28 29 30
28 30 32
30 31 32
32 33 34
