10 
l_upper_leg 
V
-0.015279   -0.048042     0.10941
-0.0024391   -0.049705     0.04954
-0.0024467   -0.048557     0.10899
-0.027868    0.043607   0.0050917
-0.019367    0.048063  -0.0095704
-0.024765    0.042955   0.0012977
-0.024827   -0.047294    0.049371
-0.0015702    -0.04025  -0.0050836
-0.002323   -0.040764   0.0019304
-0.0014949   -0.040235   0.0019654
-0.013156   -0.045322   0.0019315
-0.0074132   -0.045864   0.0019305
-0.0071734   -0.045646  -0.0050685
-0.0024389    -0.04743     0.10946
-0.0024389   -0.048445     0.10905
-0.009439    -0.04389    0.075031
-0.0092299   -0.046279    0.075031
-0.011352   -0.046262     0.07101
0.0015606    0.047687    0.036453
0.0015605    0.048951    0.036452
0.0015606    0.047687    0.038453
-0.0024393   -0.048587    -0.01057
-0.0024391   -0.048707    0.049543
-0.0024393   -0.048313   -0.017947
-0.037568   -0.039853     0.10943
-0.039721   -0.038144    0.049162
-0.027014   -0.044662   0.0044176
-0.018208   -0.046713   -0.010571
-0.0084032    0.044894   0.0034296
-0.0071968    0.044609   0.0034296
-0.01218    0.048557   0.0034296
-0.019474   -0.046042  -0.0094435
-0.019575   -0.045341  -0.0095695
-0.018657   -0.046165   -0.010876
-0.003225    0.046931    0.068452
-0.0044393    0.048145    0.066452
-0.0032251    0.046931    0.066452
-0.047979   -0.025195     0.10943
-0.045224   -0.025437    0.034552
-0.038993   -0.036278    0.024687
-0.0025953   -0.044748    0.038453
-0.0044705   -0.046598    0.038453
-0.0014921   -0.046686    0.038453
-0.034317   -0.040628    0.016806
-0.051459 -0.00038678     0.10943
-0.048257 -0.00038526    0.040099
-0.047687   -0.010088    0.039447
-0.0089644   -0.041123  -0.0065696
-0.0079103   -0.040471  -0.0065696
-0.012794   -0.044952  -0.0065695
-0.02357   -0.044502  -0.0026405
-0.029005   -0.042643   0.0068665
-0.024877   -0.041737  0.00055551
-0.0025953   -0.044748    0.036453
-0.0014929   -0.046673    0.036453
-0.0044687   -0.046589    0.036453
-0.0094392     0.04311     0.07503
-0.0099765     0.04311    0.077031
-0.017439     0.04311     0.07503
-0.041337    0.029624    0.028525
-0.036017    0.036169    0.019289
-0.041309    0.027956    0.028632
-0.046197    0.021049    0.048978
-0.047828    0.022769     0.10943
-0.0087913    0.045515   0.0026666
-0.012692    0.048492   0.0024616
-0.012174    0.048551   0.0019295
-0.052255    0.013369     0.13545
-0.052654 -0.00039392     0.13076
-0.043421   -0.033754     0.11548
-0.050124   -0.019089     0.12246
-0.031742   -0.043238     0.11121
-0.01661   -0.047501     0.10943
-0.0024389   -0.048444     0.10905
-0.009542   -0.048208     0.10915
-0.0014389   -0.045393      0.1103
-0.0014389   -0.047429     0.10946
-0.0024389    -0.04743     0.10946
-0.0023233    0.044982  -0.0050705
-0.0015704    0.044468   0.0019446
-0.0023182    0.044988   0.0019296
-0.0024393   -0.047508   -0.013144
-0.003225   -0.044711   0.0084535
-0.003225   -0.044711   0.0064535
-0.0044392   -0.045925   0.0084535
-0.002318   -0.040769  -0.0050696
-0.0071714   -0.045623  -0.0050695
-0.002318   -0.040769   0.0019304
-0.0024393   -0.048589    -0.01057
-0.01825   -0.046884   -0.010567
-0.0024393   -0.048385    -0.01557
-0.015298   -0.047043   -0.015563
-0.0084029    0.044894  -0.0065704
-0.012114    0.048491  -0.0065704
-0.0070074    0.049352  -0.0065705
-0.011438    -0.04389    0.071568
-0.01544    -0.04389    0.071568
-0.016902    -0.04389     0.07303
-0.0087831   -0.041304   0.0026804
-0.01315   -0.045308   0.0019305
-0.01374    -0.04529   0.0024525
0.0015607    0.046845    0.066452
0.0015607    0.048109    0.066452
0.0015607    0.046845    0.068452
-0.016902     0.04311    0.077031
-0.0099763    -0.04389    0.073029
-0.018165    0.049691    -0.01059
-0.018518    0.048394   -0.011057
-0.019416    0.048067  -0.0095984
-0.028513   -0.043986   0.0067665
-0.0191   -0.046564  -0.0091765
-0.023102     -0.0456  -0.0022125
-0.04557    0.015337    0.036359
-0.042462    0.018496    0.034327
-0.044343   0.0094821    0.037983
-0.046726  -0.0098815    0.038555
-0.047073 -0.00038948    0.039208
-0.044527   -0.010527    0.038375
-0.044884   -0.025256    0.034567
-0.034517    -0.04064    0.016934
-0.016138    0.043095    0.071937
-0.013387     0.04729    0.070664
-0.012296    0.043115    0.071101
-0.0018111    0.047581   0.0084525
0.0010604    0.047581   0.0064525
0.0010604    0.047581   0.0084525
-0.0044391   -0.046647    0.036453
-0.0014393   -0.046669    0.036453
-0.0044392   -0.046173   0.0084535
-0.0087905   -0.041297  -0.0058095
-0.013361   -0.044994  -0.0056145
-0.012861    -0.04502  -0.0050695
-0.046383    0.015849    0.037193
-0.012133    0.048538  -0.0050705
-0.006717    0.049387  -0.0050705
-0.0067254    0.049418   0.0019295
0.0015604    0.048081   0.0064525
0.0015604    0.049346   0.0064525
0.0015604    0.048081   0.0084525
-0.04973 -0.00039185     0.13075
-0.052752 -0.00038941     0.13075
-0.049179    0.013308     0.13543
-0.046668   -0.020341     0.12187
-0.038894    -0.03445     0.11515
-0.023148    -0.04309     0.11127
-0.048052    0.026761     0.13832
-0.038617     0.03726     0.10943
-0.036382    0.038075    0.019187
-0.037079    0.038679     0.13923
-0.024432     0.04589     0.10943
0.0045606   -0.039891  -0.0060696
-0.00019675   -0.039891  -0.0055696
0.0045607    -0.03989   0.0029304
-0.022706    0.048441    0.072769
-0.0024391    0.049382     0.10943
-0.002439    0.047489     0.13883
-0.0024393    0.049419     0.10943
-0.021568    0.045279     0.13901
-0.012613    0.048241  -0.0053225
-0.0126    0.048336   0.0020516
-0.022314    0.045336    0.049357
-0.048157 -0.00037261    0.040051
-0.0024394    0.050902    0.049529
-0.0024391    0.049239     0.11236
-0.0024391    0.048243     0.11236
-0.0024394    0.051897    0.049551
-0.0083982    0.044892   0.0019296
-0.0067815     0.04944   0.0019295
-0.0071968    0.044609   0.0019296
0.0045604    0.049109  -0.0065705
0.0045604    0.044609  -0.0065705
-0.0071968    0.044609  -0.0065704
-0.002439    0.046484     0.13892
-0.019656    0.042635     0.13916
-0.001439    0.044468     0.13907
0.0078588    -0.04039  0.00056436
0.0045607   -0.040391   0.0034304
0.0046946    -0.04489   0.0037284
-0.001439    0.046484     0.13892
-0.002439    0.046484     0.13892
-0.002439    0.047489     0.13883
-0.034288    0.036909     0.13919
-0.044867    0.026212     0.13824
-0.038734   -0.035232    0.024118
-0.034359   -0.039515    0.016325
-0.044953    0.021893     0.10943
-0.04828 -0.00038586     0.10944
-0.048439 -0.00038962     0.10943
-0.049523 -0.00039229     0.13075
-0.01544     0.04311    0.071567
-0.011438     0.04311    0.071567
-0.0099766     0.04311    0.073029
-0.045905    -0.02189     0.10941
-0.047575 -0.00038676    0.074124
-0.042805    0.018559    0.034349
-0.048656 -0.00041788     0.10942
-0.030358   -0.039325     0.01081
-0.038727   -0.034848     0.10933
-0.043672   -0.019547    0.035804
-0.045171 -0.00039695    0.039209
-0.025022   -0.042671     0.10928
-0.03723   -0.036448    0.049298
-0.0018111    0.047581   0.0064525
-0.016407     -0.0456    0.077931
-0.0014415   -0.045458     0.10931
-0.0014389   -0.045435     0.10931
-0.01758   -0.045504    0.075031
-0.023475   -0.044556    0.049395
0.0010607   -0.044125   0.0084534
0.0010607   -0.044125   0.0064534
-0.0018108   -0.044125   0.0064535
-0.0014391   -0.048706     0.04938
-0.001439   -0.046425    0.078579
-0.0014389   -0.045395     0.11029
0.0063278    0.044109  -0.0053375
0.0045605    0.044109   0.0029295
0.0045604    0.044109  -0.0060705
-0.0014389    -0.04743     0.10946
-0.013461   -0.045894    0.079206
-0.010477   -0.046149    0.078005
-0.004439    -0.04654    0.068453
-0.0014396   -0.046633    0.068455
-0.011629    0.043084     0.07896
-0.016489     0.04642    0.078046
-0.016547    0.043093    0.077728
-0.016372   -0.045726    0.072079
-0.013383   -0.044925  -0.0060505
-0.031067    0.038005     0.01273
-0.0093268    0.044981   0.0029616
-0.0071893    0.044374   0.0033166
-0.0089996    0.045287   0.0035796
-0.0093182    0.044988  -0.0055704
-0.012688    0.048357  -0.0060704
-0.0093182    0.044988  -0.0060704
-0.0014391    0.046392     0.10926
-0.001439    0.044506     0.13907
-0.046357    0.015991    0.037161
-0.0014391    0.048243     0.11236
-0.0014391    0.046024     0.11581
-0.001439    0.044468     0.13907
-0.02295    0.043235     0.10929
0.0066821   -0.040391   0.0025514
0.0075227   -0.040429  0.00039539
0.0063281    -0.03989   0.0021974
-0.0019045    0.044618   0.0019296
-0.0014393     0.04793    0.078674
-0.03633    0.035298     0.10936
-0.0044351    0.048226     0.06845
-0.0014422    0.046429     0.10926
-0.013408    0.046964    0.079367
-0.010326    0.047442    0.078109
-0.00444    0.048323    0.066452
-0.017713    0.046237     0.07503
-0.0032639   -0.044651   0.0084535
-0.0018108   -0.044125   0.0084534
-0.0018257   -0.044056   0.0064535
0.0066818    0.044609  -0.0056915
-0.035613    0.035656    0.049276
-0.009318   -0.040769   0.0024304
-0.013786   -0.045237   0.0024305
-0.013805   -0.045256   0.0029305
-0.009318   -0.040769  -0.0055696
-0.009318   -0.040769  -0.0060695
-0.013447   -0.044899  -0.0055695
0.0015609   -0.046299    0.068453
-0.001439   -0.046562    0.068453
-0.001439   -0.046589    0.066453
0.0070607    -0.03989   0.0004304
0.0063281   -0.039891  -0.0053366
0.0078586    0.044609  -0.0037045
0.0046943    0.049109  -0.0068685
0.0075604    0.049109  -0.0035705
0.0014471   -0.044676    0.068453
-0.0014909   -0.046566    0.068453
-0.0025952   -0.044667    0.068453
-0.012683    0.048317   0.0031686
-0.0070111    0.049359   0.0034295
-0.001811   -0.042642   -0.023547
0.0010606   -0.042642   -0.023547
-0.001811   -0.042642   -0.025547
0.0015609   -0.046326    0.066453
-0.0014392   -0.046715     0.03816
-0.0014393   -0.046591    0.066453
-0.0014388   -0.046709    0.049541
0.0015604    0.049333   0.0084525
0.0075225    0.044648  -0.0035355
-0.0014904   -0.046592    0.066453
0.0014471   -0.044676    0.066453
-0.043219   -0.019323    0.035896
-0.0025952   -0.044667    0.066453
-0.0093182    0.044988   0.0029296
-0.012756    0.048426   0.0029296
-0.012753    0.048423   0.0024295
-0.013688    0.051026   -0.018281
-0.014223     0.04982   -0.018749
-0.015792    0.049386   -0.016086
0.0015603    0.049068   -0.025547
0.0015603    0.049159   -0.023548
0.0015603    0.047803   -0.023547
-0.0093524    0.044954  -0.0055484
-0.0089646    0.045342  -0.0050704
-0.01264    0.048426  -0.0055964
-0.009039   -0.043899    0.075147
-0.011912   -0.045992    0.079117
0.0074383   -0.040434  -0.0035026
0.0066821   -0.040391  -0.0056906
0.0070607   -0.039891  -0.0035696
-0.013761   -0.045468   0.0033005
-0.018752   -0.043278    -0.01032
-0.0014391   -0.046686    0.038453
-0.0044391   -0.046661    0.038453
-0.0044393    0.048145    0.068452
0.0015608   -0.045142    0.038453
0.0015608   -0.046419    0.038453
0.0015608   -0.045142    0.036453
-0.0072197    0.044003  -0.0055704
-0.0093762    0.044899  -0.0060704
-0.0071968    0.044109  -0.0060704
-0.0014393   -0.047505   -0.013211
0.001447   -0.044756    0.038453
-0.012198    0.048701   0.0034355
-0.0044395    0.049536   0.0064525
-0.044157   -0.024522    0.033852
0.0015608   -0.046406    0.036453
-0.0014391   -0.046682    0.038453
-0.0014392   -0.046669    0.036453
-0.0084032    0.044894  -0.0050704
-0.0067818    0.049438  -0.0050705
-0.012127    0.048504  -0.0050705
-0.00019697    0.044109  -0.0055704
-0.00019694    0.044109   0.0024295
-0.044964  -0.0003876    0.039208
-0.019179   -0.043196  -0.0095695
0.001447   -0.044756    0.036453
0.0045606   -0.040391  -0.0065696
-0.0071284   -0.045566  -0.0065695
-0.003264   -0.043168   -0.023547
-0.0018258   -0.042573   -0.025547
-0.0032252   -0.043228   -0.025547
-0.045372 -0.00036642    0.039172
-0.0014393   -0.046073   0.0034305
-0.0025954    0.046451    0.068452
-0.0015647    0.048308    0.068452
-0.0044541    0.048218    0.068452
-0.017439    -0.04389    0.075031
-0.0014391   -0.046248   0.0084535
0.004494   -0.040434   0.0033084
0.0014469   -0.044239   0.0084534
-0.0015189   -0.046211   0.0084535
0.0015607   -0.045943   0.0084535
-0.0025954   -0.044231   0.0084535
-0.011415    0.050387   -0.022806
-0.014202    0.050186   -0.018678
-0.0085459    0.050815   -0.025899
-0.0018516    0.044587  -0.0050254
-0.0071969    0.044858  -0.0058204
0.0015607    -0.04589   0.0064535
-0.0014393   -0.046205   0.0084535
-0.0014393   -0.046152   0.0064535
-0.0374    0.030094    0.024603
-0.001811    0.047187    0.038453
-0.001811    0.047187    0.036453
0.0010605    0.047187    0.036453
0.0045254    0.044648   0.0033915
0.0063279    0.044109   0.0021965
0.0015607   -0.045889   0.0064535
-0.0015222   -0.046158   0.0064535
0.0014469   -0.044239   0.0064534
0.0010605   -0.042642   -0.025547
-0.0025954   -0.044231   0.0064535
-0.0025957    0.047687   0.0084525
-0.0016139    0.049606   0.0084525
-0.0044606    0.049484   0.0084525
-0.0071893    0.044374  -0.0051844
-0.0093269    0.044981  -0.0055384
-0.0073248    0.043514  -0.0053354
-0.0014951    0.044454  -0.0051054
-0.0014393   -0.044891   0.0034305
-0.0079101   -0.040471   0.0034304
-0.0014393   -0.046067   0.0034305
-0.0073293   -0.045916   0.0034305
-0.0014393   -0.045743  -0.0065695
-0.0014393   -0.044891  -0.0065695
0.0045607   -0.044891   0.0034304
-0.0014393    -0.04574  -0.0065695
0.0045607   -0.044891  -0.0065696
0.0066815   -0.044891  -0.0056906
0.0075607   -0.044891  -0.0035696
-0.01544    -0.04389    0.078493
-0.011438    -0.04389    0.078493
-0.0099763    -0.04389    0.077032
-0.030111   -0.039608    0.010251
-0.038195   -0.032012     0.02618
-0.0014394   -0.045155   -0.020478
0.0015609   -0.045062    0.066453
-0.018795   -0.043453   -0.010334
-0.0014393   -0.045595   -0.010454
-0.0014487   -0.045556   -0.015447
-0.047696   -0.010134    0.039423
-0.009377   -0.040679  -0.0055706
-0.0071966   -0.039891  -0.0055696
-0.0072185   -0.039786  -0.0060686
0.0010609   -0.044562    0.068453
0.0010609   -0.044562    0.066453
-0.0018106   -0.044562    0.066453
-0.0089996    0.045287  -0.0049194
-0.016902     0.04311    0.073029
-0.0044388   -0.044786   -0.023546
-0.0014394   -0.045393   -0.015444
-0.0014383   -0.044899    -0.02355
-0.010994    0.047347    0.078952
0.007438    0.044653  0.00036251
0.0066819    0.044609   0.0025505
0.0070605    0.044109  0.00042954
-0.0087929   -0.044171   -0.025736
-0.016049   -0.043909   -0.015337
-0.014584   -0.043924    0.071107
-0.0014394     -0.0469   -0.023181
-0.00019672    -0.03989   0.0024304
-0.016246   -0.043857    0.078095
-0.012312   -0.043919     0.07897
-0.0014394   -0.046071   -0.030807
0.0014468   -0.042756   -0.023547
-0.0016092    -0.04487   -0.023547
0.0015606   -0.044597   -0.023547
-0.0025955   -0.042748   -0.023547
-0.0091309    0.045189  -0.0064464
-0.0071961    0.044098  -0.0061024
-0.0096437     0.04449  -0.0062994
-0.0071971    0.044065   0.0024096
-0.0018512    0.044581   0.0018726
0.0015606   -0.044407   -0.025547
-0.0014394   -0.044862   -0.023547
-0.0014394   -0.044669   -0.025547
-0.0014394   -0.044059   -0.030869
-0.0081537      0.0448   0.0019296
-0.0090647    0.045366   0.0025756
-0.0044392   -0.044605   -0.025547
-0.0014401   -0.044672   -0.025548
-0.0014409   -0.044047   -0.030873
-0.013439    -0.04389     0.07103
0.0015606   -0.044405   -0.025547
-0.0016177    -0.04468   -0.025547
0.0014468   -0.042756   -0.025547
-0.0025956    0.047293    0.036453
-0.0044638    0.049106    0.036453
-0.0015846    0.049223    0.036452
-0.0025955   -0.042748   -0.025547
-0.018181    0.046603   -0.010463
-0.011438     0.04311    0.078492
-0.01544     0.04311    0.078492
-0.0032638   -0.045168    0.038453
-0.0018107   -0.044642    0.038453
-0.0018256   -0.044572    0.036453
-0.0089644   -0.041123   0.0019304
-0.0074535   -0.045899   0.0019305
0.0015607   -0.044625   0.0064535
-0.0044671   -0.046063   0.0064535
-0.0024389   -0.047472   -0.015532
-0.0014396   -0.046115   -0.030812
-0.0014393   -0.047392   -0.015528
-0.0024393   -0.046135   -0.030308
-0.0072183   -0.039787   0.0024304
-0.009377   -0.040678   0.0029305
-0.016902    -0.04389    0.077032
-0.0032637   -0.045088    0.068453
-0.0018254   -0.044492    0.066453
-0.0032248   -0.045148    0.066453
-0.0073248    0.043514   0.0031646
-0.0024393   -0.047594   -0.010531
-0.0014393   -0.047393   -0.015528
-0.0014393   -0.047593   -0.010531
-0.0024393   -0.047392   -0.015528
-0.0032251   -0.043228   -0.023547
-0.0044393   -0.044442   -0.023547
-0.0018106   -0.044562    0.068453
-0.0024373   -0.048029      0.1094
-0.0014416    -0.04819   -0.010542
-0.0014389   -0.047433     0.10939
-0.0024393   -0.047593   -0.010531
-0.0018109    0.046345    0.068452
0.0010606    0.046345    0.066452
0.0010607    0.046345    0.068452
0.0046945    0.044609   0.0037276
0.0075604    0.044609  0.00042954
0.0078581    0.049109  0.00056347
-0.016137    0.050407     -0.0141
-0.016561    0.049116   -0.014576
-0.018619    0.048403   -0.011111
-0.0032639    0.046871    0.066452
-0.0018257    0.046275    0.068452
-0.0044391    0.049154    0.036453
-0.0044361    0.049097    0.038449
-0.0071968    0.044109  -0.0055704
-0.0024391    0.048416     0.10937
-0.001439    0.046511     0.13892
-0.0014391    0.048389     0.10937
-0.0014394    0.049204    0.038158
-0.0014394    0.050904    0.049468
-0.0014393   -0.046156   0.0064535
-0.0014405   -0.046109   0.0034315
-0.0044392   -0.046118   0.0064535
-0.0044392   -0.045925   0.0064535
-0.010465   -0.046266    0.072054
-0.010316    0.047681     0.07193
-0.0091079    0.043119    0.074933
-0.0014396     0.04964  -0.0065705
-0.0014396    0.051619   -0.018427
-0.0024402    0.052079   -0.010562
-0.0014389    0.048835     0.10939
-0.0014396    0.051631   -0.010568
0.0015607    0.048037    0.068452
0.0045604    0.049109   0.0034295
-0.0014395    0.049627   0.0034295
0.0075607   -0.044891  0.00043043
0.0070604    0.044109  -0.0035705
0.0010608   -0.044642    0.038453
0.0010608   -0.044642    0.036453
-0.0018107   -0.044642    0.036453
-0.0089644   -0.041123   0.0034304
-0.013206   -0.045364   0.0034305
-0.0071344      0.0442   0.0026196
-0.0071958   -0.039879   0.0029624
-0.0091364   -0.040961   0.0033174
-0.0072106   -0.040327   0.0035804
-0.0024391    0.048389     0.10937
-0.0024396     0.05163   -0.010568
-0.0014396     0.05161   -0.015565
-0.0032253    0.048167   0.0084525
-0.0044395    0.049381   0.0064525
-0.0032253    0.048167   0.0064525
-0.0014396    0.049593     -0.0179
-0.0018514   -0.040368   0.0018854
-0.0071967   -0.040639   0.0026804
-0.017865   -0.043899    0.074906
-0.0093763    0.044899   0.0024286
-0.0072196    0.044004   0.0029306
-0.0024396     0.05161   -0.015565
-0.0014396    0.049208   -0.028225
-0.0014397    0.051014   -0.030706
-0.0024396    0.051044   -0.030291
-0.00144    0.051709   -0.015568
-0.0014823    0.051008   -0.030747
-0.0071966    -0.03989   0.0024304
-0.0044394   -0.044442   -0.025547
-0.0024393     0.05167   -0.015567
0.0075607   -0.040391  -0.0035696
-0.0071966    -0.03989   0.0029304
-0.019463    0.048074  -0.0096324
-0.028039     0.04465   0.0059707
-0.0032249   -0.045228    0.036453
-0.0044391   -0.046442    0.036453
-0.0044391   -0.046442    0.038453
0.0075604    0.049109  0.00042951
-0.0044686   -0.046508    0.066453
-0.0072134    0.044536  -0.0067434
0.0015603    0.049068   -0.025547
-0.0014396     0.04933   -0.025547
-0.0014396    0.049423   -0.023547
-0.0093269   -0.040761   0.0023984
-0.0071871   -0.040165   0.0020544
-0.0090044   -0.041059   0.0017574
0.0014465    0.047417   -0.025547
-0.0016758    0.049342   -0.025547
0.0015603    0.049067   -0.025547
-0.0025958    0.047409   -0.025547
-0.013713   -0.045114   0.0021985
-0.01322    -0.04495  -0.0051455
-0.013489   -0.044957  -0.0058225
0.0046947   -0.040391  -0.0068676
0.0078584   -0.044891  -0.0037036
-0.0016709    0.049434   -0.023547
0.0014466    0.047417   -0.023547
-0.0025955    0.047293    0.038453
-0.001583     0.04918    0.038453
-0.0044577    0.049077    0.038453
-0.0025958    0.047409   -0.023547
-0.010869    0.048721   -0.010536
-0.0014738    0.049943    -0.01555
-0.0014396    0.049632   -0.010561
-0.0071968    0.044109   0.0029296
-0.0014463    0.049766  -0.0065715
-0.0014396    0.049631   -0.010561
-0.0014396    0.049109  -0.0065705
-0.0014396    0.049638  -0.0065705
-0.0014395    0.049109   0.0034295
-0.0014395    0.049623   0.0034295
0.0045605    0.044609   0.0034295
0.0066813    0.049109   0.0025505
-0.0014395    0.049614   0.0064525
-0.0032254    0.047889   -0.023547
-0.0032643    0.047829   -0.025547
-0.001826    0.047233   -0.023547
-0.0090377      0.0477     0.07503
0.0014467    0.047695   0.0064525
-0.0016165    0.049618   0.0064525
0.0015604    0.049345   0.0064525
-0.0025957    0.047687   0.0064525
-0.0014395    0.049608   0.0064525
-0.0014395    0.049596   0.0084525
-0.0044407    0.049531   0.0084525
-0.0014404    0.049617   0.0084525
-0.015781   -0.046572   -0.015868
-0.016723   -0.045785   -0.014564
-0.01592   -0.045893   -0.015985
0.0014467    0.047695   0.0084525
-0.0018112    0.047303   -0.025547
-0.0044646   -0.046489    0.068453
-0.0014394    0.049214    0.036452
0.0044938    0.044652  -0.0064484
-0.0032252    0.047773    0.038453
-0.003264    0.047713    0.036453
-0.0018258    0.047117    0.038453
0.0014468    0.047301    0.036453
0.0015606    0.048909    0.038453
-0.0014394    0.049214    0.036452
-0.0014394    0.049171    0.038453
-0.0074133   -0.045865   0.0019305
0.0014468    0.047301    0.038453
-0.0087901   -0.041297   0.0026884
-0.01372   -0.045349   0.0028855
-0.0018112    0.047303   -0.023547
0.0010603    0.047303   -0.025547
0.0045255   -0.040429  -0.0065316
-0.0014383    0.049224    0.038455
-0.0014393    0.048372    0.066452
-0.016492    0.046631     0.07199
-0.004439   -0.046362    0.066453
-0.004439   -0.046362    0.068453
-0.0019043     -0.0404  -0.0050696
-0.0079153   -0.040473  -0.0050696
-0.0072181   -0.045662  -0.0050695
0.0014469    0.046459    0.066452
-0.0015656     0.04838    0.066452
-0.0025954    0.046451    0.066452
-0.0014393      0.0483    0.068452
-0.0089644   -0.041123  -0.0050696
0.0015607    0.048037    0.068452
0.0014469    0.046459    0.068452
0.0015609   -0.045062    0.068453
0.0010603    0.047303   -0.023547
-0.004439   -0.046567    0.066453
-0.0044621    0.049492   0.0064525
-0.0018109    0.046345    0.066452
-0.018583    0.046163  -0.0095704
-0.0024394   -0.046922    -0.02293
-0.0024394   -0.047076   -0.029873
-0.0024394    -0.04615   -0.030312
-0.0032641    0.048107   0.0064525
-0.0018259    0.047511   0.0084525
-0.0016283   -0.044056    -0.03078
-0.0024137   -0.046202   -0.030259
-0.0073515   -0.044219   -0.027252
-0.001498   -0.046074   -0.030783
-0.010505   -0.046178   -0.023999
-0.0024394   -0.046274     -0.0303
-0.0022516   -0.046773   -0.029566
-0.0091534   -0.046367   -0.025622
-0.01439   -0.046407   -0.018757
0.0075604    0.044609  -0.0035705
-0.018226   -0.046644   -0.010588
-0.018759   -0.045479   -0.010993
-0.016764   -0.045805   -0.014588
-0.0070553   -0.047364   -0.026165
-0.013711   -0.047102   -0.018323
-0.0024389   -0.047318   -0.029298
-0.0024532   -0.048601   -0.015571
-0.0093523    0.044954   0.0029516
-0.0089646    0.045342   0.0034296
-0.012703    0.048489   0.0029046
-0.0044395    0.049381   0.0084525
-0.0024396    0.051614   -0.018394
-0.0024396    0.052608   -0.017982
-0.018146    0.049813    -0.01057
-0.0024396    0.052622   -0.010571
-0.016599   -0.046468   -0.014445
-0.0071969   -0.039846  -0.0055496
-0.001851   -0.040362  -0.0050126
-0.0071968    0.044109   0.0024296
-0.048143 -0.00039693    0.040062
-0.0044396    0.049103   -0.023547
-0.0044396    0.049103   -0.025547
-0.018164    0.049837   -0.010573
-0.0024551    0.052772   -0.015562
-0.0032248   -0.045148    0.068453
-0.018758   -0.045479   -0.010992
-0.0081962    0.051877   -0.025052
-0.0024396      0.0526   -0.015571
-0.0025856    0.052183   -0.029124
-0.013424   -0.044876  -0.0060695
-0.015249    0.050791    -0.01556
-0.0024396    0.051939   -0.029849
-0.004475   -0.046102   0.0084535
-0.0024396    0.052109   -0.029229
-0.0024618    0.051735   -0.030061
-0.0024396    0.051051     -0.0303
-0.01365    0.050974   -0.018264
-0.0071968    0.044609  -0.0050704
-0.0095425    0.050718   -0.025029
-0.00237    0.051108   -0.030195
-0.0089039     0.04874   -0.025457
0.0015607   -0.044625   0.0084535
-0.0015136    0.051076   -0.030623
-0.013439     0.04311     0.07103
-0.015926   -0.046598    -0.01556
-0.016041   -0.045934    -0.01605
-0.013761   -0.047184   -0.018349
-0.015287    -0.04697   -0.015567
-0.016112   -0.046873   -0.014134
-0.013666    0.050975   -0.018245
-0.0071871   -0.040165  -0.0064456
-0.0093269   -0.040762  -0.0061016
-0.0073189   -0.039308  -0.0062986
-0.015189    0.050581   -0.015566
-0.009648   -0.040258   0.0031654
-0.015195    0.050574   -0.015567
-0.0019045    0.044618  -0.0050705
-0.0071342   -0.039981  -0.0057596
-0.0090645   -0.041147  -0.0057156
-0.0071966   -0.040391  -0.0050696
-0.0087911    0.045516  -0.0058324
-0.01263    0.048422  -0.0060405
-0.014379   -0.046079   -0.018748
-0.018106    0.049631    -0.01057
-0.008153   -0.040581  -0.0050696
-0.0044617   -0.044551   -0.025547
-0.0044393   -0.044558   -0.025553
-0.0044393    -0.04479   -0.023547
-0.005411   -0.044197   -0.028545
-0.0044902    -0.04469   -0.023547
-0.016004   -0.043694    -0.01533
0.0075607   -0.040391   0.0004304
-0.014256   -0.043863   -0.018692
-0.016711   -0.045786   -0.014558
-0.016424    -0.04364   -0.014563
-0.014222   -0.043867   -0.018745
-0.013439     0.04311     0.07903
-0.013405   -0.046068     0.07084
-0.014389   -0.046075   -0.018753
-0.014369   -0.046067   -0.018743
-0.014218   -0.043861   -0.018743
-0.0044646    0.048269    0.066452
-0.0067222    0.049392   0.0019295
-0.010701   -0.043864    0.071923
-0.013192   -0.045027  -0.0065055
-0.0014538   -0.045993   -0.010469
-0.0032249   -0.045228    0.038453
-0.0014421   -0.045828  -0.0065675
-0.019567   -0.045343  -0.0095645
-0.019176   -0.043199  -0.0095675
-0.016432   -0.043642   -0.014567
-0.036196    0.037175    0.019867
-0.0093182    0.044988   0.0024296
-0.0079103   -0.040471   0.0019304
-0.016738   -0.045792   -0.014573
-0.0071966   -0.039891  -0.0060696
-0.0073188   -0.039308   0.0022014
-0.0014587    0.049846   -0.015565
-0.0044395    0.049234   -0.025547
-0.0044396    0.049327   -0.023547
-0.0014407    0.049433   -0.023547
-0.0044727    0.049263   -0.023547
-0.0014425    0.048987   -0.030834
-0.0014403    0.049332   -0.025546
-0.012692    0.048362  -0.0055704
-0.0078301    0.048822   -0.026332
-0.0044394    0.048987    0.038453
-0.0044394    0.048987    0.036453
-0.0044588    0.049196   -0.025547
-0.0015489    0.049003    -0.03078
-0.01088    0.048406   -0.022952
-0.0019043   -0.040399   0.0019304
-0.0032252    0.047773    0.036453
-0.015394    0.047324    -0.01548
-0.013893    0.047713   -0.018474
-0.013713    0.047797   -0.018743
-0.013439    -0.04389    0.079031
-0.014207    0.049809   -0.018742
-0.016519    0.049109   -0.014554
-0.013718    0.047805   -0.018744
-0.015883    0.047169   -0.014561
-0.014211    0.049819   -0.018742
0.0010605    0.047187    0.038453
-0.015392    0.047322   -0.015479
0.0015603    0.047803   -0.025547
-0.0023182    0.044988  -0.0050705
-0.012567    0.048385  -0.0064474
-0.0032254    0.047889   -0.025547
-0.018091    0.046375   -0.010468
-0.0093523   -0.040735  -0.0060915
-0.019354     0.04807  -0.0095614
-0.015898    0.047171   -0.014568
-0.018578    0.046168  -0.0095664
-0.016543    0.049114   -0.014566
-0.0090044   -0.041059  -0.0067425
-0.027739    0.044741   0.0056066
-0.018988      0.0493  -0.0090714
-0.018987    0.049302  -0.0090704
-0.041771    0.028805    0.029313
-0.009318   -0.040769   0.0029305
-0.025481     0.02365    -0.06457
-0.0014397 -0.00039124    -0.06457
-0.032851     0.01262    -0.06457
-0.03544 -0.00039133    -0.06457
-0.032851   -0.013403    -0.06457
-0.025481   -0.024433    -0.06457
-0.014451   -0.031803    -0.06457
-0.0014396   -0.034391    -0.06457
0.011572   -0.031803    -0.06457
0.022602   -0.024433    -0.06457
0.029972   -0.013402    -0.06457
0.03256 -0.00039115    -0.06457
0.029972     0.01262    -0.06457
0.022602     0.02365    -0.06457
0.011571    0.031021    -0.06457
-0.0014397    0.033609    -0.06457
-0.014451    0.031021    -0.06457
-0.023713   -0.038892   -0.086844
-0.0014395   -0.038891    -0.06457
-0.030542   -0.038891   -0.076624
-0.03294   -0.038891   -0.064569
-0.030542   -0.038891   -0.052516
-0.023713   -0.038891   -0.042296
-0.013494   -0.038891   -0.035468
-0.0014394   -0.038891    -0.03307
0.010615   -0.038891   -0.035468
0.020834   -0.038891   -0.042296
0.027663   -0.038891   -0.052516
0.03006   -0.038891    -0.06457
0.027663   -0.038891   -0.076624
0.020834   -0.038891   -0.086844
0.010615   -0.038891   -0.093672
-0.0014397   -0.038892    -0.09607
-0.013494   -0.038892   -0.093672
-0.0014398    0.038109    -0.06457
-0.023714    0.038108   -0.086844
-0.030542    0.038109   -0.076625
-0.03294    0.038109    -0.06457
-0.030542    0.038109   -0.052516
-0.023713    0.038109   -0.042296
-0.013494    0.038109   -0.035468
-0.0014396    0.038109    -0.03307
0.010615    0.038109   -0.035468
0.020834    0.038109   -0.042296
0.027662    0.038109   -0.052515
0.03006    0.038109    -0.06457
0.027662    0.038109   -0.076624
0.020834    0.038109   -0.086844
0.010615    0.038109   -0.093672
-0.0014399    0.038108    -0.09607
-0.013494    0.038108   -0.093672
0.0007327    0.046609     -0.0144
0.0035604    0.046609   -0.015571
0.006388    0.046609     -0.0144
0.059362    0.020416     0.10943
0.059504    0.025379    0.063121
0.058571     0.02714    0.060451
0.063206  -0.0011788   -0.015573
0.061583 -0.00039133   -0.029571
0.062738 -0.00073088   -0.019356
0.060629    -0.01451     0.01043
0.063585    -0.01451     0.01043
0.063883   -0.017451    0.044049
0.013388     0.04311    0.077859
0.010561     0.04311     0.07903
0.0077331     0.04311    0.077859
0.05987 -0.00097483   -0.019116
0.062898 -0.00094163   -0.019082
0.062885  0.00019418   -0.019116
0.062861 -0.00039061   -0.019509
0.0068275   -0.045518  -0.0088006
0.0053566   -0.045609  -0.0076736
-0.0014387   -0.045734  -0.0065665
0.056042   -0.030046    0.056073
0.05958   -0.030046     0.05607
0.056487   -0.029501    0.049838
0.061546 -0.00095841     0.01043
0.061541  -0.0007833   0.0084298
0.061522  -0.0032928   0.0084298
0.060973   0.0092586   -0.029671
0.062766  5.2882e-05   -0.019263
0.05629   -0.028061     0.01043
0.059556   -0.028061     0.01043
0.059582   -0.029858    0.030964
0.019936    0.045674     0.13899
-0.0014391    0.049387     0.10943
-0.001439     0.04753     0.13883
0.061624 -0.00039093   -0.029576
-0.0014393   -0.045191  -0.0065695
0.014398   -0.045191  -0.0065696
0.06065   -0.011372   -0.029727
0.062289  -0.0098692   -0.019658
0.058543 -0.00039057    -0.02957
0.061579 -0.00039073    -0.02957
0.060202    -0.01702     0.01043
0.06066   -0.014336   0.0084299
0.062559  -0.0073639   -0.019619
0.062709  -0.0053576   -0.019593
0.061331  -0.0078099   0.0084299
0.06146  -0.0053005   0.0084298
0.064204    -0.00781   0.0084299
0.06282  -0.0028506   -0.019576
0.063199  -0.0032009   -0.015576
0.0121    0.043131    0.078754
0.01219    0.047269    0.079497
0.058002   0.0085626   -0.029664
0.059689   -0.020882   -0.019991
0.057729   -0.021077   -0.030199
0.055068    -0.01952   -0.030176
0.060366   -0.018884   -0.019909
-0.0014393   -0.045191   0.0034305
0.0087364   -0.045883   0.0034304
0.061073    -0.01638   -0.019826
0.061934    -0.01495   -0.015579
0.051381    0.031476    0.010429
0.05185    0.031476    0.010429
0.051787    0.031476   0.0084295
0.062394   -0.012237   -0.015576
0.062005   -0.011875     -0.0197
0.057703   -0.010568   -0.029719
0.056214   -0.027886   -0.020322
0.053174   -0.028621   -0.030869
0.05094   -0.026477   -0.030842
0.058445   -0.024936    0.026339
0.061496    -0.02622    0.041015
0.057823   -0.026997    0.049902
0.057675   -0.025382   -0.020195
0.058174   -0.025772    -0.01557
0.058657   -0.023389   -0.020096
0.060073 -0.00044051     0.10924
0.060988   -0.013342    0.071667
0.060727    -0.01529    0.070988
0.04503   -0.039605   -0.015574
0.043357   -0.037622   -0.032145
0.04473   -0.032495   -0.031709
0.046491   -0.035034   -0.031719
0.056783   -0.028292   -0.015576
0.059785   -0.018227     0.12287
0.06308 -0.00038738     0.10943
0.061388 -0.00038912     0.13075
0.039558   -0.039204   -0.032443
0.056718   -0.017921     0.12302
0.061369 -0.00038912     0.13075
0.058358 -0.00038823     0.13075
0.038168   -0.036455   -0.032447
0.033248   -0.041799   -0.032963
0.025889   -0.046251   -0.015573
0.023837   -0.044453   -0.033512
0.032128   -0.038941   -0.032971
0.027189   -0.043588   -0.033338
0.052552    0.030976    0.023979
0.056302     0.03097     0.02391
0.055562     0.03211    0.036936
0.026257   -0.040671   -0.033347
0.019699   -0.045147   -0.033644
-0.0014396    -0.04843   -0.015574
0.011864   -0.046201   -0.033774
0.05934   -0.022003    0.067251
0.063018   -0.019632    0.068882
0.062462   -0.021988    0.067231
0.019081    -0.04216   -0.033648
0.061527 -0.00095831     0.01043
0.064497 -0.00095827     0.01043
0.065067   -0.004008    0.045293
0.011575   -0.046122   -0.033743
0.061983  -0.0065186    0.045305
0.064987  -0.0065071    0.045174
0.064464  -0.0034678     0.01043
0.0048361   -0.046665   -0.032974
0.011299   -0.043096   -0.033743
-0.001631   -0.047129   -0.031339
-0.0014394   -0.047083   -0.030775
0.064521   0.0081436    0.072766
0.064187    0.010104    0.072358
0.051887     0.03181    0.044818
0.056377    0.030867    0.050963
0.052597    0.030856    0.050961
0.039625   -0.039307     0.10918
0.050674   -0.031639     0.10913
0.045624   -0.039677    0.049585
-0.0015469    -0.04408   -0.031187
-0.0014394   -0.044045    -0.03087
-0.0014394   -0.047903   -0.023187
-0.0014394   -0.045168   -0.020174
-0.0014393   -0.048506   -0.013228
0.003558   -0.048515   -0.011851
-0.0014393   -0.048391    -0.01557
-0.0014393   -0.048594    -0.01057
0.061536 -0.00078332   0.0084298
0.064427 -0.00078331   0.0084298
0.064433   -0.003308   0.0084298
0.060486    0.011721     0.01043
0.060883   0.0092115     0.01043
0.063566    0.011717     0.01043
0.030158   -0.045737    -0.01057
0.046722   -0.039256    -0.01057
0.056769   -0.028296   -0.015574
0.051683     0.03211    0.036936
0.05556     0.03211    0.038429
0.051678     0.03211    0.038429
0.052558    -0.02788   -0.020325
0.05703   -0.028531   -0.012891
0.056227    -0.02788   -0.020326
0.057207   -0.028731   -0.010571
0.057464    0.029322    0.056257
0.056356    0.030788    0.050855
0.038421    0.039524     0.13923
0.053081    0.027011     0.13836
0.048953    0.035229     0.10943
0.053509   -0.028632   -0.011733
0.055745    0.031817    0.044757
0.063934   0.0090425   0.0084297
0.063493    0.011547   0.0084296
0.063129    0.013554   0.0084296
0.055967    0.025097   0.0084296
0.060536    0.022599   0.0084296
0.057185    0.022589   0.0084296
0.054231   -0.025385   -0.020196
0.056238   -0.027879   -0.020324
0.05254    -0.02788   -0.020326
0.053152    0.029609   0.0084295
0.058359    0.027103   0.0084295
0.054855    0.027106   0.0084295
0.05422   -0.025382   -0.020194
0.058342   -0.025906   -0.014215
0.059335    0.013674     0.13553
0.0035479   -0.045667  -0.0072746
0.0017402    -0.04568  -0.0076776
0.05638    0.025442    0.041045
0.060438    0.022764     0.01043
0.057175    0.022764     0.01043
0.020874    0.047136     0.04955
0.010739    0.049088   0.0031945
0.010816    0.048972  -0.0062845
0.058613    -0.02623    -0.01057
0.058208   -0.025788   -0.015576
0.059143   -0.023787   -0.015573
0.017835   -0.045179  -0.0064786
0.057992   -0.026112    0.063117
0.05917   -0.023038     0.02759
0.055131   -0.026139   -0.011544
0.059154   -0.023776   -0.015576
0.059551   -0.024212   -0.010571
0.057154    -0.02792    0.060451
0.060484   -0.027973    0.060479
0.056028   -0.030082    0.056089
0.059161    0.019133    0.043504
0.061213    0.021209    0.067231
0.057977    0.021209    0.067231
0.055068     0.02714    0.060451
0.05977    0.025431    0.040912
0.06219   -0.024309    0.042127
0.062084   -0.021537     0.01043
0.056183   -0.024131   -0.011547
0.05929     -0.0239   -0.014189
0.055318   -0.023383   -0.020099
0.058656   -0.023383   -0.020099
0.060542    -0.02809    0.033709
0.061479   -0.011749    0.030511
0.064512   -0.012991     0.04471
0.061392   -0.013425    0.049665
0.056457   -0.020885    -0.01999
0.058674   -0.023382   -0.020097
0.059682   -0.020883    -0.01999
0.055304   -0.023383   -0.020099
0.061714  -0.0089207    0.072752
0.060653  -0.0016434   -0.010409
0.060651   -0.003648   -0.010408
0.05645   -0.020883    -0.01999
0.060277   -0.021392   -0.014168
0.060147   -0.021273   -0.015574
0.057099    0.022747     0.01043
0.055968    0.025274     0.01043
0.054815    0.027281    0.010429
0.058842    0.018842    0.068867
0.062011    0.018842    0.068867
0.063052    0.016662    0.043951
0.0065609    -0.04389    0.075031
0.0063445   -0.046363    0.075031
0.0075817   -0.046269    0.078002
0.051381    0.031476   0.0084295
0.060525   -0.021711    -0.01057
0.060149    -0.02127   -0.015575
0.060796   -0.019267   -0.015573
0.06161   -0.004449    0.073284
0.061754   -0.006452    0.073118
0.058461   -0.023369     0.00843
0.061404   -0.023369     0.00843
0.060435   -0.025879     0.00843
0.057261   -0.021621   -0.011554
0.060805    -0.01926   -0.015575
0.061677    0.001171    0.073409
0.065019 -0.00038985     0.05557
0.062018 -0.00038986     0.05557
0.061174   -0.019696   -0.010571
0.060915    0.010111     0.07233
0.063952    0.010111     0.07233
0.064689   0.0077128    0.044921
0.022278   -0.043952     0.10927
0.01354   -0.046309    0.072061
0.014745   -0.045997    0.075031
0.06153  2.6575e-06   0.0084298
0.064388 -9.1481e-05   0.0073538
0.061382 -9.1481e-05   0.0073538
0.062741   -0.022349    0.048432
0.063285   -0.019936    0.044115
0.010815    0.049109   0.0031275
-0.0014396    0.049109  -0.0062705
0.010808    0.049109  -0.0062705
0.057218   -0.018882    -0.01991
0.060933   -0.019386   -0.014157
0.060365   -0.018882   -0.019912
0.057635    0.029095     0.03117
0.06213   -0.021529     0.01043
0.062735   -0.019027     0.01043
0.059093   -0.021536     0.01043
0.057964   -0.016381   -0.019826
0.060378   -0.018882   -0.019911
0.057185   -0.018882   -0.019912
0.061484   -0.016752   -0.015575
0.05798    -0.01638   -0.019824
0.061611   -0.016877   -0.014151
0.061457  -0.0054766     0.01043
0.061333  -0.0078104   0.0084299
0.061295  -0.0079851     0.01043
0.06034    -0.01771    0.069947
0.057336   -0.027172    0.023215
0.061841   -0.017192    -0.01057
0.06149   -0.016752   -0.015575
0.061925   -0.014748   -0.015573
0.061464  -0.0053005   0.0084298
0.061452  -0.0054753    0.010429
0.064366  -0.0053004   0.0084288
0.035488     0.03763     0.13921
0.060923   -0.012327   0.0084299
0.063793   -0.012327   0.0084299
0.063085   -0.010795  -0.0090901
0.061508  0.00017764     0.01043
0.062279   -0.015179   -0.010571
0.061566   0.0036702    0.073296
0.06465    0.001171    0.073409
0.061648    0.001171    0.073409
0.029433    0.045531     0.10943
0.061533    0.021383    0.046264
0.060486    0.023074    0.065608
0.06167   0.0077143     0.04494
0.06434   0.0046948     0.01043
0.0077334    -0.04389     0.07786
0.058474   -0.014378   -0.019764
0.062054    -0.01487   -0.014145
0.061535   -0.014378   -0.019766
0.059938    0.016667    0.044011
0.062135   -0.021348     0.00843
0.059805   -0.018852     0.00843
0.062682   -0.018852   0.0084299
0.058457   -0.014377   -0.019764
0.061545   -0.014377   -0.019765
0.061999   -0.011874   -0.019702
0.064709   0.0056738     0.07311
0.058429    0.021093    0.042961
0.062026    0.018246     0.01043
0.058886    0.018246     0.01043
0.051634    0.032067    0.037533
0.039144    0.041391    0.049563
0.058939   -0.011874   -0.019702
0.061695   0.0056741    0.073121
0.06156   0.0036701    0.073293
0.056586    0.019299     0.10922
0.058683   -0.024993    0.049945
0.061967 -0.00040412    0.027071
0.062716   -0.012674    -0.01057
0.062383   -0.012235   -0.015575
0.062653    -0.01023   -0.015574
0.006144    0.047873     0.07503
0.0074396    0.047679     0.07813
0.058965   -0.011874   -0.019701
0.062023   -0.011874   -0.019701
0.062818   -0.012813  -0.0089721
-0.0014393   -0.044891  -0.0062695
0.021692   -0.044891   0.0031304
0.017913   -0.044891  -0.0062696
0.06266   -0.010226   -0.015575
0.057493    -0.01959     0.10918
0.059927   -0.019622    0.068867
0.059353   -0.021994    0.067265
0.062993   -0.010663   -0.010571
0.059745    0.025469    0.041368
0.060644    0.023559    0.042467
0.019072   -0.045191   0.0034304
0.057184    0.023074    0.065608
0.061648    0.021085    0.042873
0.05927  -0.0098701   -0.019659
0.062311    -0.00987   -0.019659
0.062327    0.019126    0.043428
0.013521   -0.046006    0.077989
0.010553   -0.046131    0.079227
0.063043    0.016704    0.044425
0.063538    0.014706     0.04453
0.063157    0.013729     0.01043
-0.0014459    0.050003   0.0034355
0.0074297    0.047927    0.071908
0.059253  -0.0098696   -0.019659
0.062297  -0.0098697   -0.019659
0.057363   -0.026052     0.01043
0.061452   -0.023544     0.01043
0.058396   -0.023544     0.01043
0.063071  -0.0057089   -0.015574
0.062923  -0.0077178   -0.015574
0.064524  0.00027037   0.0084298
0.061443   0.0025121   0.0084298
0.064383   0.0025123   0.0084298
0.059529   -0.007364   -0.019619
0.058016    0.020756     0.01043
0.064706   -0.011002    0.044913
0.061692   -0.011014    0.045051
0.013388    -0.04389    0.072201
0.010561    -0.04389     0.07103
0.0077333    -0.04389    0.072201
0.060201    0.014489    0.071016
0.06088    0.009212     0.01043
0.060844    0.012569    0.071722
0.063392   -0.006148    -0.01057
0.063252  -0.0081556   -0.010571
0.062918  -0.0077179   -0.015574
0.059554  -0.0073641   -0.019617
0.062581  -0.0073641   -0.019618
0.063338  -0.0082753  -0.0092012
0.0035607   -0.042291  -0.0075686
0.0012596   -0.045712  -0.0077786
0.0061742   -0.045574  -0.0080266
0.057184    0.022453     0.01043
0.06088   0.0090599   0.0084717
0.061402   0.0047024    0.010426
0.064662  -0.0019516    0.073419
0.06504 -0.00038778    0.055556
0.006388    0.046609  -0.0087405
0.00073272    0.046609  -0.0087405
-0.00043958    0.046609    -0.01157
0.063077  -0.0057101   -0.015575
0.051678     0.03211    0.038429
0.060186   -0.005851   -0.013965
0.063318  -0.0060281    -0.01194
0.06273  -0.0053585   -0.019594
0.0063882   -0.042291  -0.0087396
0.06154 -0.00078333   0.0084298
0.061376 -0.00068924   0.0073548
0.053146     0.02979    0.010429
0.056777     0.02979    0.010429
0.059686  -0.0053585   -0.019595
0.05981  -0.0028507   -0.019575
0.062715  -0.0053582   -0.019594
0.061553    0.008146    0.072782
0.060678   -0.017947    0.049721
0.063012   -0.019622    0.068867
0.057362    0.023523    0.042054
0.058006    0.020756     0.01043
0.060666    0.023513    0.041943
0.055129   -0.031672    0.051363
0.064514 -0.00039017     0.01043
0.064496  0.00017765     0.01043
0.064985 -0.00037973    0.027051
0.059803  -0.0028506   -0.019576
0.062842  -0.0028506   -0.019575
0.060306  -0.0033415   -0.013963
0.056204    0.025587    0.043072
0.056089    0.025375    0.063119
0.062315    0.019162    0.043834
0.063434  -0.0035184   -0.011942
0.063557  -0.0016308    -0.01057
0.063519  -0.0036369   -0.010571
0.063178     -0.0032   -0.015574
0.054379   -0.032568     0.04505
0.05907    0.018798    0.068985
0.063228  -0.0011928   -0.015575
0.060029 -0.00038933     0.10924
0.05991 -0.00088878   -0.019052
0.063478  -0.0015112   -0.011936
0.062923 -0.00088877   -0.019052
-0.001439    0.044467     0.13908
-0.001439    0.047493     0.13883
-0.0014391    0.046218      0.1127
0.035374   -0.040695     0.11231
0.052282   -0.033358     0.11566
0.049261   -0.032047     0.11628
0.012372    0.043124    0.071308
0.011485    0.047684    0.070539
0.014915     0.04716     0.07503
0.061207    0.020756     0.01043
0.061465  -0.0053005   0.0084298
0.06437  -0.0053023   0.0084288
0.063497   -0.003639   -0.010569
0.064384  -0.0032915   0.0084308
0.061704   -0.010863    0.043326
0.061577   -0.012704    0.041328
0.063598  -0.0016293   -0.010572
0.0089187      0.0493  -0.0065555
0.0053762     0.04948  -0.0077265
0.0068485    0.049399  -0.0088875
0.0035604    0.046609  -0.0075695
0.064428  -0.0032928   0.0084288
0.060631  -0.0017309  -0.0094242
0.061121    0.010113    0.072352
0.049738    0.026492     0.13828
0.060211  -0.0081213   -0.010962
0.010545    0.047411    0.079406
0.061427   0.0056607    0.073095
0.064438   0.0056607    0.073095
0.065027   0.0032122    0.045111
0.060389   -0.018622     0.02875
0.060114   -0.020461    0.049772
0.063394   -0.019913    0.043507
0.060548   -0.026043     0.01043
0.06408  -0.0098194   0.0084289
0.063232  -0.0081556   -0.010569
0.064192  -0.0078081   0.0084308
0.032356   -0.044168    0.049608
0.063443   -0.006148   -0.010573
0.056244    0.013601     0.13551
0.059484    0.016239     0.01043
0.060095    0.013729     0.01043
0.064236  -0.0078099   0.0084288
0.060328   -0.017714     0.06994
0.063771   -0.015296    0.071001
0.063382   -0.017707    0.069924
0.058848    0.018851     0.06888
0.061218    0.021224    0.067251
0.059653   -0.012644   -0.010899
0.014561     0.04311     0.07503
0.061864   0.0057142    0.045026
0.064204   0.0081385    0.072732
0.061181   0.0081385    0.072732
0.061162  -0.0099926     0.01043
0.063797   -0.012323   0.0084299
0.063554   -0.014337   0.0084289
0.062697   -0.012672   -0.010569
0.010555   -0.046298     0.07082
0.007578   -0.046383    0.072048
0.062983   -0.010665    -0.01057
0.018359    0.042889     0.13915
-0.001439    0.044468     0.13907
0.020131   -0.045084   0.0034174
-0.0014364   -0.046218   0.0034315
0.061188   0.0081407    0.072748
0.064211   0.0081399    0.072742
0.063158   -0.017019     0.01043
0.059941   -0.010634    -0.01093
0.046973    0.032987     0.10921
0.059477    0.016239     0.01043
0.058725   -0.017168   -0.010818
0.059988 -0.00038933     0.10924
0.0584   -0.000388     0.13075
0.060489    0.012562    0.071666
0.063557    0.012566     0.07168
0.060923    0.010113    0.072339
0.062717   -0.018852   0.0084289
0.063091   -0.016834   0.0084299
0.062699   -0.018852   0.0084289
0.06182   -0.017189   -0.010569
0.05625   -0.028988    0.021018
0.062268   -0.015182    -0.01057
0.063534    0.011721     0.01043
0.063541    0.014683    0.044271
0.063137   -0.016844   0.0084289
0.05919   -0.015157   -0.010855
0.062064  -0.0040251    0.045488
0.059085   -0.021538     0.01043
0.059812   -0.018854     0.00843
0.059132   -0.021362     0.00843
0.062014   -0.024329    0.043111
0.062093   -0.021539     0.01043
0.060508   -0.019356     0.03704
0.059949   -0.021417    0.037792
-0.001439    0.047493     0.13884
0.061445   -0.023369    0.008428
0.061373   -0.023354    0.008431
0.060503   -0.021705   -0.010568
0.062   -0.021336    0.008433
0.061163     -0.0197    -0.01057
0.061534    0.020666   0.0084296
0.056301    0.030449   0.0084295
0.057101    0.029988    0.010426
0.062072   -0.021361    0.008429
0.058009   -0.019683   -0.010761
0.064571   0.0036699    0.073292
0.062041   0.0016194    0.049853
0.064565   0.0036696    0.073284
0.061559   0.0036696    0.073284
0.060491    -0.02583    0.008428
0.058602   -0.026224    -0.01057
0.05954   -0.024225   -0.010569
0.059568   -0.027886    0.008428
0.059432   -0.027837   0.0084361
0.052594    0.030828    0.051006
0.061119   0.0072043     0.01043
0.064137   0.0072043     0.01043
0.064372    0.010208    0.044757
0.054028    0.029107    0.031299
0.058282    0.027281    0.010429
0.060492   -0.025879    0.008428
0.061067   0.0070294   0.0084297
0.061215   0.0057788   0.0084297
0.060656   -0.014335   0.0084299
0.063529   -0.014335   0.0084299
0.063098   -0.016844   0.0084299
0.060994   -0.013345    0.071679
0.064264   -0.010893    0.072341
0.064013   -0.013342    0.071667
0.034204    -0.04684    0.049622
0.014435   -0.049455    0.054279
0.057159   -0.031818   0.0084301
0.057195   -0.028734    -0.01057
0.057724   -0.032772    0.037737
0.048496   -0.041502    0.049606
0.060451    0.011546   0.0084297
0.060833    0.009037   0.0084297
0.057445   -0.025877   0.0084301
0.058169   -0.030396   0.0084271
0.058169   -0.030362   0.0084261
0.064568   0.0036702    0.073294
0.028575    0.042662     0.10923
0.061488    0.001441     0.01043
0.061494   0.0012656   0.0084298
0.053837    0.029345    0.056252
-0.00048246   -0.048591    -0.01057
-0.0014391   -0.049706    0.049545
-0.0014393   -0.048592    -0.01057
0.061399  -0.0089179    0.072732
0.064427    2.65e-06   0.0084298
0.056064    0.025361    0.063061
0.059468    0.025384    0.063079
0.057183    0.023097     0.06563
0.059883  0.00016049   -0.019082
0.051481    0.031563   0.0084245
0.055847    0.025307   0.0084155
0.058207    -0.03056     0.01043
0.054651   -0.030566     0.01043
0.05372    0.029267    0.056073
0.057349    0.029293    0.056084
0.055043    0.027207    0.060485
0.062822   0.0020695   -0.019574
0.063217  0.00041194   -0.015574
0.059554   -0.022471    0.049795
0.062917   -0.021869    0.042922
0.061945   -0.023854    0.065609
0.0043381    0.049528  -0.0073025
0.064567   0.0011842    0.073404
0.05991  0.00010756   -0.019052
0.062923  0.00010755   -0.019052
0.063651  0.00097253  -0.0091662
0.060948   -0.017017    0.039097
0.055226    0.027318    0.033804
0.055966    0.025279     0.01043
0.064338  -0.0053004   0.0084298
0.06318   0.0024195   -0.015574
0.063228  0.00041162   -0.015575
0.063173   0.0024195   -0.015574
0.063551  0.00084972    -0.01057
0.063508   0.0028575   -0.010571
0.060299   0.0025594   -0.013974
0.063595   0.0029813  -0.0091543
0.062841   0.0020693   -0.019575
0.00073296   -0.042291  -0.0087396
0.060682   0.0010265  -0.0085492
0.064377   0.0025121   0.0084298
-0.0014386    -0.04672    0.051816
0.059802   0.0020693   -0.019576
0.062819   0.0020693   -0.019576
0.06271    0.004577   -0.019593
0.06271    0.004577   -0.019596
0.057342   -0.026054     0.01043
0.057424   -0.025879   0.0084301
0.059689   0.0045769   -0.019594
0.060366   -0.027887    0.060485
0.06127   -0.026565    0.045197
0.061191   -0.026141    0.063061
0.0077331     0.04311      0.0722
0.063049   0.0049292   -0.015574
0.021647   -0.044982   0.0031654
-0.0014392   -0.045201   0.0030375
0.059681   0.0045772   -0.019595
0.062726   0.0045773   -0.019594
0.060163   0.0050683   -0.013981
0.057177    0.023568    0.043372
0.058015    0.020759     0.01043
0.051849    0.031476    0.010429
0.053154    0.029796    0.010429
0.062553   0.0065832   -0.019617
0.063452   0.0054926  -0.0091323
-0.00043936   -0.042291    -0.01157
0.061125    0.007205     0.01043
0.062893   0.0069366   -0.015574
0.060088    0.013729     0.01043
0.060375    0.014737    0.045103
0.063061   0.0049289   -0.015575
0.062887   0.0069367   -0.015574
0.063358    0.005367    -0.01057
0.011756   -0.046081    0.079239
0.012372   -0.043904    0.078752
0.063193   0.0073745   -0.010571
0.05999   0.0070753    -0.01399
0.063275   0.0075024  -0.0091093
0.062572   0.0065829   -0.019618
-0.0014393   -0.044959  -0.0065016
0.064427    2.65e-06   0.0084298
0.061526  2.6426e-06   0.0084298
0.063165   -0.017021     0.01043
0.059521   0.0065827   -0.019619
0.06255   0.0065827   -0.019619
0.062284   0.0090884   -0.019659
0.062276   0.0090887    -0.01966
0.059243   0.0090884   -0.019659
0.0626   0.0094416   -0.015573
-0.0014535    0.053165   -0.010566
0.019721    0.050251    0.061301
0.0035509    0.052565   -0.011849
0.013658    0.047422    0.071936
0.014561    -0.04389     0.07503
0.059235   0.0090887    -0.01966
0.062299   0.0090888   -0.019659
0.059686   0.0095834   -0.014006
0.061338     0.01021    0.044784
0.06355    0.012562    0.071666
0.061989    0.011093     -0.0197
0.062971    0.010015  -0.0090703
0.060066   -0.021338     0.10943
0.06231    0.011454   -0.015574
0.05945    0.016931    0.069945
0.062617   0.0094465   -0.015575
0.062306    0.011454   -0.015574
0.062884   0.0098843    -0.01057
0.062578    0.011891    -0.01057
0.059367     0.01159   -0.014023
0.062656    0.012026  -0.0090334
0.06201    0.011093   -0.019701
0.059146   -0.021361     0.00843
-0.0014389   -0.045392     0.11029
0.037471   -0.043237     0.11121
0.010052   -0.045091     0.11042
0.0075604    0.046609   -0.011571
0.0080668     0.04932   -0.011543
0.058931    0.011093   -0.019702
0.061986    0.011093   -0.019702
0.061538    0.013596   -0.019764
0.059108    0.018095   -0.029974
0.061537    0.013597   -0.019767
0.062554   -0.021174    0.010426
0.06414   -0.010863   0.0084299
0.064554  -0.0030785    0.010431
0.058459    0.013596   -0.019765
-0.0014393    0.049672  -0.0065705
0.0035472    0.049555  -0.0073125
0.058449    0.013597   -0.019766
0.061529    0.013597   -0.019766
0.061936    0.014086   -0.014168
0.061838    0.013964   -0.015574
0.058864    0.014097   -0.014051
0.061083    0.007081   0.0090277
0.061085      0.0156   -0.019824
0.0086535    0.049287   0.0034105
0.061383    0.015971   -0.015574
0.056804    0.029707   0.0094185
0.061851    0.013964   -0.015575
0.06138    0.015972   -0.015574
0.062084    0.014402    -0.01057
0.061922 -0.00039015    0.026886
0.065042   0.0016199    0.049859
0.061611    0.016408    -0.01057
0.063089   -0.019573    0.068946
0.064128   -0.015497    0.044804
0.058371    0.016102   -0.014078
0.061471    0.016092   -0.014192
0.06108    0.015599   -0.019826
0.057975    0.015599   -0.019826
0.060418      0.0181    -0.01991
0.060407    0.018101   -0.019912
0.059363    0.025267     0.01043
0.05727      0.0181   -0.019911
0.060685    0.018471   -0.015573
0.057258    0.018101   -0.019912
0.060775    0.018598   -0.014228
0.021679   -0.043948      0.1109
-0.0014393   -0.044891   0.0031305
0.057628    0.018608   -0.014118
0.061242    0.020751     0.01043
0.059773    0.020103   -0.019988
0.064382 -0.00014167   0.0071978
0.064428 -0.00039034   0.0084298
0.064378 -0.00039035   0.0070798
0.0065607     0.04311     0.07503
0.061426 -0.00013469   0.0072038
0.06188 -0.00039049    0.027042
0.060043    0.020487   -0.015574
0.061331   0.0046948     0.01043
0.060706    0.018482   -0.015575
0.060043     0.02049   -0.015574
0.060896     0.01892    -0.01057
0.012101   -0.043911    0.071308
0.013529    -0.04613    0.072064
0.060224    0.020924    -0.01057
-0.0014391    0.049241     0.11242
0.056922    0.020612   -0.014157
0.060117    0.020603   -0.014262
0.059769    0.020102    -0.01999
0.056575    0.020102    -0.01999
0.058848    0.022601   -0.020097
0.05575     0.02636    -0.03049
0.058847    0.022603   -0.020101
0.062584    0.016933    0.069947
0.061965    0.018833    0.068879
0.055583    0.022601   -0.020098
-0.0014393   -0.044959   0.0033625
0.055568    0.022602   -0.020099
0.058834    0.022602   -0.020099
0.059154    0.023108   -0.014312
0.059088       0.023   -0.015574
0.05588    0.023116   -0.014225
0.056172   -0.030105    0.056309
0.057972    0.024604   -0.020193
0.00081401    0.049623  -0.0081335
0.061878  -0.0085237    0.045275
0.064886  -0.0085061    0.045075
0.06263    0.016058   0.0084296
0.058201    0.025003   -0.015574
0.059102       0.023   -0.015575
0.058203    0.025008   -0.015574
0.059242    0.023438    -0.01057
0.064874   0.0057131    0.045014
0.058324     0.02544    -0.01057
0.06093   -0.012327   0.0084299
0.061177  -0.0098177   0.0084299
0.063876   -0.012332   0.0084299
0.062615    0.016234     0.01043
0.054904     0.02512   -0.014268
0.058258    0.025112   -0.014359
0.057965    0.024601   -0.020195
0.061657  -0.0019504    0.073409
0.064662  -0.0019507    0.073416
0.061614  -0.0044494    0.073292
0.054624    0.024601   -0.020195
0.056724    0.027098   -0.020324
0.056707    0.027099   -0.020326
0.055455    0.032002    0.037379
0.056803    0.029706   0.0094185
0.056292    0.030442   0.0084315
0.053266    0.027098   -0.020324
0.048889     0.03624   -0.031471
0.056916    0.027511   -0.015574
0.053245    0.027099   -0.020326
0.056961    0.027615   -0.014427
0.059336    0.025098   0.0084295
0.053479    0.027623   -0.014346
0.045859    0.040277   -0.015575
0.055956    0.025273     0.01043
0.058707    0.027321    0.033839
0.027476    0.048462   -0.033377
0.026891    0.049274   -0.015575
0.030726    0.048193   -0.010571
0.064686  -0.0019504    0.073409
0.061685  -0.0019504    0.073409
0.056995    0.027953    -0.01057
0.056922    0.027515   -0.015576
0.04708    0.039561   -0.010571
0.05735   -0.026058     0.01043
0.058469   -0.023373     0.00843
-0.0014396    0.052609   -0.015571
-0.0014397    0.052011   -0.030779
-0.0014394    0.052701   -0.015573
0.004848    0.051699   -0.032981
0.01157    0.051137   -0.033744
0.062189 -0.00037671    0.055614
0.061657  -0.0019516    0.073419
-0.0014396    0.052632   -0.010571
-0.00048171    0.052628   -0.010571
0.061447   0.0026866     0.01043
0.064525  0.00018164     0.01043
-0.0014396    0.049563   -0.020239
-0.0014396    0.052613   -0.018562
0.059527   -0.030046    0.056073
0.0063882   -0.042291     -0.0144
0.00073294   -0.042291     -0.0144
-0.0014397    0.048999   -0.030832
0.00479    0.048686   -0.033006
0.011257     0.04814   -0.033744
0.022771    0.049312   -0.033535
0.022073    0.046381   -0.033536
0.033322    0.046001   -0.032956
0.032254    0.043179    -0.03295
0.043335    0.040525   -0.032063
0.041806    0.037904   -0.032037
0.050895    0.033569   -0.031168
0.048799    0.031357   -0.031136
0.053281    0.024539   -0.030456
0.056343     0.01674    -0.02995
0.057176   -0.027882     0.06052
-0.0014393    0.049515   0.0030855
0.010722    0.049231   0.0031345
0.0067694    0.049392   0.0034675
0.060459    0.014687     0.04432
0.060078    0.014515    0.070998
0.062572    0.016935    0.069941
0.063155    0.014511    0.070988
0.063601  0.00084823   -0.010573
0.063486   0.0028577   -0.010569
0.064365   0.0025107   0.0084307
0.060489   -0.026054     0.01043
0.062023   0.0032206    0.045208
0.060872   -0.016179    0.029511
0.063609    0.012582     0.01043
0.064315   0.0045219   0.0084287
0.064809  -0.0089254    0.072772
0.0644  -0.0054754     0.01043
0.064467  -0.0034678     0.01043
0.061314   0.0046962     0.01043
0.064168   0.0071999     0.01043
0.061098   0.0072093     0.01043
0.059764   -0.019027     0.01043
0.059909    -0.02056    0.027956
0.060207   -0.017019     0.01043
0.063418   0.0053675   -0.010573
0.063172   0.0073743   -0.010569
0.064072   0.0070273   0.0084307
0.061437   0.0026872     0.01043
0.064115  -0.0099926     0.01043
0.063884   0.0090383   0.0084287
0.063487     0.01154   0.0084307
0.062883    0.009884    -0.01057
0.062559    0.011891   -0.010569
0.060038    0.013556   0.0084296
0.059454    0.016064   0.0084296
0.06118   -0.014216    0.030026
0.064199   -0.015473    0.044394
0.063855   -0.012502     0.01043
0.063839    0.012563    0.071718
0.063356    0.014492    0.071036
0.061376 -0.00039105   0.0070798
0.061421 -0.00065837   0.0072138
0.059319    0.025273     0.01043
0.063908    0.009212     0.01043
0.064441   0.0026872     0.01043
0.06091   -0.012502     0.01043
0.063884   -0.012498     0.01043
0.063134    0.013553   0.0084296
0.062544    0.016052   0.0084306
0.062081    0.014401    -0.01057
0.061595    0.016407   -0.010569
-0.0014395    0.049109   0.0031295
0.060074    0.013567   0.0084307
0.06259    0.016064   0.0084286
0.061509   -0.003466     0.01043
0.064493  -0.0034638     0.01043
0.059438    0.016927    0.069924
0.062045    0.018071   0.0084286
0.017883    -0.04453      0.1105
0.062005    0.018064   0.0084296
0.061528  -0.0032926   0.0084298
0.064385 -0.00065945   0.0072148
0.064378 -0.00039035   0.0070798
0.061185    0.020563   0.0084306
0.060892    0.018918    -0.01057
0.060211    0.020924   -0.010569
0.060994    0.012203     0.04461
0.064047      0.0122    0.044574
0.061237    0.020581   0.0084286
0.060479    0.022588   0.0084285
0.06042     0.02257   0.0084306
0.064056  -0.0098176   0.0084299
0.061335    -0.00781   0.0084299
0.061304  -0.0079848    0.010428
0.059318    0.025071   0.0084305
0.059235    0.023436    -0.01057
0.058313     0.02544   -0.010569
0.064141   0.0072049     0.01043
0.064478   0.0044758   0.0084287
0.059375    0.025098   0.0084285
-0.0014393    0.048806    0.053724
-0.0014394    0.051888    0.050053
0.058547   -0.031498    0.050961
0.059709   -0.030135    0.056141
0.065055  -0.0024049    0.049918
0.062055  -0.0024049    0.049917
0.058352    0.027106   0.0084285
0.058271    0.027069   0.0084315
0.064543    -0.00644    0.073095
0.05509   -0.031607    0.050956
0.058707   -0.031607    0.050957
-0.0014395    0.049178   0.0033615
0.057934   -0.026141    0.063061
0.0611   0.0070292   0.0084287
0.064084   0.0070294   0.0084297
0.056856    0.029601   0.0084275
0.064259    -0.01089     0.07233
0.061244    -0.01089     0.07233
0.056872    0.029615   0.0084285
0.04197    0.043305    0.049624
0.010561    -0.04389    0.079031
0.013388    -0.04389     0.07786
0.055559     0.03211    0.038429
0.059469    0.025361    0.063061
0.064679    0.001171    0.073409
0.060213  0.00041527   -0.015331
0.058547 -0.00038986   -0.029571
0.059726 -5.0257e-05   -0.019356
0.059515   0.0065825   -0.019616
0.013645    0.047175    0.078105
0.059682   0.0045762   -0.019593
0.064511   -0.010901    0.072354
0.060204    0.002441   -0.015334
0.059846 -0.00039036   -0.019509
0.05859 -0.00039044   -0.029576
0.063194   -0.017014     0.01043
0.0017213    0.049604  -0.0077255
0.059914 -0.00080616   -0.019323
0.059805  -0.0028507   -0.019574
0.060228  -0.0012141   -0.015332
0.060482    0.011546   0.0084287
0.061312   0.0046344   0.0097407
0.061391   0.0036965     0.01043
0.060193   -0.003222    -0.01533
0.060557  -0.0016453   -0.010404
0.060237   -0.001214   -0.015333
0.060185   -0.003222    -0.01533
0.060521  -0.0036532   -0.010402
-0.0014396    0.049178  -0.0065025
0.059693  -0.0053582   -0.019596
0.060068  -0.0057322   -0.015324
0.059533  -0.0073644   -0.019617
0.061441   0.0026873     0.01043
0.05992  -0.0077402   -0.015318
0.06039  -0.0061633   -0.010396
0.060079  -0.0057319   -0.015325
0.059915  -0.0077404   -0.015318
0.06258    0.016239     0.01043
0.060244  -0.0081713    -0.01039
0.059245    -0.00987    -0.01966
0.059634   -0.010246   -0.015306
0.059372   -0.012262   -0.015298
0.059969   -0.010681   -0.010379
0.059638   -0.010251   -0.015307
0.059348    -0.01226   -0.015296
0.053158    0.029791    0.010429
0.00027299   -0.045652  -0.0088075
0.058942   -0.011875   -0.019699
0.061305  -0.0079833     0.01043
0.061438  -0.0054755     0.01043
0.059684   -0.012691   -0.010368
0.058391   -0.014357   -0.019752
0.057917    -0.03097    0.010427
0.060841   -0.025593    0.008431
0.057955   -0.016382   -0.019823
0.058873   -0.014771   -0.015279
0.060215   -0.026813   0.0084301
0.058755   -0.017213   -0.010337
0.058879   -0.014772   -0.015279
0.058407   -0.016779   -0.015265
0.058401   -0.016778   -0.015264
0.059216     -0.0152   -0.010352
0.010546    0.047763    0.070622
0.061306   0.0045198   0.0084287
0.064281   0.0045198   0.0084297
0.057212   -0.018893   -0.019917
0.057644   -0.019278   -0.015239
0.052627    0.030827    0.050956
0.058711   -0.023845     0.06564
0.057335   -0.021735   -0.010299
0.057671   -0.019294   -0.015243
0.056957     -0.0213   -0.015228
0.056444   -0.020885   -0.019986
0.056948   -0.021297   -0.015227
0.061447   -0.010887    0.072366
0.058031   -0.019719   -0.010316
0.064765  -0.0064539    0.073128
0.064974 -0.00040201    0.027031
0.064613  -0.0044489    0.073284
0.055325   -0.023389   -0.020104
0.055856   -0.023815   -0.015205
0.056403    0.030827    0.050956
0.00025093    0.049625  -0.0088815
0.054215   -0.025388   -0.020192
0.055213   -0.026258   -0.010261
0.055862   -0.023817   -0.015205
0.054804   -0.025822   -0.015193
0.054789   -0.025813   -0.015191
0.019876   -0.044891  -0.0017336
0.056253   -0.024238   -0.010278
0.060498    -0.02792    0.060451
0.043621   -0.033484   -0.031874
0.053177   -0.028318   -0.015176
0.04342   -0.037098   -0.015204
0.05361    -0.02876   -0.010245
0.053171   -0.028331   -0.015177
0.028706   -0.040016   -0.033207
0.027784   -0.042817   -0.015341
0.029187   -0.042888   -0.010357
0.064394   -0.013346    0.071723
0.064272  -0.0079853     0.01043
0.0075607   -0.042291    -0.01157
0.0035606   -0.042291   -0.015571
0.04418   -0.037318   -0.010249
0.011947   -0.043116     -0.0338
0.0053471   -0.045291    -0.01544
0.0071478   -0.045295   -0.013873
0.0078472   -0.045367    -0.01146
0.004743    -0.04363   -0.033003
0.0035593   -0.045322   -0.015835
0.0081791   -0.045334   -0.011678
0.0044757   -0.045298   -0.015834
0.0017645   -0.045375   -0.015444
0.00037472   -0.045426   -0.014775
0.059078   -0.021537     0.01043
-4.4235e-05   -0.045455   -0.013872
0.0017651   -0.045375   -0.015444
-0.0014394   -0.044893   -0.023172
-0.00058053   -0.045593   -0.010454
-0.00074209   -0.045555   -0.011462
-0.0014393   -0.045596   -0.010454
0.013388     0.04311      0.0722
0.056263   -0.024249   -0.010277
0.055201   -0.026251   -0.010261
0.064497 -0.00095827     0.01043
0.05639   -0.027886   0.0084301
0.062041 -0.00039198    0.055557
0.060227 -0.00034757     0.10925
0.060902   -0.012502     0.01043
0.058037   -0.019725   -0.010316
0.057325   -0.021731   -0.010299
0.063391   -0.017708    0.069946
0.059037    0.019184     0.04451
0.059484    0.016241     0.01043
0.060232   -0.016844   0.0084299
0.060198   -0.017019     0.01043
0.060906   -0.012503     0.01043
0.061181   -0.009818   0.0084299
-0.0014391     0.04643     0.10926
0.059218   -0.015203   -0.010351
0.058746    -0.01721   -0.010336
0.061499   -0.003468     0.01043
0.061303   -0.014875     0.03752
0.059969   -0.010683   -0.010379
0.059675   -0.012691   -0.010368
0.063524   -0.014335   0.0084299
0.061403  -0.0089194    0.072742
0.064547  -0.0064413    0.073103
0.064408  -0.0089179    0.072732
0.053761    0.029267    0.056071
0.057407    0.029267    0.056071
0.064052  -0.0098176   0.0084299
0.060851  -0.0061874    -0.01042
0.060226  -0.0081719   -0.010389
0.059518   -0.027886   0.0084301
0.058333    0.021225    0.044593
0.059334   -0.021988    0.067232
-0.00072451    -0.04555    -0.01157
-0.00092013   -0.045547   -0.011553
-0.0014393   -0.045596   -0.010454
-0.00058054   -0.045593   -0.010454
0.0076839   -0.045419   -0.010446
0.0605   -0.026059     0.01043
0.0078264   -0.045383   -0.011569
0.064374   0.0045273   0.0084297
0.061098   0.0070249   0.0084297
0.064091   0.0070297   0.0084297
0.060867   0.0090369   0.0084287
0.063861    0.009037   0.0084297
0.058769   -0.023854    0.065609
0.054567   -0.030847    0.013588
0.0536   -0.028762   -0.010244
0.05474   -0.030396   0.0084301
0.054048    -0.03289    0.036937
0.054073    -0.03289     0.03843
0.021661   -0.044874   0.0032204
0.057965    0.015597   -0.019822
0.061538    -0.00644    0.073095
0.058458    0.013593   -0.019767
0.058938    0.011094     -0.0197
0.059572   0.0094538   -0.015334
0.063765    -0.01529    0.070988
0.059269    0.009118   -0.019665
0.054631    0.024604   -0.020193
0.055568    0.022607   -0.020097
0.05755    0.018555   -0.015349
0.057267    0.018097   -0.019913
0.046349    0.034727   -0.031552
0.061532  -0.0032929   0.0084308
0.06149  -0.0034678     0.01043
0.053448    0.027527   -0.015378
0.044008     0.03792   -0.015447
0.028348    0.045722    -0.01552
0.026814    0.045544   -0.033378
0.054579   -0.030572    0.010442
0.005041    0.049465   -0.015554
-0.0014396    0.049609   -0.015554
0.0020535    0.049574   -0.015554
0.062565    0.016927    0.069924
0.0035458    0.049523   -0.015826
-0.0014396    0.049436   -0.023201
0.064296  -0.0079811     0.01043
1.1629e-06    0.049611   -0.013916
-0.0014396    0.049598   -0.015554
0.0020549    0.049568   -0.015554
-0.00071846    0.049623   -0.011483
-0.00058261    0.049633   -0.010561
0.00073329      0.0496   -0.015247
0.0041027    0.049496   -0.015933
0.060091    0.013554   0.0084286
0.063123    0.013554   0.0084296
0.0053748    0.046624   -0.015078
0.0070957    0.049364   -0.013914
0.0080283    0.049291   -0.011674
0.029551    0.045422   -0.010529
0.0078125    0.049324   -0.011484
0.0076771    0.049342    -0.01056
0.044398    0.037854   -0.010477
0.053446    0.027529   -0.015378
0.061038   -0.015938    0.049703
0.053491    0.027965   -0.010432
0.055829    0.023014    -0.01536
0.054854     0.02502   -0.015367
0.055951    0.023449   -0.010421
0.054865    0.025025   -0.015367
0.055829    0.023015    -0.01536
0.054965    0.025463   -0.010426
0.056855    0.020506   -0.015353
0.057021    0.020938   -0.010417
0.056858     0.02051   -0.015353
0.05774    0.018939   -0.010413
0.05756      0.0185   -0.015348
-0.0014396    0.049433  -0.0061705
0.0068164      0.0494  -0.0066225
0.010793    0.049241  -0.0062615
0.061946   -0.023875    0.065629
0.057937   -0.026167    0.063083
0.058772    0.013987    -0.01534
0.05829    0.015991   -0.015343
0.058508    0.016422   -0.010411
0.058291    0.015993   -0.015343
0.059008     0.01442   -0.010409
0.058782    0.013984    -0.01534
0.064923 -0.00039014    0.026886
0.059274    0.011474   -0.015338
0.051788    0.031475   0.0084295
0.059532    0.011906   -0.010408
0.059273    0.011475   -0.015337
0.059855   0.0099006   -0.010406
0.059592   0.0094673   -0.015336
0.060057   0.0049482   -0.015333
0.059887   0.0069577   -0.015334
0.060179   0.0073889   -0.010406
0.059884    0.006958   -0.015334
0.060353   0.0053824   -0.010405
0.060059   0.0049508   -0.015333
0.060509   0.0028719   -0.010405
0.06018   0.0024407   -0.015332
0.060556  0.00086421   -0.010404
0.060237  0.00043279   -0.015333
0.054896    0.027106   0.0084285
0.054807    0.027061   0.0084316
0.054946    0.025453   -0.010425
0.055974    0.025094   0.0084296
0.064268   -0.007985     0.01043
0.056078    0.023492   -0.010427
0.056022    0.025098   0.0084285
0.062587     0.01624     0.01043
0.057223    0.022588   0.0084286
0.057159    0.022566   0.0084306
0.057009    0.020937   -0.010416
0.05799    0.020561   0.0084306
0.05774    0.018932   -0.010413
0.058042    0.020581   0.0084286
0.056801    0.029788    0.010429
0.058908    0.018071   0.0084286
0.064445   0.0026873     0.01043
0.058865    0.018062   0.0084296
0.058492    0.016421    -0.01041
0.059443    0.016051   0.0084306
0.059008    0.014415   -0.010409
0.05949    0.016064   0.0084286
0.061358 -0.00040356   0.0070758
0.060066    0.013552   0.0084296
0.059515    0.011905   -0.010407
0.060441    0.011539   0.0084297
0.059854   0.0098984   -0.010406
0.06024   -0.016844   0.0084299
0.061081   0.0070797   0.0090247
0.06085   0.0090452   0.0085117
0.060117   0.0073873   -0.010403
0.060321   -0.017707    0.069924
0.060413   0.0053821   -0.010408
0.063539    0.011723     0.01043
0.061451   0.0026822    0.010367
0.060522   0.0028694   -0.010406
0.060588  0.00086498   -0.010406
0.061325   0.0046334   0.0097357
0.064388  -0.0006892   0.0073538
0.060069    0.014511    0.070988
-0.00070347    0.049625   -0.011571
-0.00067981    0.049651   -0.011577
-0.0014396    0.049631   -0.010561
-0.00058262    0.049628   -0.010561
-0.0014391    -0.04531  -0.0061995
0.017862   -0.044987  -0.0062726
0.05683    0.029615   0.0084295
0.063991   -0.015296    0.071017
0.061214    0.020759     0.01043
0.053252    0.029615   0.0084285
0.053252    0.029599   0.0084285
0.010561     0.04311    0.071029
0.0142   -0.047976     0.10931
-0.0014389   -0.048448     0.10905
0.0063655    -0.04562  -0.0065696
0.06386   -0.012503     0.01043
0.058098   -0.030396   0.0084301
0.054784   -0.030391   0.0084301
0.061874   -0.023859    0.065617
0.057199   -0.031816   0.0084301
-0.0014391   -0.046725    0.053282
-0.0014389   -0.048448     0.10905
0.03844   -0.043027     0.10943
0.05811   -0.032568    0.045054
0.051868   -0.034697     0.10943
0.061427   0.0025123   0.0084327
0.05462    -0.03058     0.01043
0.05641   -0.027898   0.0084301
0.055055   -0.031647    0.050965
0.058682   -0.031633    0.050962
0.060493    0.011723     0.01043
0.057848    -0.03289     0.03843
0.057827    -0.03289    0.036937
0.054049    -0.03289    0.036937
0.059328    0.025278     0.01043
0.057826    -0.03289    0.036937
0.058199   -0.031736    0.023745
0.05726   -0.031781   0.0098981
0.058143   -0.030571     0.01043
0.058089    -0.03061    0.010471
0.061273   0.0045198   0.0084297
0.057277   -0.031815   0.0098871
0.057277   -0.031819   0.0084301
0.018127   -0.047501     0.10943
0.0083204   -0.048242     0.10913
-0.0014389   -0.045397     0.11029
0.05629   -0.028061     0.01043
0.064493 -0.00038474     0.01043
-0.0014388   -0.000389     0.15943
-0.02548    0.023653     0.15943
-0.032851    0.012622     0.15943
-0.035439 -0.00038909     0.15943
-0.032851     -0.0134     0.15943
-0.02548   -0.024431     0.15943
-0.01445   -0.031801     0.15943
-0.0014387   -0.034389     0.15943
0.011572   -0.031801     0.15943
0.022603   -0.024431     0.15943
0.029973     -0.0134     0.15943
0.032561 -0.00038891     0.15943
0.029973    0.012622     0.15943
0.022603    0.023653     0.15943
0.011572    0.031023     0.15943
-0.0014389    0.033611     0.15943
-0.01445    0.031023     0.15943
F
1  2  3
1     3  2150
1  7  2
1  72   7
1  2149    72
1  2150  2149
2    7  667
2   667  1425
2  1425     3
3  1409  2139
3  1425  1409
3  2139  2150
7  25  26
7   26  120
7  27  90
7  72  25
7   90  667
7  110   27
7  120  110
25  70  26
25  72  70
26  38  39
26   39  821
26  70  38
26  821  120
27  110  821
27  821   90
38  70  71
38  71  39
39   71  399
39  399  821
46   68  133
46  133  838
46  141   68
46  399  141
46  804  399
46  838  804
63   68  146
63  133   68
63  146  799
63  237  133
63  799  838
63  838  237
68   141  2146
68  2146   146
70    72  2149
70  2148    71
70  2149  2148
71  141  399
71  2147   141
71  2148  2147
90  707  667
90  820  707
90  821  820
110  120  821
133  237  838
141  2147  2146
146  147  148
146  148  838
146  149  147
146  838  799
146  2144   149
146  2145  2144
146  2146  2145
147  149  550
147  550  148
148  550  838
149  150  154
149  154  550
149  158  150
149  2144  2159
149  2159   158
150  158  154
154  157  166
154  158  157
154   166  1513
154  683  550
154  691  683
154  1513   691
157  158  164
157   164  1600
157   886  1776
157  1600   886
157  1776   166
158  181  164
158  2158   181
158  2159  2158
164  181  887
164   887  1600
166  1776  1513
181  2158   887
294  687  837
294   691  1513
294  837  691
294  1513   687
399  804  821
550  683  838
664  666  667
664  667  707
664  707  818
664  818  834
664  834  666
666  834  971
666  971  983
666  983  667
667  957  986
667  983  957
667   986  1409
667  1409  1425
683  691  838
687  689  836
687  836  837
687  1513   689
689  1513  1668
689  1666   836
689  1668  1666
691  837  838
707  820  818
804  820  821
804  837  820
804  838  837
818  820  837
818  836  834
818  837  836
830  831  888
830  888  891
830  891  908
830  908  922
830  922  936
830  933  995
830  934  933
830  936  934
830  947  831
830  995  947
831  832  849
831  848  888
831  849  848
831  947  955
831  955  957
831  957  832
832  833  849
832  957  969
832  969  971
832  971  833
833  834  850
833  850  849
833  971  834
834  836  851
834  851  850
836  1666   851
847   848  1655
847  880  848
847  1544   880
847  1606  1544
847  1646  1690
847  1655  1686
847  1686  1688
847  1688  1646
847  1690  1606
848   849  1669
848  880  888
848  1669  1684
848  1684  1655
849   850  1668
849  1668  1669
850   851  1666
850  1666  1668
855  856  857
855   857  1008
855  1008  1026
855  1026  1733
855  1076  1326
855  1145   856
855  1326  1145
855  1733  1734
855  1734  1076
856  1005   857
856  1051  1187
856  1145  1188
856  1187  1005
856  1188  1051
857  1005  1008
863  1311  1546
863  1546  1547
863  1547  1731
863  1731  1894
863  1894  1311
880  1481   888
880  1502  1481
880  1519  1502
880  1534  1519
880  1543  1534
880  1544  1543
884  1058  1778
884  1778  2126
884  1848  1058
884  1851  1848
884  2126  2127
884  2127  2131
884  2131  1851
885   887  2158
885  1007  1143
885  1143  1514
885  1514  1600
885  1600   887
885  2157  1007
885  2158  2157
886  1514  1776
886  1600  1514
888  1226   891
888  1243  1226
888  1263  1243
888  1278  1263
888  1448  1278
888  1461  1448
888  1481  1461
891   913  1118
891  1118   908
891  1157   913
891  1177  1157
891  1193  1177
891  1226  1193
903  1239  1243
903  1243  1263
903  1263  1278
903  1274  1295
903  1278  1274
903  1295  1317
903  1317  1239
907   908  1118
907  1042  1063
907  1063   908
907  1083  1042
907  1118  1083
908   927  1019
908  1019   922
908  1063   927
913   914  1129
913  1091  1118
913  1129  1091
913  1157   914
914   918  1171
914  1122  1129
914  1128  1122
914  1139  1128
914  1157  1177
914  1171  1178
914  1177   918
914  1178  1139
918  1177  1193
918  1182  1186
918  1186  1171
918  1193  1182
922  1019   936
925  1052  1475
925  1058  1848
925  1475  1778
925  1546  1052
925  1778  1058
925  1848  1546
927  1036  1019
927  1063  1036
933  934  996
933  996  995
934  936  996
936  1019   996
937   996  1019
937  1002   996
937  1019  1036
937  1025  1002
937  1036  1025
938  939  940
938   940  2153
938  1283  1525
938  1525  1894
938  1894   939
938  2152  1283
938  2153  2152
939   973  1026
939  1026   940
939  1159   973
939  1710  1159
939  1894  1710
940  1026  2154
940  2154  2153
947  957  955
947  986  957
947   995  1408
947  1408  1409
947  1409   986
953   999  1381
953  1381  1662
953  1662   999
957  983  969
960  1105  1568
960  1525  2030
960  1568  1525
960  2030  1105
964   967  1261
964  1261  1308
964  1308  1566
964  1566  1779
964  1710   967
964  1779  1710
967  1621  1261
967  1710  1621
969  983  971
973  1098  1396
973  1159  1627
973  1396  1733
973  1627  1098
973  1733  1026
976  1005  1011
976  1009  1005
976  1011  1009
995   996  1413
995  1413  1408
996  1002  2137
996  2137  1413
999  1005  1381
999  1011  1005
999  1662  1794
999  1794  1011
1002  1004  2137
1002  1025  1004
1004  1025  1035
1004  1035  1851
1004  1417  2137
1004  1851  1417
1005  1009  1008
1005  1051  1654
1005  1113  1381
1005  1187  1051
1005  1654  1113
1007  1008  1009
1007  1009  1794
1007  1794  1143
1007  2156  1008
1007  2157  2156
1008  2155  1026
1008  2156  2155
1009  1011  1794
1012  1501  1708
1012  1708  1773
1012  1773  1501
1025  1036  1055
1025  1055  1035
1026  2155  2154
1035  1043  1848
1035  1055  1043
1035  1848  1851
1036  1042  1055
1036  1063  1042
1042  1083  1055
1043  1055  1070
1043  1070  1082
1043  1082  1848
1045  1475  1525
1045  1525  1778
1045  1778  1475
1051  1188  1257
1051  1257  1379
1051  1379  1576
1051  1381  1654
1051  1576  1381
1052  1105  2030
1052  1443  1105
1052  1546  1443
1052  2030  1475
1055  1083  1070
1060  1214  1894
1060  1547  1214
1060  1731  1547
1060  1894  1731
1070  1083  1111
1070  1111  1082
1076  1144  1326
1076  1267  1144
1076  1734  1267
1077  1194  1197
1077  1197  1198
1077  1198  1362
1077  1362  1708
1077  1379  1194
1077  1708  1379
1082  1095  1546
1082  1111  1095
1082  1546  1848
1083  1091  1111
1083  1118  1091
1091  1129  1111
1095  1111  1122
1095  1122  1128
1095  1128  1546
1098  1627  1773
1098  1708  1396
1098  1773  1708
1105  1311  1568
1105  1443  1311
1111  1129  1122
1113  1654  1381
1128  1139  1546
1137  1178  1186
1137  1186  1227
1137  1227  1547
1137  1547  1178
1139  1178  1546
1143  1794  1514
1144  1145  1326
1144  1188  1145
1144  1191  1257
1144  1257  1188
1144  1267  1191
1159  1235  1566
1159  1308  1627
1159  1566  1308
1159  1710  1235
1171  1186  1178
1178  1547  1546
1182  1193  1226
1182  1208  1186
1182  1226  1208
1186  1208  1223
1186  1223  1227
1191  1194  1379
1191  1267  1194
1191  1379  1257
1194  1267  1197
1197  1267  1734
1197  1733  1198
1197  1734  1733
1198  1733  1762
1198  1762  1362
1208  1226  1239
1208  1239  1317
1208  1317  1223
1209  1261  1548
1209  1295  1702
1209  1548  1295
1209  1702  1773
1209  1773  1261
1214  1547  1621
1214  1621  1710
1214  1710  1894
1223  1317  1227
1226  1243  1239
1227  1317  1547
1235  1710  1779
1235  1779  1566
1261  1547  1548
1261  1621  1547
1261  1773  1308
1274  1278  1448
1274  1448  1455
1274  1455  1702
1274  1702  1295
1283  1537  2117
1283  1778  1525
1283  2117  2119
1283  2119  1778
1283  2151  1537
1283  2152  2151
1290  1317  1548
1290  1547  1317
1290  1548  1547
1295  1548  1317
1308  1773  1627
1311  1443  1546
1311  1894  2102
1311  2102  1568
1362  1762  1708
1379  1381  1576
1379  1567  1580
1379  1580  1602
1379  1602  1614
1379  1614  1626
1379  1626  1628
1379  1628  1381
1379  1708  1567
1381  1628  1649
1381  1646  1662
1381  1649  1646
1396  1708  1762
1396  1762  1733
1408  1413  2117
1408  1537  2138
1408  2117  1537
1408  2138  1409
1409  2107  2139
1409  2138  2107
1413  2118  2119
1413  2119  2117
1413  2126  2118
1413  2127  2126
1413  2137  2127
1417  1435  2137
1417  1851  1435
1435  1851  2131
1435  2131  2137
1448  1461  1455
1454  1455  1461
1454  1461  1481
1454  1481  1494
1454  1494  1719
1454  1702  1455
1454  1719  1702
1460  1702  1719
1460  1719  1773
1460  1773  1702
1475  2030  1525
1481  1502  1494
1491  1494  1502
1491  1502  1519
1491  1519  1528
1491  1528  1719
1491  1719  1494
1499  1501  1719
1499  1528  1501
1499  1719  1528
1501  1524  1708
1501  1528  1524
1501  1773  1719
1513  1514  1515
1513  1515  1669
1513  1669  1668
1513  1776  1514
1514  1656  1515
1514  1657  1656
1514  1794  1657
1515  1656  1669
1519  1534  1528
1524  1526  1531
1524  1528  1526
1524  1531  1533
1524  1533  1708
1525  1568  2102
1525  2102  1894
1526  1528  1534
1526  1534  1562
1526  1554  1531
1526  1562  1554
1531  1554  1533
1533  1554  1564
1533  1564  1708
1534  1543  1562
1537  2150  2138
1537  2151  2150
1543  1544  1558
1543  1558  1562
1544  1574  1558
1544  1585  1574
1544  1606  1607
1544  1607  1585
1554  1562  1571
1554  1571  1564
1558  1560  1562
1558  1574  1560
1560  1571  1562
1560  1574  1594
1560  1594  1571
1564  1567  1708
1564  1571  1567
1567  1571  1580
1571  1594  1580
1574  1585  1594
1580  1594  1602
1585  1595  1594
1585  1607  1595
1594  1595  1602
1595  1607  1624
1595  1624  1602
1602  1624  1614
1606  1618  1607
1606  1640  1618
1606  1690  1640
1607  1618  1624
1614  1624  1634
1614  1634  1626
1618  1625  1624
1618  1640  1625
1624  1625  1634
1625  1640  1634
1626  1634  1628
1628  1634  1649
1634  1640  1661
1634  1661  1649
1640  1690  1661
1646  1649  1661
1646  1652  1662
1646  1661  1690
1646  1688  1652
1652  1657  1794
1652  1686  1657
1652  1688  1686
1652  1794  1662
1655  1656  1657
1655  1657  1686
1655  1684  1656
1656  1684  1669
1778  1785  2118
1778  2118  2126
1778  2119  1785
1785  2119  2124
1785  2124  2118
2107  2138  2150
2107  2150  2139
2118  2124  2119
2127  2137  2131
2144  2145  2146
2144  2146  2155
2144  2155  2157
2144  2157  2159
2146  2147  2148
2146  2148  2150
2146  2150  2155
2148  2149  2150
2150  2151  2155
2151  2152  2153
2151  2153  2155
2153  2154  2155
2155  2156  2157
2157  2158  2159
