34 
r_upper_arm 
V
-0.06513   -0.008166   -0.040488
-0.066415  -0.0033702   -0.038654
-0.065681  -0.0061082   -0.038615
-0.066003  -0.0088574   -0.044576
-0.065187  -0.0079533   -0.044537
-0.065003  -0.0087618   -0.042194
-0.06842   0.0041106    0.028996
-0.068137   0.0030528    0.026267
-0.06821   0.0033279    0.024796
-0.06821   0.0033279    0.027738
-0.070084   0.0099883    0.030159
-0.070716   0.0054202    0.031469
-0.069725   0.0091527    0.030041
-0.06895   0.0061269    0.030236
-0.069773   0.0091589    0.030001
-0.068736     0.00529    0.029862
-0.069157   0.0068626    0.030235
-0.069996   0.0099916    0.022309
-0.068736   0.0052899    0.022673
-0.069773   0.0091614    0.022534
-0.06842   0.0041105    0.023538
-0.069157   0.0068628    0.022299
-0.070064   0.0099813    0.022367
-0.069555   0.0088251    0.022515
-0.069163   0.0060381    0.022275
-0.066019  -0.0094777   -0.042156
-0.063676   -0.013593   0.0034485
-0.062263   -0.018868  0.00077508
-0.062411   -0.018315 -3.0117e-05
-0.062313   -0.018682    0.029461
-0.063885   -0.012815    0.025049
-0.063885   -0.012815    0.027486
-0.063513   -0.014201    0.023074
-0.062313   -0.018682    0.023074
-0.062913   -0.016442     0.02232
-0.061941   -0.020068    0.025049
-0.061941   -0.020068    0.027486
-0.063513   -0.014201    0.029461
-0.066099  -0.0045503   -0.033411
-0.064224   -0.011549    -0.01715
-0.065672  -0.0061432   -0.033411
-0.062913   -0.016442    0.030215
-0.019189   -0.031123   -0.060938
-0.020165   -0.030988   -0.061111
-0.018623   -0.032948   -0.062151
-0.039582   -0.030016   -0.054865
-0.039914   -0.031802     -0.0557
-0.037931    -0.03086    -0.05351
-0.038235   -0.032712   -0.054201
-0.03317    -0.03258   -0.048934
-0.03317   -0.034549   -0.049292
-0.02748   -0.033196   -0.043044
-0.019241   -0.031064   -0.061022
-0.037938   -0.030864   -0.053518
-0.02746   -0.033119   -0.042967
-0.063091   -0.015776    0.017951
-0.064968  -0.0087719    0.017254
-0.065356  -0.0073226    0.017951
-0.027243   -0.035104   -0.043091
-0.03826     -0.0334   -0.054392
-0.018623   -0.032977   -0.062117
-0.065046  -0.0084796   -0.043305
-0.067017  -0.0011229   -0.043407
-0.066953  -0.0013631   -0.040583
-0.045569    0.013693   -0.059771
-0.036999    0.024824   -0.060925
-0.045173    0.014411    -0.05961
-0.046047     0.01154   -0.060786
-0.036806    0.024843   -0.060865
-0.041957    0.022099     -0.0533
-0.045225    0.014472   -0.059657
-0.044449    0.016977    -0.05791
-0.043468     0.01934   -0.055983
-0.044943    0.020572   -0.056572
-0.046045    0.017885   -0.058771
-0.045205    0.014389   -0.059633
-0.045936    0.014334   -0.059948
-0.046856     0.01498   -0.060691
-0.045573    0.013698   -0.059775
-0.047311    0.012917   -0.061801
-0.045922    0.014333   -0.059951
-0.045208    0.014389   -0.059635
-0.066899  -0.0017653   -0.039927
-0.066532  -0.0034248   -0.038674
-0.063674   -0.013601    0.015956
-0.064774  -0.0094972    0.015956
-0.063771    -0.01324    0.016605
-0.064437   -0.010753     0.00558
-0.06401   -0.012346   0.0078113
-0.063255   -0.015164   0.0057349
-0.068782  -0.0011044    -0.03909
-0.067125  -0.0010253   -0.042129
-0.042137    0.024871   -0.052047
-0.039535    0.027999   -0.047634
-0.043603    0.022999   -0.054192
-0.039046    0.027822   -0.047532
-0.035432    0.029784   -0.062113
-0.039273    0.027668   -0.047495
-0.066582 -0.00080927   -0.042979
-0.036946    0.029231   -0.044371
-0.033173   -0.028904   -0.062117
-0.038253   -0.032763   -0.054234
-0.065907   -0.011994     0.02462
-0.063936   -0.012827    0.025047
-0.063565   -0.014212    0.023073
-0.064871  -0.0091346    0.013605
-0.06557  -0.0065256    0.014653
-0.062878   -0.016573    0.014653
-0.066872  -0.0016633   -0.044594
-0.046507   -0.023892   -0.060543
-0.047721   -0.024835   -0.062115
-0.046568   -0.023994   -0.060629
-0.03799   -0.031052   -0.053583
-0.019234   -0.031068   -0.061022
-0.04593    0.014332   -0.059948
-0.045549    0.013628   -0.059718
-0.046436    0.014958   -0.060119
-0.044468    0.016924   -0.057949
-0.045205     0.01439   -0.059633
-0.046385    0.014966   -0.060127
-0.045832    0.017834   -0.058531
-0.043469    0.019336   -0.055988
-0.045973    0.012047   -0.060574
-0.038763    0.022373   -0.060906
-0.046047     0.01158   -0.060814
-0.04734    0.012377   -0.062118
-0.062026   -0.016495    0.052928
-0.059898   -0.028398     0.04876
-0.062841    -0.01188     0.05459
-0.05771   -0.024548    0.056805
-0.059173   -0.023029    0.054955
-0.060613   -0.020525    0.053444
-0.05607   -0.025402    0.058942
-0.054475   -0.025681    0.061102
-0.050401    -0.02472    0.065384
-0.047639   -0.023982    0.067885
-0.053367   -0.030355    0.057621
-0.059784   -0.028354    0.048679
-0.056817   -0.033048    0.048126
-0.063577   -0.013964    0.012605
-0.065213  -0.0078574     0.01155
-0.064871  -0.0091346    0.012605
-0.047558   -0.032641    0.058131
-0.051361   -0.034559    0.048309
-0.024829   -0.033774    0.065287
-0.026561   -0.033276    0.050425
-0.025491   -0.033443     0.05655
-0.023971   -0.033686    0.062705
-0.063235   -0.015241     0.01155
-0.064437   -0.010753     0.00995
-0.06401   -0.012346     0.00995
-0.064437   -0.010753   0.0078113
-0.052921     0.02003    0.056735
-0.036242    0.027612    0.043701
-0.039433    0.027857    0.064003
-0.035792    0.028179    0.052179
-0.036141    0.028897    0.060883
-0.041808    0.027379    0.067882
-0.039553    0.027983    0.064036
-0.034811    0.029362    0.060883
-0.06896   0.0049355    0.048251
-0.062365  -0.0085701    0.057946
-0.057337   -0.005875    0.067899
-0.060365  -0.0066849    0.062882
-0.064797   0.0032794    0.058068
-0.068399     0.01056    0.048581
-0.064201   0.0086425    0.058235
-0.063674   -0.013601    0.017254
-0.064774  -0.0094972    0.017254
-0.061161    0.013151    0.057913
-0.064612    0.014415     0.04811
-0.065423  -0.0070708   -0.045549
-0.06632  -0.0095228    0.012605
-0.065026   -0.014352    0.012605
-0.063577   -0.013964    0.013605
-0.065026   -0.014352    0.013605
-0.06632  -0.0095228    0.013605
-0.064437   -0.010753   -0.014755
-0.06401   -0.012346     0.00558
-0.06401   -0.012346   -0.014755
-0.063784    -0.01319    0.016544
-0.064818   -0.015127    0.016544
-0.063383   -0.014689    0.016605
-0.065123   -0.013991    0.015956
-0.064832   -0.015077    0.016605
-0.064929   -0.014714    0.015956
-0.063369   -0.014739    0.016666
-0.065233   -0.013577    0.016666
-0.06522   -0.013628    0.016605
-0.064929   -0.014714    0.017255
-0.065123   -0.013991    0.017255
-0.065078  -0.0083601    0.016544
-0.066112   -0.010298    0.016544
-0.064677   -0.009859    0.016605
-0.066417  -0.0091613    0.015956
-0.066126   -0.010247    0.016605
-0.066223  -0.0098844    0.015956
-0.064663  -0.0099091    0.016666
-0.066528  -0.0087476    0.016666
-0.065065  -0.0084101    0.016605
-0.066514  -0.0087984    0.016605
-0.066223  -0.0098844    0.017255
-0.066417  -0.0091613    0.017255
-0.065459   -0.012734   0.0078113
-0.064704   -0.015553   0.0057349
-0.061833   -0.020471   0.0031068
-0.063099   -0.015749   0.0065854
-0.064547   -0.016137   0.0065854
-0.063282   -0.020859   0.0031068
-0.060674   -0.024796  -0.0013605
-0.06199   -0.019887   0.0022563
-0.063439   -0.020275   0.0022563
-0.060947   -0.023778  -0.0028417
-0.062123   -0.025185  -0.0013605
-0.062396   -0.024167  -0.0028417
-0.063711   -0.019257  0.00077507
-0.06386   -0.018703 -3.0132e-05
-0.065125   -0.013981   0.0034485
-0.063528   -0.014146   0.0042536
-0.064977   -0.014534   0.0042537
-0.065459   -0.012734     0.00558
-0.062348   -0.018548   -0.033411
-0.065459   -0.012734   -0.014755
-0.062775   -0.016955   -0.033411
-0.063797   -0.018937   -0.033411
-0.064224   -0.017344   -0.033411
-0.065672   -0.011938    -0.01715
-0.067121  -0.0065314   -0.033411
-0.067548  -0.0049385   -0.033411
-0.065886   -0.011141   -0.014755
-0.0675  0.00067968  -0.0028418
-0.065886   -0.011141     0.00558
-0.067773   0.0016978  -0.0013606
-0.068949  0.00029146  -0.0028418
-0.069222   0.0013095  -0.0013606
-0.065886   -0.011141   0.0078113
-0.065465  -0.0069176    0.012578
-0.065886   -0.011141     0.00995
-0.06699  -0.0070203    0.013244
-0.066662  -0.0082451     0.01155
-0.06516  -0.0080571    0.019144
-0.067019  -0.0069142    0.014654
-0.066806  -0.0077098    0.017951
-0.063437   -0.014486    0.019592
-0.065578    -0.01229    0.020513
-0.062906   -0.016467    0.013244
-0.06454   -0.016165    0.017951
-0.064432   -0.016569    0.012577
-0.064683    -0.01563     0.01155
-0.065459   -0.012734     0.00995
-0.065867   -0.011957    0.027912
-0.065191   -0.013735    0.030674
-0.063605   -0.014315     0.02934
-0.062978   -0.016423    0.030236
-0.062915   -0.016499    0.030315
-0.064362    -0.01683    0.031716
-0.063677   -0.019922     0.03062
-0.063229   -0.021803    0.024623
-0.063533   -0.019924     0.02186
-0.062449    -0.01863    0.023195
-0.06296    -0.01649    0.022299
-0.064327   -0.016961    0.014654
-0.06348   -0.014327    0.017254
-0.063021   -0.021835    0.024584
-0.065315   -0.013809    0.021914
-0.062943   -0.016393     0.02222
-0.064362    -0.01683    0.020819
-0.066112   -0.010298    0.020041
-0.065233   -0.013577    0.020041
-0.065703   -0.011825     0.02795
-0.069518   0.0024131    0.029728
-0.065703   -0.011825    0.024584
-0.069197   0.0012149    0.026267
-0.068461   0.0040675    0.023572
-0.069518   0.0024128    0.022807
-0.069009   0.0060062    0.022247
-0.065191   -0.013735     0.02186
-0.069411   0.0012587    0.026276
-0.067911  -0.0035835   -0.037125
-0.065914  -0.0057235   -0.038634
-0.067057  -0.0067686   -0.037125
-0.06654  -0.0093608   -0.039081
-0.066361  -0.0093677   -0.039024
-0.07009    0.010342    0.021598
-0.069999    0.010003    0.030235
-0.070575    0.007929    0.020898
-0.07009    0.010342    0.030937
-0.070574   0.0079288    0.031637
-0.069762   0.0024555    0.029676
-0.068973   0.0060583    0.030195
-0.070332   0.0054491    0.031611
-0.070332   0.0054491    0.037882
-0.060929   -0.029301    0.037871
-0.061014   -0.029324    0.037882
-0.070595   0.0079447    0.031627
-0.070147    0.010753    0.037884
-0.069974    0.011067    0.037874
-0.070332   0.0054491    0.020924
-0.06574    0.014879    0.037882
-0.0657    0.014786    0.037878
-0.036309    0.027503    0.037882
-0.03883    0.022285   -0.060948
-0.035446    0.029807    -0.06212
-0.034919    0.027879     -0.0617
-0.038748    0.022367   -0.060955
-0.034324    0.028028   -0.061671
-0.034328    0.028037   -0.061674
-0.03479    0.027913   -0.059403
-0.038031    0.026046     -0.0473
-0.036059    0.027517   -0.044141
-0.038068    0.026097   -0.047311
-0.034768     0.02791   -0.059427
-0.065272  -0.0078376   -0.039927
-0.06819    0.003142    0.025163
-0.068341   0.0036667     0.02842
-0.018964   -0.030998   -0.061625
-0.020165   -0.030986   -0.061111
-0.063936   -0.012827    0.027487
-0.06348   -0.014327    0.015956
-0.063282    -0.02179    0.027915
-0.062363   -0.018699    0.029462
-0.06511  -0.0085807   -0.042148
-0.02721   -0.033165    0.044143
-0.027409   -0.033148    0.037882
-0.061991   -0.020084    0.027487
-0.052624   -0.035226    0.037882
-0.058115   -0.033825    0.037883
-0.063533   -0.019925    0.030674
-0.063021   -0.021835    0.027951
-0.069874     0.01135   -0.042126
-0.058302  0.00097736    -0.06071
-0.055685    0.004092   -0.060627
-0.065177   0.0057772    -0.05568
-0.070592   0.0079393    0.020907
-0.068691    0.012728   -0.042119
-0.070405   0.0093762   -0.042125
-0.068758   0.0097452   -0.049645
-0.05905  -0.0023659    -0.06066
-0.064193     0.01327   -0.051029
-0.045973    0.011535   -0.060741
-0.061462     0.01034   -0.055192
-0.05568   0.0040875   -0.060623
-0.065739    0.014879   -0.042118
-0.045973    0.012047   -0.060574
-0.045672    0.013312   -0.059801
-0.046006    0.011539   -0.060778
-0.045694    0.013454   -0.059839
-0.043122    0.020085   -0.055337
-0.038175     0.02615   -0.047437
-0.042789    0.021327    -0.05371
-0.064968  -0.0087719    0.015956
-0.045245    0.014581   -0.059627
-0.045667    0.013303   -0.059798
-0.051395    0.019862   -0.049375
-0.06468    0.013762   -0.049131
-0.042861    0.021067   -0.053905
-0.051347    0.019772   -0.049385
-0.045772     0.01364   -0.060049
-0.036278    0.027432   -0.042117
-0.053216    0.020215   -0.042118
-0.036034    0.027486   -0.044129
-0.03852    0.025893    -0.04711
-0.038056    0.026093   -0.047286
-0.038514     0.02585   -0.047101
-0.039971    0.025927   -0.042121
-0.0362    0.027398   -0.043806
-0.038547    0.025929    -0.04713
-0.039946     0.02587   -0.042117
-0.036286    0.027437   -0.042117
-0.036279    0.027432    0.037883
-0.047722   -0.024835   -0.062118
-0.046784   -0.023442    -0.06071
-0.042952   -0.027498   -0.057764
-0.039577   -0.030004   -0.054863
-0.038308   -0.030682   -0.053696
-0.038279    -0.03108   -0.053853
-0.038301   -0.034059   -0.042128
-0.027411   -0.033123   -0.042701
-0.02741   -0.033129   -0.042117
-0.065656  -0.0066057   -0.045731
-0.027411   -0.033129    0.037883
-0.052623   -0.035226   -0.042118
-0.056224   -0.034694   -0.042118
-0.05758   -0.032204   -0.049523
-0.05925   -0.032586   -0.042108
-0.0578   -0.034112    0.037886
-0.058178   -0.033837   -0.042119
-0.054496    -0.01936   -0.060718
-0.055608   -0.016793   -0.060795
-0.056413   -0.027743   -0.055504
-0.042728   -0.027637   -0.057564
-0.048322   -0.023239   -0.060693
-0.05077    -0.03013   -0.055029
-0.052152   -0.033964   -0.048941
-0.038293    -0.03431   -0.042168
-0.048327   -0.023242   -0.060685
-0.052135   -0.021837   -0.060658
-0.066394  -0.0036492   -0.038553
-0.06559   -0.012245   -0.042118
-0.058659   -0.023926   -0.055312
-0.060429   -0.027959   -0.049174
-0.061014   -0.029324   -0.042118
-0.070331   0.0054491   -0.042118
-0.068607 -0.00098441   -0.039024
-0.069063   0.0043153   -0.049485
-0.065266  0.00087762   -0.055632
-0.058688  -0.0052151   -0.060672
-0.055578   -0.016767   -0.060771
-0.058614  -0.0052874    -0.06074
-0.058555    -0.02398   -0.055106
-0.066262  -0.0077509   -0.047326
-0.066075   -0.010435   -0.042118
-0.066071  -0.0097043   -0.045186
-0.066238  -0.0076653   -0.047341
-0.066689  -0.0050041   -0.047107
-0.06679  -0.0050063   -0.048102
-0.066144  -0.0048202   -0.046275
-0.067656  -0.0025136   -0.047372
-0.067832  -0.0015875   -0.045498
-0.068553 -0.00055903   -0.045154
-0.069167 -0.00012742   -0.042141
-0.068893  8.3325e-05   -0.042118
-0.033335    0.029649    0.067883
-0.033335    0.029649    0.060883
-0.041841    0.027436    0.067868
-0.050436     0.02005    0.067882
-0.05525    0.011158    0.067882
-0.056523   0.0059839    0.067821
-0.057347  0.00015545    0.067882
-0.057282  0.00015632    0.067749
-0.044363   -0.026933    0.067881
-0.040842   -0.029538    0.067882
-0.03319   -0.033049    0.067885
-0.025386   -0.034065    0.067883
-0.053834   -0.020603   -0.060672
-0.048415   -0.023227   -0.060692
-0.048415   -0.023227   -0.062118
-0.05291    -0.02119   -0.062118
-0.055516      -0.017   -0.060767
-0.05876  -0.0048906   -0.060748
-0.055516   -0.016999   -0.060777
-0.055516      -0.017   -0.062118
-0.05876  -0.0048904   -0.062118
-0.059143  -0.0049331   -0.060731
-0.058599   4.181e-05   -0.062118
-0.058269  0.00094139   -0.060607
-0.055724    0.004053   -0.060622
-0.061991   -0.020084    0.025047
-0.045975    0.011534   -0.060742
-0.055724    0.004053   -0.062118
-0.04692    0.010809   -0.062118
-0.048144   -0.023263   -0.062118
-0.048336   -0.023237   -0.062157
-0.062802   -0.011847    0.054573
-0.064827   -0.012725    0.054412
-0.063633   -0.018485    0.052897
-0.058691   -0.023674    0.055657
-0.061834   -0.022702    0.054275
-0.066033  -0.0047942   -0.046401
-0.059916   -0.025091    0.056745
-0.055682   -0.025455    0.059515
-0.062562  -0.0072735    0.062882
-0.059744  -0.0065184    0.067876
-0.064403  -0.0082476    0.058506
-0.064732   -0.013495    0.053979
-0.064836    -0.01211    0.054821
-0.071047   0.0045076    0.048145
-0.057522  -0.0018637    0.067882
-0.060058  -0.0028785    0.067882
-0.057312  -0.0058669    0.067882
-0.057385  -0.0058864    0.067874
-0.05968  -0.0065013    0.067882
-0.044361   -0.026935    0.067882
-0.046643   -0.028669    0.067882
-0.052764   -0.025354    0.062882
-0.050803   -0.024828    0.067882
-0.047639    -0.02398    0.067882
-0.047636    -0.02398    0.067882
-0.050837   -0.024844    0.067882
-0.053287   -0.025494    0.065388
-0.046606   -0.028703    0.067886
-0.050817   -0.024765    0.067827
-0.054659      -0.032    0.058057
-0.061165   -0.028604    0.050999
-0.06262   -0.029608     0.04361
-0.058021   -0.034722    0.048347
-0.061122   -0.028549     0.05147
-0.063302   -0.030066    0.037914
-0.057475   -0.026241    0.060149
-0.057742   -0.026172    0.059765
-0.056415   -0.026234    0.061495
-0.055392   -0.026058    0.062882
-0.032875   -0.033148    0.067883
-0.032602   -0.035255    0.067883
-0.036679   -0.035729    0.058681
-0.051404     -0.0366    0.048102
-0.052473   -0.037029    0.037874
-0.048258   -0.034735     0.05792
-0.042604   -0.031378    0.067882
-0.025987   -0.035328    0.052984
-0.026942   -0.035175    0.045462
-0.024379   -0.035583    0.060456
-0.021894   -0.035938    0.067883
-0.022115   -0.035939    0.067883
-0.034161     0.03273     0.06788
-0.037238    0.031093    0.064236
-0.034462     0.03239    0.066362
-0.034163     0.03274    0.067883
-0.044048    0.028362    0.067882
-0.0422    0.027219    0.067882
-0.052072    0.021241    0.067882
-0.050333    0.020189    0.067882
-0.033934    0.031886    0.062157
-0.035815    0.030797    0.057966
-0.036776    0.029802    0.048968
-0.054637    0.021452    0.049311
-0.056583    0.019544    0.057993
-0.035315    0.030261    0.050068
-0.036713    0.029644    0.048989
-0.063805  -0.0080306    0.060049
-0.067096   0.0031873    0.058015
-0.064553  -0.0094251    0.057514
-0.056516   0.0061622    0.067882
-0.059979   0.0023121    0.067882
-0.062533  -0.0072782    0.062867
-0.060056  0.00076457    0.067882
-0.059485  -0.0064803    0.067711
-0.059328   0.0064253    0.067868
-0.065126   0.0088248    0.060476
-0.070881   0.0091464    0.049601
-0.070987   0.0045146    0.048187
-0.059014   0.0076774    0.067882
-0.069057    0.013232    0.049194
-0.065566    0.016191    0.048127
-0.062651    0.014667    0.057994
-0.062656    0.014687    0.058026
-0.065573    0.016208    0.048138
-0.057556    0.012044    0.067882
-0.072194   0.0049499    0.037875
-0.062946   -0.029842    0.037882
-0.062949   -0.029843    0.037882
-0.072144   0.0044877    0.026267
-0.069365  -0.0056771   -0.042724
-0.071728    0.012213    0.037879
-0.072263   0.0049315    0.037882
-0.037078    0.029308    0.037882
-0.063784   -0.013192    0.020041
-0.064664  -0.0099072    0.020041
-0.066502    0.016672     0.03788
-0.066524    0.016719    0.037882
-0.037063    0.029272    0.037883
-0.035736    0.029747    0.037882
-0.066343  -0.0036387   -0.046189
-0.027245   -0.035122    0.037883
-0.059195   -0.035602    0.037892
-0.052458   -0.037219    0.037882
-0.059333   0.0020979   -0.062118
-0.060511  -0.0016534   -0.062118
-0.060523  -0.0016532   -0.062132
-0.06669   0.0066048   -0.056739
-0.059338   0.0020992   -0.062123
-0.070458    0.010593   -0.050401
-0.072317   0.0098687   -0.042116
-0.070227    0.014014    -0.04212
-0.072414   0.0049042    0.037885
-0.072149    0.011511   -0.042122
-0.071751    0.012267    0.037881
-0.066523    0.016719   -0.042118
-0.065492     0.01553   -0.049674
-0.062347    0.011879   -0.056268
-0.056638   0.0052432   -0.062118
-0.066736   -0.001967   -0.045235
-0.035623    0.029447   -0.062156
-0.04734    0.012377   -0.062118
-0.046859    0.014983   -0.060694
-0.035446    0.029808   -0.062117
-0.047343    0.012379   -0.062121
-0.047253    0.012924   -0.061836
-0.046907    0.014781   -0.060816
-0.046778     0.01495   -0.060514
-0.047342    0.012377   -0.062119
-0.037062    0.029272   -0.042117
-0.054    0.022055   -0.042118
-0.052114    0.021482   -0.050125
-0.046387    0.014867   -0.060161
-0.045962    0.018126   -0.058594
-0.045604    0.018759   -0.057957
-0.044944    0.020579   -0.056571
-0.044818    0.020946   -0.056309
-0.050925    0.020283    -0.05308
-0.047123    0.015208   -0.060854
-0.045607    0.019086    -0.05786
-0.039323     0.02772   -0.047528
-0.043506    0.022996   -0.054227
-0.043663    0.023044   -0.054194
-0.03935    0.027623   -0.047416
-0.054072    0.022237   -0.042142
-0.066635  -0.0025471   -0.045569
-0.039037    0.027802   -0.047531
-0.036987    0.029231   -0.043987
-0.036851     0.02928    -0.04423
-0.03937    0.027633   -0.047409
-0.040748    0.027752   -0.042121
-0.036982    0.029216   -0.043978
-0.039334    0.027669   -0.047352
-0.04073     0.02771   -0.042118
-0.065718   -0.005972    -0.04619
-0.067157 -0.00072806   -0.042218
-0.032894   -0.032685    -0.04846
-0.027057   -0.033105   -0.042316
-0.026655   -0.035078   -0.042452
-0.027244   -0.035122   -0.042117
-0.052457   -0.037219   -0.042118
-0.032775   -0.034636   -0.048893
-0.027243   -0.035125   -0.042117
-0.038107   -0.036253   -0.042122
-0.038209   -0.033089    -0.05434
-0.038342   -0.032668   -0.054303
-0.039894   -0.031785   -0.055715
-0.047788    -0.02488   -0.062174
-0.055655   -0.020332   -0.062118
-0.05862   -0.034006   -0.050061
-0.056969   -0.036556   -0.042119
-0.060688   -0.034005   -0.042119
-0.052963   -0.023098   -0.062118
-0.055654   -0.020343   -0.062124
-0.052957   -0.023099   -0.062114
-0.056942   -0.029455   -0.056608
-0.048156   -0.023284   -0.062118
-0.059455    -0.03542    0.037887
-0.058928   -0.035829    -0.04212
-0.038103   -0.036403   -0.042171
-0.052036   -0.035914   -0.049426
-0.038227   -0.032861   -0.054257
-0.05081   -0.031933   -0.056006
-0.044163   -0.028601   -0.059378
-0.047723   -0.024831   -0.062118
-0.047751   -0.024861   -0.062118
-0.048611   -0.024714   -0.062118
-0.060209  -0.0052787   -0.062118
-0.067185   0.0006231   -0.056346
-0.071008   0.0038621   -0.049762
-0.072263   0.0049315   -0.042118
-0.062333   -0.028507   -0.049512
-0.06043   -0.024541   -0.056096
-0.056965   -0.017388   -0.062118
-0.060229  -0.0052836   -0.062136
-0.060373   -0.024594   -0.055936
-0.070978   0.0038779   -0.049728
-0.066393   -0.017047   -0.042738
-0.062945   -0.029842   -0.042118
-0.066441   -0.015866   -0.042815
0.002243   -0.012773   -0.058117
-0.020274  0.00022688   -0.058117
0.005504  -0.0031668   -0.058117
0.0048405   0.0069561   -0.058117
0.0003537    0.016055   -0.058117
-0.0072736    0.022743   -0.058117
-0.01688    0.026004   -0.058117
-0.027003    0.025341   -0.058117
-0.036101    0.020854   -0.058117
-0.04279    0.013227   -0.058118
-0.046051   0.0036206   -0.058118
-0.045388  -0.0065024   -0.058118
-0.040901   -0.015601   -0.058118
-0.033274    -0.02229   -0.058117
-0.023667   -0.025551   -0.058117
-0.013544   -0.024887   -0.058117
-0.0044458     -0.0204   -0.058117
0.0018269    -0.02514   0.0088828
0.006042   -0.022848   0.0088828
-0.0026951   -0.026742   0.0088827
0.020137   0.0024156    0.037879
0.016991    0.015741   -0.006117
0.019807   0.0052302   -0.006117
-0.032033    0.028656    0.042917
-0.032347    0.029827    0.056197
-0.032327    0.029752    0.048992
-0.020369    0.031492  -0.0046173
-0.018483    0.032179  -0.0061173
-0.020369    0.031492  -0.0061173
-0.010089   -0.034968   -0.045008
-0.01707     -0.0337    -0.04338
-0.015614   -0.034839   -0.049853
0.0072796   -0.021999    0.037883
-0.019116   -0.031142    0.037883
-0.019634    -0.02921    0.037883
-0.03405    0.024593    0.039882
-0.034518    0.026337    0.037883
-0.03405    0.024593    0.037883
-0.015237   -0.034027    0.067883
-0.015058   -0.034699    0.067883
-0.0068277   -0.031029    0.067883
0.018622 -4.7388e-05    0.018315
0.019537   -0.003463    0.018315
0.01908  -0.0017552    0.017584
0.0214  -0.0030224   0.0011253
0.020888  -0.0053717   -0.006117
0.021547  -0.0021287  0.00054805
-0.0075431   -0.032795   -0.038873
-0.00037325    -0.02675   -0.017004
0.0045306    -0.02956   -0.038873
-0.004011   -0.022591    0.026646
-0.005415   -0.022968    0.031119
-0.004011   -0.022591    0.029119
-0.0045816   -0.033318   -0.055253
-0.0010213   -0.030485   -0.061639
0.0025616   -0.031404   -0.054106
-0.039078    0.027903    0.062382
-0.039078    0.027903    0.067883
-0.033283    0.029456    0.067883
0.0043121   -0.020168    0.067883
-1.3646e-05   -0.025121    0.067809
0.010299   -0.019289    0.055524
0.011874     0.01934   0.0064757
0.011874     0.01934 -0.00070992
0.012181    0.018197   0.0055926
0.012384    0.017439    0.021536
0.012384    0.017439     0.01863
0.012454    0.017175    0.020083
0.01066    0.024598   -0.006117
0.012626    0.025463   -0.006117
0.018913    0.016352   -0.006117
0.01985  0.00079177    0.023444
0.01991   0.0024501    0.021377
-0.0023589   -0.027998    0.037883
-0.0026954   -0.026742    0.037883
-0.002695   -0.026742  -0.0061172
-0.010548   -0.034631   -0.043273
-0.0094561    -0.03435   -0.041117
-0.010413   -0.030777   -0.041117
-0.014535   -0.031882    -0.03935
-0.011121   -0.030967    -0.03935
-0.012828   -0.031424   -0.038617
0.0031795   -0.028189   -0.010931
0.0099012   -0.027303   -0.038825
0.005054   -0.028149   -0.018603
0.00024071   -0.031753   -0.055229
-0.0022111    -0.03241   -0.055616
0.0085602   -0.028499   -0.038642
0.0024678   -0.030098    -0.01122
0.007217   -0.029609   -0.039872
-0.024016    0.031939    0.060267
-0.023256    0.032143    0.062131
-0.027487    0.031009    0.067883
0.011357    0.023899  -9.822e-06
0.012216    0.022971 -0.00078023
0.018433   0.0006596    0.020083
0.02185    0.000745    0.018095
0.021893   0.0016519    0.020083
0.013326    0.019719   0.0046505
0.012411    0.023135   0.0011154
0.012411    0.023135   0.0046505
0.021893   0.0016519    0.002883
0.021777   0.0056624   -0.006117
0.021694   0.0064653     0.03788
0.018622 -4.7388e-05    0.021851
0.01908  -0.0017552    0.022582
0.019007  -0.0046512     0.01719
0.019007  -0.0046512   0.0057757
0.018652  -0.0059542    0.019423
-0.015322   -0.033728    0.067921
-0.016203   -0.034286    0.067883
-0.016898   -0.031699    0.037897
-0.0010138   -0.028888    0.037883
0.0086776   -0.023455  -0.0061171
0.012957   -0.019819    0.037879
0.013165    0.021849  -0.0011364
-0.0022025   -0.032445   -0.012517
-0.011299   -0.034607   -0.038704
-0.0099726   -0.034447   -0.039585
-0.0046721   -0.027091  -0.0061172
-0.018023    0.033818   -0.012334
-0.01799    0.032521  -0.0063173
-0.017542     0.03253  -0.0063143
0.0094941   -0.025796   -0.039457
0.0098825   -0.027285   -0.038829
0.0094462   -0.025443   -0.038658
0.0070909   -0.026087   -0.043203
0.010791   -0.025096   -0.040598
0.0060602   -0.026363   -0.041635
0.011505    0.020719    0.016097
0.011874     0.01934    0.023676
0.011505    0.020719    0.024069
0.017545  -0.0018236   0.0068687
0.017176 -0.00044516 -0.00070989
0.017545  -0.0018236  -0.0011028
-0.03882    0.026937    0.059882
-0.038043    0.024039    0.059882
0.0214  -0.0030224    0.018325
0.0214  -0.0030226   0.0046405
0.021547  -0.0021291   0.0052178
-0.026358   -0.035021   -0.042117
-0.027243   -0.035128   -0.042121
-0.011078   -0.030231    0.067883
-0.016874   -0.031784    0.067883
-0.021714    0.032509    0.038883
-0.021714    0.032509    0.037883
-0.032033    0.028656    0.038883
-0.019634    -0.02921    0.039883
0.0072927   -0.021995    0.037884
0.013079    0.020672    0.022585
0.014283    0.023665    0.021992
0.016517    0.020647    0.022071
0.017763   0.0088353    0.048531
0.018263 -0.00040166    0.048449
0.013759   0.0076517    0.058531
0.0090276    0.019057    0.058035
-0.022669   -0.033337    0.059883
-0.022669   -0.033337    0.067883
-0.023705   -0.029473    0.067883
0.01809    0.018458    0.037885
0.021859  0.00088688    0.001097
0.013733    0.024275   0.0028829
0.0090791    0.029142  -0.0061101
0.0098116    0.028018    0.037883
0.010668   -0.027741   -0.049912
0.01003   -0.026316   -0.054212
0.011519   -0.026807   -0.045806
0.01991   0.0024501    0.018789
0.004533   -0.029568   -0.054917
-0.007541   -0.032803   -0.054917
0.0045329   -0.029568   -0.038962
0.0074505     0.01194    0.067869
0.013931    0.019413    0.053874
0.0025019    0.020384    0.067883
-0.0089548    0.033297  -0.0046172
-0.0089694    0.033175   0.0073827
-0.018516    0.032363   0.0073826
-0.027242   -0.035108   -0.043091
-0.026654   -0.035053   -0.042443
-0.027055   -0.033096   -0.042312
0.01053    0.024357   0.0049307
0.01053    0.024357  0.00083517
0.010784     0.02341   0.0060407
0.0061241   -0.022938    0.020883
0.01396   -0.015381   -0.006117
-0.03203    0.025979    0.067883
-0.0018132   -0.024945    0.061765
0.0025463   -0.019113    0.067876
0.0056657   -0.013401    0.067997
-0.0089693    0.033175  -0.0061172
-0.0069903    0.035018  -0.0061172
0.0036431    0.031936  -0.0061171
-0.0027182   -0.026739    0.039883
0.0071961   -0.022021    0.039883
-0.019113   -0.031152    0.039883
-0.0048498   -0.032329  -0.0082352
-0.0071867   -0.032923   -0.011262
-0.0021939   -0.032476   -0.012515
0.019707   0.0062365     0.03788
0.01944  -0.0026169    0.037873
0.0214  -0.0030227    0.021841
0.02068  -0.0067473    0.037876
0.021252  -0.0037895    0.020083
-0.036205    0.027416   -0.043807
-0.036933    0.029267   -0.044087
-0.035448    0.029811   -0.042117
-0.034931    0.027879   -0.042118
0.021253  -0.0037895   0.0028829
0.019548  -0.0019725    0.016064
0.01985  0.00079179   0.0062439
0.019548  -0.0019725   0.0069022
0.017926  -0.0032461 -0.00095058
-0.0050151   -0.025811   0.0073827
-0.0046722   -0.027091   0.0073827
-0.0046722   -0.027091   0.0088827
-0.035735    0.029743    0.037883
-0.035731    0.029732   -0.042117
-0.037066    0.029284   -0.042123
0.0039691    0.024608    0.058412
-0.0044216    0.023878    0.067883
-0.0093555    0.027436    0.067883
-0.018982     0.03422   -0.013167
-0.035731    0.029732    0.037883
-0.0050152   -0.025811   0.0088827
0.013181    0.020268    0.017763
0.013515    0.019012    0.020083
0.017008    0.019883    0.020083
-0.018539    0.034338   -0.016145
0.01852   -0.005462    0.018035
0.018652  -0.0059542    0.020743
0.01852   -0.005462    0.022131
0.0060418   -0.022848    0.022383
0.0063045   -0.022886    0.037883
-0.0055033    0.037831   -0.016164
0.019537   -0.003463   0.0011154
0.019537   -0.003463   0.0046505
0.019727    -0.00417   0.0028829
0.01991   0.0024502   0.0041768
0.01991   0.0024501    0.001589
-0.032724    0.028397    0.040365
-0.032321    0.029734    0.055608
-0.00013629    0.019417    0.067883
0.012181    0.018197  0.00017328
-0.010089    0.034842     0.05336
-0.024507    0.033831    0.067883
-0.015819    0.032589    0.067883
-0.02037    0.031492    0.022383
-0.02037    0.031492    0.020883
-0.020027    0.030213    0.022383
0.01053    0.024357    0.022131
0.010398    0.024849    0.019423
0.01053    0.024357    0.018035
-0.035723    0.029732   -0.042475
-0.03493    0.027876   -0.042117
-0.035447    0.029808   -0.042117
-0.020369    0.031492   0.0088826
-0.018483    0.032179   0.0073826
-0.020369    0.031492   0.0073826
0.015999   -0.012667    0.037881
-0.036936    0.029246   -0.044087
-0.037072    0.029249   -0.042116
-0.035701    0.029753    -0.04216
-0.0056603   -0.029436  -0.0055082
-0.0045486   -0.030241  -0.0062422
-0.001944   -0.028856  -0.0058672
-0.00070646   -0.026169  -0.0063172
-0.0016888   -0.025404  -0.0063172
-0.0014126   -0.026699  -0.0063172
0.016666   0.0014559     0.01863
0.016666   0.0014559    0.021536
0.016595   0.0017203    0.020083
0.018622 -4.7373e-05   0.0011154
0.018433  0.00065961   0.0028829
0.018622 -4.7373e-05   0.0046505
0.016666   0.0014559     0.00143
0.016869  0.00069839   0.0055926
0.016666   0.0014559   0.0043359
0.0051157   -0.013194    0.067767
0.006895  -0.0078787    0.067883
0.010952   -0.011876    0.058146
-0.012899   -0.034835   -0.053639
-0.0068888   -0.033664   -0.054102
-0.0086913   -0.034147   -0.052336
-0.033857    0.031614    0.067959
-0.032986    0.032214    0.067883
0.014244    0.023684   0.0046406
0.014244    0.023685    0.018326
0.014818    0.022985    0.017748
0.01569      0.0182    0.018789
0.015284    0.019203    0.037886
0.01569      0.0182    0.021377
-0.016874   -0.031784    0.059883
0.017926  -0.0032461    0.023917
0.017176 -0.00044518    0.023676
0.017176 -0.00044517     0.01649
0.0075539   -0.029634   -0.042476
0.0059773   -0.026387   -0.040453
0.021547  -0.0021291    0.022418
0.0078931   -0.025878   -0.043745
-0.03296    0.028318    0.037882
0.011357    0.023899    0.022976
0.010398    0.024849    0.020743
0.0093746   -0.019039    0.050502
0.015601  -0.0085989    0.051185
0.016792   -0.011056    0.037852
-0.019382   -0.028209    0.059883
-0.016458   -0.028303    0.067883
-0.016475   -0.028405    0.059883
0.021859  0.00088664    0.021869
0.021691   -0.001056    0.022629
0.016291   0.0070666    0.058324
0.019818   0.0090985    0.048572
-0.00047327   -0.026354   -0.014353
-0.0013322   -0.026998  -0.0089172
-0.0016099   -0.025962  -0.0089172
-0.008697    0.033314    0.037885
0.0016214    0.030667  -0.0061171
0.01172    0.019932    0.015928
0.011436    0.023849    0.017019
0.014591    0.019933    0.016334
-0.0029127     0.03349    0.052235
-0.00026328    0.030523    0.058077
0.0022345   -0.025763  -0.0083461
0.002971   -0.027331   -0.010982
0.0036605    -0.02615   -0.011007
0.0058186    0.025927    0.058407
0.011143    0.019938    0.058083
0.011633    0.024958    0.048407
-0.016848    -0.03188    0.037883
0.0090928  -0.0087271    0.067883
0.0098735  -0.0029956    0.067883
-0.03203    0.025979    0.059882
-0.033024     0.02849    0.059883
0.0074315  -0.0023694    0.067883
0.0055446    -0.03054   -0.050092
0.0061841   -0.028949   -0.058214
-0.0091429   -0.031517   -0.010879
-0.01724   -0.033734    -0.04335
-0.0066666   -0.032891   -0.011395
-0.020027    0.030213   0.0088826
-0.0089694    0.033175   0.0088827
-0.013766    0.033052   0.0088827
-0.020026    0.030213  -0.0046173
-0.018483    0.032179  -0.0046173
0.021842  0.00036709   0.0052666
0.021445  -0.0029987   0.0048814
-0.005015   -0.025811  -0.0046172
-0.005015   -0.025811  -0.0061172
-0.0046721   -0.027091  -0.0046172
-0.0038895   -0.026976  -0.0052952
-0.00366   -0.026893  -0.0053662
-0.0039244   -0.027311  -0.0066072
-0.0058764    0.031952    0.053859
-0.016758    0.030614    0.067883
-0.02448    0.031815    0.067883
0.018771 -0.00059564    0.022403
0.021842  0.00036708    0.022467
0.018266  -0.0045146 -0.00027478
0.018266  -0.0045146   0.0060407
0.017926  -0.0032461   0.0067165
-0.019371   -0.028312    0.059883
-0.023705   -0.029473    0.059883
-0.0014433    -0.02661  -0.0064632
0.0013319   -0.026936  -0.0081782
0.0057475   -0.030278   -0.045029
-0.0022115    -0.03241   -0.012517
-0.01017   -0.034543   -0.045029
0.0056956    0.028707    0.037881
-0.024045    0.032151    0.060227
-0.027389    0.030982    0.059873
-0.022862    0.031204    0.049552
0.0125    0.016984    0.019756
0.0059865   -0.030214   -0.047583
-0.015722   -0.032218    0.053179
-0.0157     -0.0323    0.038883
-0.015544   -0.032882    0.053294
-0.0073859   -0.031001  -0.0079592
0.01241    0.023135    0.018315
0.012221    0.023842    0.020083
0.01241    0.023135    0.021851
0.0061242   -0.022938   0.0073828
-0.0026317   -0.026918  -0.0046172
-0.0026951   -0.026742   0.0073827
0.01908  -0.0017552  0.00038392
0.014809    0.019606    0.016722
0.014809    0.019606   0.0062439
-0.016694   -0.032454    0.052923
-0.016874   -0.031784    0.058984
-0.0089695    0.033175    0.022383
-0.013766    0.033052    0.022383
0.00052968   -0.026589   -0.019305
0.003877   -0.025189   -0.038917
0.0048869   -0.028958   -0.038916
0.0042614   -0.027793   -0.016433
0.005111   -0.026598   -0.016168
0.0041002   -0.026395   -0.012538
0.018885 -0.00099577  0.00038122
0.02185  0.00074501  0.00089514
0.0049404   -0.028965   -0.038913
0.0048847   -0.028957   -0.055124
0.0046094   -0.029691   -0.054934
0.011725    0.019926   0.0070739
0.01569      0.0182   0.0041768
0.014545    0.020007   0.0066878
0.01    0.023692    0.048433
0.0019423    0.029064    0.052748
0.012181    0.018197    0.022793
0.011874     0.01934     0.01649
0.012181    0.018197    0.017373
0.016345   -0.015469   -0.006117
-0.017098   -0.030948    0.049353
-0.017188   -0.030611    0.037884
0.013168  -0.0064851    0.057852
0.017339  -0.0010266  -0.0013081
0.019822  0.00031253 -0.00092187
-0.033304    0.029535    0.056025
-0.033283    0.029456    0.062382
-0.0034349   -0.026879  -0.0051702
-0.0024789   -0.027017  -0.0058312
-0.0032641   -0.027516  -0.0063132
-0.018483    0.032179    0.022383
0.016869  0.00069839    0.017373
-0.0080201   -0.029407    0.067883
-0.0044984   -0.026954    0.067883
-0.015243   -0.032071   -0.041117
-0.014535   -0.031882   -0.042884
-0.033151    0.028964    0.059883
-0.032975    0.028307    0.037883
-0.032751    0.027471    0.049274
0.0022642   -0.025823  -0.0082981
0.0059725   -0.024316  -0.0063171
2.2095e-05   -0.025911  -0.0063172
-0.020663    0.032885    0.038883
-0.032216    0.029338    0.038883
-0.0020021   -0.028427    0.046178
0.0073894   -0.024752    0.037897
-0.0013944   -0.026962    0.057691
-0.01161   -0.029952    0.059918
-0.0018858   -0.025071    0.060836
-0.0024911   -0.026209    0.050396
-0.0089549    0.033297   0.0088827
-0.0089695    0.033175    0.020883
-0.018516    0.032363    0.020883
-0.015687   -0.032349    0.038883
-0.0018739   -0.028082    0.049978
-0.015474    -0.03311    0.053043
-0.0034235    0.034695    0.037884
0.010784     0.02341    0.023241
0.010784     0.02341    0.016925
-0.013314   -0.034975   -0.043407
-0.01197   -0.031196   -0.043571
-0.0098154    0.034605  -0.0063172
-0.018217    0.031366  -0.0063173
-0.0095565    0.033639  -0.0063172
-0.0013926   -0.027739  -0.0061172
-0.0012154     -0.0284  -0.0061172
0.0029746   -0.024605    0.039883
-0.022872     0.03124    0.049547
-0.032557    0.026754    0.039896
-0.021304     0.03129    0.039883
0.010398    0.024849   0.0022233
-0.032942    0.028316    0.037883
-0.0034267    -0.02756  -0.0063642
-0.0013568   -0.027005  -0.0063872
-0.0037183   -0.027638  -0.0069262
-0.0024347    -0.02635    0.050342
0.0073266   -0.022162    0.039883
-0.002689   -0.026729    0.039883
0.019537   -0.003463    0.021851
0.019727    -0.00417    0.020083
-0.013789   -0.031604   -0.058673
-0.0092739   -0.031507   -0.060593
-0.014302   -0.032772   -0.056266
-0.031248    0.026729    0.059883
-0.027487    0.031009    0.059889
-0.031248    0.026729    0.067883
-0.032636    0.027043    0.037883
-0.018483    0.032179    0.037883
-0.011413    0.033207    0.037883
-0.033114     0.03269    0.066693
-0.033167    0.032888    0.067883
-0.01841    0.034636    0.055397
-0.015608   -0.032189   -0.041289
-0.005415   -0.022968    0.024646
-0.011121   -0.030967   -0.042884
0.0013283    0.032954    0.037883
-0.0026319   -0.026918   0.0088827
-0.0026952   -0.026742    0.020883
-0.033952    0.031955    0.067883
-0.018483    0.032179   0.0088826
-0.0043235    0.032558    0.039883
-0.0043858    0.032913    0.037864
-0.015882   -0.031621    0.038883
-0.0012153   -0.028403    0.038883
-0.0157     -0.0323    0.038883
-0.032727    0.031245    0.059535
-0.017176   -0.030616    0.039883
-0.01455   -0.034659   -0.041117
0.01795   -0.010127    0.048114
0.018456   -0.011863    0.037883
0.02141  -0.0029647    0.037871
-0.016947   -0.033552   -0.043446
-0.01815    -0.03285   -0.043186
-0.018652   -0.032881   -0.046445
0.019548  -0.0019725  -0.0011364
0.019099  -0.0043409 -0.00054038
-0.017853    0.033694  -0.0061173
-0.027239   -0.035162    -0.04212
-0.025485   -0.034816   -0.042117
-0.025486   -0.034816    0.037883
-0.018624   -0.032977   -0.042117
-0.0043235    0.032558    0.039883
-0.0043034    0.032564    0.037883
-0.027242   -0.035145    0.037883
-0.027242   -0.035148    0.037882
-0.024654   -0.034992    0.050585
-0.019809   -0.033295    0.037883
-0.0022036   -0.028578    0.037883
-0.0022033   -0.028577  -0.0050842
-0.005665   -0.029505  -0.0054762
-0.010192   -0.030718   -0.010674
-0.0085519   -0.030279  -0.0074982
-0.019027    0.034207    0.037883
-0.011555    -0.03007    0.059883
-0.014221   -0.031066    0.059883
-0.0055031    0.037831   -0.047117
0.018266  -0.0045146    0.016925
-0.017527   -0.028146    0.059883
-0.011078   -0.030231    0.062826
-0.01156   -0.030068    0.059883
-0.016475   -0.028405    0.067883
-0.01737   -0.032641   -0.053429
0.021691  -0.0010558    0.017537
0.021691   -0.001056   0.0054288
0.021859  0.00088665   0.0046693
-0.01807    0.034078    -0.01235
-0.018045    0.034469    -0.01617
-0.018584    0.034603   -0.016098
-0.018825    0.033444    0.038883
-0.021724    0.032536    0.037883
-0.0081196   -0.029345    0.067892
0.016539   0.0019085   0.0032099
0.0073728   -0.014275    0.067883
0.0091347   -0.017054    0.061692
0.018884 -0.00099579    0.017581
-0.017959    0.034087   -0.012516
-0.0055178    0.037885    -0.01616
-0.01806    0.034466   -0.016164
-0.018031    0.034356    0.038883
-0.018031    0.034355  -0.0061173
-0.0049857    0.035899   -0.014317
-0.0054911    0.037785   -0.014811
0.019287  -0.0034182    0.006546
-0.0074441    0.037311   -0.054617
-0.0049854    0.035899   -0.047117
-0.012747     0.03589   -0.060107
-0.0069265    0.035379   -0.054617
-0.019992    0.033949   -0.062117
-0.01223    0.033958   -0.060107
-0.019474    0.032017   -0.062117
-0.035723    0.029731   -0.042475
-0.035447    0.029808   -0.042117
-0.034913     0.02788   -0.062117
0.012221    0.023842   0.0028829
-0.036943    0.029237   -0.044308
-0.03573    0.029751   -0.042489
0.018652  -0.0059542   0.0022233
0.018652  -0.0059542   0.0035427
0.0203 -0.00071255    0.048507
0.015226  -0.0072708    0.057928
-0.013765    0.033052  -0.0046172
0.016869   0.0006984  0.00017331
0.017176 -0.00044517   0.0064757
0.017338  -0.0010344    0.024238
0.018724   -0.005977     0.02098
0.01905  -0.0045689    0.023147
-0.0076683   -0.032295   -0.060696
-0.014003   -0.032773   -0.056987
0.014809    0.019606   -0.000478
-0.033482    0.030207    0.037887
-0.018509    0.032276    0.037883
-0.033516    0.030325    0.037883
-0.033351     0.02971     0.06088
-0.033614    0.030691    0.049925
-0.032998    0.028394    0.037883
0.012384    0.017439   0.0043359
0.012384    0.017439     0.00143
0.012455    0.017175   0.0028829
0.011124    0.022141    0.023916
0.011124    0.022141    0.016249
-0.018509    0.032276  -0.0063173
-0.018693    0.032963  -0.0063173
0.019875  -0.0046218   0.0026701
0.021424   -0.002986  0.00097415
-0.019026    0.034207   -0.011976
0.0042691   -0.030674   -0.052336
0.0024666   -0.031157   -0.054102
-0.032974    0.028306    0.037883
-0.00082411   -0.026788    0.060675
0.0045342    -0.02956   -0.038872
-0.00036453   -0.026635   -0.017046
0.0048783   -0.028958   -0.038872
0.0065789   0.0055355    0.067883
0.0082921   0.0093912    0.067883
0.0054926    0.009285    0.067883
0.015303    0.022362    0.037883
-0.0012523   -0.023994    0.067883
0.00018186    -0.02539    0.067883
-0.002695   -0.026742  -0.0046172
0.0060421   -0.022848  -0.0046171
0.019287  -0.0034182    0.023746
0.019548  -0.0019725    0.024102
-0.017854    0.033694    0.038883
-0.018819    0.033435  -0.0061173
-0.018822    0.033434    0.038883
-0.0034864   -0.026784  -0.0052402
-0.0033031   -0.027424  -0.0063692
-0.0038506   -0.027259  -0.0066202
0.018753  -0.0056049   -0.006117
-0.018301    0.032557  -0.0063223
0.01208    0.024347    0.019848
0.016321     0.02097    0.017699
-0.020027    0.030213   0.0073826
-0.0052273   -0.028042   -0.017423
-0.003747   -0.027645  -0.0089172
0.0093096   0.0053439    0.067883
0.0018268    -0.02514    0.022383
-0.0026953   -0.026742    0.022383
-0.018031    0.034357    0.038883
-0.0082462    0.035134    0.037883
-0.018031    0.034354    0.037883
0.0060421   -0.022848  -0.0061171
-0.0023585   -0.027998  -0.0061172
-0.010089   -0.034887   -0.045024
-0.020027    0.030213    0.020883
-0.0075784    0.029147    0.067883
0.0025865   -0.019057    0.067883
0.0054206    -0.01325    0.067883
-0.0046723   -0.027091    0.020883
0.0055604   0.0091216    0.067442
0.0098636   -0.028331   -0.043491
0.010182   -0.025725   -0.042287
0.010772   -0.025171    -0.04107
0.01208    0.024347   0.0026484
0.013181    0.020268  0.00056318
0.016322     0.02097  0.00049922
-0.0095219   -0.029814    0.065102
-0.033953    0.031958    0.062797
-0.0089652   -0.031396   -0.010921
-0.0085378   -0.030138  -0.0075382
0.01652    0.018337    0.048247
-0.0013362   -0.026984  -0.0064002
-0.001694   -0.025648  -0.0063172
-0.016046   -0.034875    0.067883
-0.016534   -0.033053    0.052848
-0.0012167   -0.028397    0.038883
-0.0021749   -0.028673    0.038883
-0.0012361   -0.029354  -0.0062522
-0.016039   -0.034927    0.067883
-0.016093   -0.034687    0.067918
0.010784     0.02341 -0.00027482
-0.016157   -0.034463    0.067869
-0.019869   -0.033056    0.037894
-0.016692    -0.03246    0.037883
-0.020271   -0.035267    0.064346
-0.020026    0.030213  -0.0061173
0.013165    0.021849    0.016064
0.013165    0.021849   0.0069022
0.00937   -0.019414    0.047468
-0.016855   -0.031854    0.060879
-0.01721   -0.030528    0.037883
-0.017118   -0.030873    0.049405
-0.020674   -0.035786    0.067883
-0.020863   -0.035748    0.067299
-0.022115   -0.035942    0.067883
-0.0075703   -0.032952   -0.054938
-0.0081535    -0.03245   -0.038962
-0.0075503   -0.032857   -0.038962
-0.0013008   -0.027116  -0.0064192
-0.004663   -0.033067   -0.055229
0.011357    0.023899     0.01719
0.010398    0.024849   0.0035427
-0.018031    0.034355    0.037883
0.017008    0.019883   0.0028829
0.016596    0.020529   0.0010966
-0.014176   -0.034582    -0.03979
-0.01001   -0.034494   -0.042709
-0.0020331   -0.028534  -0.0052832
-0.0018321   -0.027126  -0.0062152
0.0054776    -0.03035   -0.050098
-0.010409   -0.034607   -0.047583
-0.0099    -0.03447   -0.050098
0.0025133   -0.024824    0.037883
-0.013766    0.033052    0.020883
-0.018483    0.032179    0.020883
0.015479    0.022127   0.0054288
0.015479    0.022127    0.017537
0.016596    0.020529    0.018297
0.016669   -0.010966    0.037883
0.016596    0.020529    0.004669
-0.01713   -0.033639   -0.050582
0.0088435   -0.028518   -0.038574
0.018724   -0.005977    0.019186
0.017339  -0.0010266    0.015892
0.01905  -0.0045689    0.017019
0.0097217   -0.028232   -0.043598
0.0058314   -0.030533   -0.045028
0.011119   -0.027149   -0.043509
0.014657     0.02375    0.000658
-0.023448    0.032091     0.06489
-0.019114   -0.031151    0.039883
0.017338  -0.0010344   0.0070379
0.019825   0.0004007   0.0066321
-0.031182     0.02665    0.059883
-0.033668    0.025106    0.067883
0.010449    0.024905     0.02098
0.011725    0.019926    0.024274
0.011436    0.023849    0.023147
-0.0011882   -0.029324  -0.0061042
0.0032015   -0.028171   -0.010982
-0.0021422    0.025269    0.067883
-0.022747   -0.033357    0.060917
0.0092486   -0.023726  -0.0074191
0.0089533   -0.022624  -0.0074141
-0.016874   -0.031784    0.060883
-0.023718   -0.033618    0.062086
0.013326    0.019719   0.0011154
0.013515    0.019012   0.0028829
0.019051  -0.0045689 -0.00018078
-0.02485   -0.033921    0.065371
-0.0081414   -0.032446   -0.055124
0.010836   -0.025018    -0.04158
0.021547  -0.0021287    0.017748
-0.0099545   -0.024184    0.031119
-0.0076848   -0.023576    0.023883
-0.0099545   -0.024184    0.024646
-0.002181   -0.032506   -0.012516
0.012868    0.021427  0.00038387
-0.019027    0.032137    0.029883
-0.018509    0.032276    0.027883
-0.020441    0.031758    0.031347
-0.035214      0.0278    0.037883
-0.019027    0.032137    0.025883
-0.018605     0.03225  -0.0063173
-0.017273    0.028209    0.027883
-0.019573    0.031993    0.024971
-0.018518    0.032274    0.028998
-0.009433   -0.034374     -0.0411
-0.011875   -0.034644   -0.038337
-0.010024   -0.030691   -0.040938
-0.020441    0.031758    0.024419
-0.022373     0.03124    0.023883
-0.024643    0.030632    0.024647
0.019007  -0.0046512    0.022976
0.021859  0.00088687    0.018297
-0.018543    0.034397   -0.015879
-0.018698     0.03296  -0.0063173
-0.018393    0.032455  -0.0063383
-0.019026    0.034208   -0.011977
-0.0026928    -0.02675  -0.0052892
-0.0022306   -0.028523  -0.0051232
0.013079    0.020672   0.0053847
0.012124    0.024307   0.0030958
0.014283    0.023665   0.0047917
-0.0022001   -0.028589  -0.0052862
-0.002712   -0.026679  -0.0052322
-0.0027213   -0.026646    0.037883
-0.0027166   -0.026687  -0.0051722
0.0016547   -0.028599  -0.0079352
0.0023531   -0.030368   -0.011262
0.003188   -0.028173    -0.01093
0.01908  -0.0017552   0.0053821
-0.019371   -0.028312    0.067883
-0.011571    0.033258    0.039885
-0.021304     0.03129    0.039883
-0.0034453    -0.02684  -0.0050202
-0.0027212   -0.026646    0.027883
-0.0027209   -0.026646  -0.0050202
-0.012828   -0.031424   -0.043617
-0.0032388   -0.026784    0.029883
-0.0032388   -0.026784    0.025883
-0.0036839   -0.022505    0.027883
-0.003784   -0.026933    0.030794
-0.0027295   -0.026649    0.026767
-3.6206e-05    -0.03099  -0.0080642
-0.004653   -0.027163    0.031347
-0.0065849   -0.027681    0.031883
-0.0088552   -0.028289    0.031119
-0.034522    0.026353    0.039882
0.0040491   -0.026345   -0.012558
0.0028745   -0.027323    -0.01103
0.0034232   -0.027611   -0.012517
0.014818    0.022984    0.022418
0.015479    0.022127    0.022629
0.014545    0.020007    0.023888
-0.01026   -0.028666    0.029118
-0.026002   -0.032884   -0.042093
-0.033086    0.028723    0.049392
-0.034863    0.028265    0.049422
-0.03334    0.029671    0.060892
-0.0050153   -0.025811    0.020883
-0.0046723   -0.027091    0.022383
-0.017637   -0.031957      0.0609
-0.016836   -0.031925    0.060883
-0.017257   -0.030349    0.037889
0.0067991    0.013284    0.067883
0.0039852     0.01289    0.067883
-0.017856    0.033701    0.038883
-0.020745    0.033608    0.038883
-0.020327   -0.031363    0.037883
-0.018509    0.032365    0.022386
0.018724   -0.005977   0.0037796
0.019051  -0.0045689   0.0059466
0.0046935   -0.027736    -0.06004
-0.033688    0.029693    0.060883
-0.034522    0.026352    0.039883
-0.032636    0.027041    0.037883
-0.034518     0.02634    0.037883
0.014295    0.023687    0.018085
0.013733    0.024275    0.020083
-0.012986   -0.034641   -0.038819
-0.0018276   -0.027111  -0.0062552
-0.0012915   -0.027045  -0.0063212
0.018266  -0.0045146    0.023241
0.01852   -0.005462  0.00083523
0.01852   -0.005462   0.0049307
0.006991   -0.029794   -0.041687
0.0079744   -0.029419   -0.043197
-0.03371      0.0252    0.059883
0.0092966   -0.020407    0.037883
-0.017184   -0.030624    0.037883
0.01985  0.00079178    0.016722
0.017545  -0.0018237    0.016097
-0.0021756   -0.028671    0.038883
-0.025628    0.031507    0.059577
-0.027486    0.031009    0.059891
0.021445  -0.0029987    0.022081
0.0018268    -0.02514    0.020883
-0.0089693    0.033175  -0.0046172
-0.03371      0.0252    0.067883
0.011124    0.022141 -0.00095062
0.011505    0.020719  -0.0011028
0.011124    0.022141   0.0067165
-0.026884   -0.033069   -0.042121
-0.027413   -0.033125   -0.042704
-0.027408    -0.03313   -0.042117
0.0083956   -0.023835  -0.0069671
0.0041113   -0.026422   -0.012525
0.010296   -0.023796  -0.0087831
0.0042093    0.028503    0.048224
-0.026787    -0.03305    -0.04206
-0.02741   -0.033132   -0.042121
0.0072622   -0.021959    0.037883
0.0093042   -0.020417    0.037883
-0.038043    0.024039    0.067883
-0.0047018    -0.02791   -0.017004
-0.003747   -0.027645  -0.0073132
0.012124    0.024307    0.020296
0.018724   -0.005977   0.0019863
-0.017527   -0.028146    0.067883
0.011505    0.020719   0.0068687
-0.035213      0.0278   -0.042117
-0.03493    0.027876   -0.042117
-0.013809   -0.031691   -0.038718
0.011195    -0.02721   -0.043491
0.014627    0.017501    0.048246
0.017405    0.014825    0.037883
0.0085561    0.026461    0.037883
0.013709    0.021153    0.037883
-0.0050153   -0.025811    0.022383
0.0060419   -0.022848    0.020883
-0.036281     0.02744   -0.042123
-0.035208    0.027811   -0.042477
-0.027068     0.03298    0.057898
-0.032085    0.028899    0.038905
-0.033083    0.032574    0.066732
0.014809    0.019606    0.023444
-0.023542    0.026527    0.024646
-0.023542    0.026527    0.031119
-0.024947    0.026151    0.026646
-0.027047    0.032897    0.057916
-0.0069195    0.035628  -0.0073082
-0.0061085    0.034735  -0.0076452
-0.036282    0.027441    0.037883
-0.035216    0.027809   -0.042123
0.012868    0.021427    0.017584
0.012868    0.021427    0.022582
0.013326    0.019719    0.021851
0.0024354    0.030802    0.054116
-0.036203     0.02739   -0.043812
0.0054635    0.030125    0.048158
-0.036922    0.029232   -0.044085
-0.036025    0.027458   -0.044119
0.018515   -0.010756      0.0459
0.010962   -0.022269    0.037874
0.017926  -0.0032461    0.016249
0.021691  -0.0010558  0.00033715
0.015479    0.022127  0.00033711
-0.01882    0.033435    0.037883
-0.038054    0.026094   -0.047283
-0.039283    0.027671    -0.04744
-0.038123    0.026033     -0.0474
-0.039317    0.027642    -0.04749
0.0057829   -0.030379   -0.045026
-0.017091   -0.033602   -0.050193
0.013326    0.019719    0.018315
0.010795   -0.027099   -0.042697
0.0046031   -0.029032   -0.055407
-0.0078695   -0.032376    -0.05542
0.0045818   -0.029689   -0.054959
0.0029724   -0.027339   -0.010998
0.014295    0.023687  0.00088471
-0.018457    0.032083   -0.011105
-0.018302    0.031504  -0.0063173
-0.018457    0.032083  -0.0063173
-0.001588    0.028841    0.057998
0.016517    0.020647    0.004871
0.0040995   -0.027872   -0.014954
0.0052256   -0.028128   -0.019204
0.0096549   -0.026435   -0.038829
0.01985  0.00079179 -0.00047797
-0.026   -0.032898    0.037883
0.012216    0.022971    0.023746
-0.025277   -0.033025    0.049594
-0.025999   -0.032905    0.037882
-0.026003   -0.032884   -0.042076
-0.0080762   -0.029426    0.067883
-0.0095303    -0.02847    -0.03889
-0.019141   -0.031046   -0.042117
0.017545  -0.0018237    0.024069
0.014244    0.023684    0.021841
-0.0065848   -0.027681    0.023883
-0.0039501   -0.026975  -0.0053662
-0.0042037   -0.027043  -0.0062752
-0.004218   -0.027047  -0.0088902
-0.026003   -0.032884    0.037883
-0.01026   -0.028666    0.026648
-0.0088551   -0.028289    0.024647
0.016093  -0.0092685    0.048066
-0.018354    0.032146   -0.013153
-0.018225    0.032311   -0.011084
-0.018626    0.032186    -0.01426
-0.020363   -0.031231    0.037887
0.019825  0.00040069    0.023832
-0.019116   -0.031141    0.037883
-0.017182   -0.030632    0.039883
0.010802   -0.023022   -0.047117
0.0040621   -0.024828    -0.05532
0.010802   -0.023022   -0.014317
0.0040891   -0.024821    -0.03889
-0.0046529   -0.027163    0.024419
0.01569      0.0182    0.001589
-0.0034163   -0.027036  -0.0050392
-0.017763    0.032494  -0.0063173
0.014818    0.022984   0.0052178
-0.0042637   -0.027241  -0.0065732
-0.0094796   -0.028457   -0.055384
-0.023306    0.033109    0.048411
-0.019141   -0.031046    -0.06122
-0.0091468   -0.028368   -0.055689
0.0057136    -0.02335  -0.0063171
0.0037676   -0.024907   -0.055665
0.012216    0.022971     0.01642
0.012216    0.022971    0.006546
0.0035581   -0.024963   -0.060107
0.0088613   -0.023542   -0.054617
-0.00026249   -0.025987   -0.014317
-0.01459   -0.030794    0.059922
-0.0014825   -0.025279  -0.0063172
-0.001398   -0.025594  -0.0089272
0.011307   -0.024908   -0.014811
0.011133   -0.024256    -0.01132
0.010705    -0.02266   -0.011317
0.0099721   -0.022532  -0.0088091
-0.012788   -0.034943    -0.04346
-0.01126   -0.034765   -0.043531
0.0081408   -0.022786  -0.0069821
0.011579    -0.02592   -0.047117
0.011326   -0.024978   -0.043916
-0.004788   -0.027924   -0.016925
-0.00028926   -0.026719   -0.016927
0.011398   -0.025246   -0.045962
-0.0011918   -0.029364  -0.0061782
0.011533   -0.025748   -0.047053
0.0096378    -0.02644   -0.054617
-0.019141   -0.031046   -0.062117
-0.0036863   -0.026905   -0.062117
0.0043345   -0.027861   -0.060107
-0.019113   -0.031038   -0.061556
-0.018842    0.033489    0.037883
-0.007205   -0.029999   -0.062117
-0.0029098   -0.029802   -0.062117
0.016539   0.0019085     0.02041
-0.0074385   -0.031042  -0.0078862
-0.019398   -0.031108   -0.061461
-0.019141   -0.031046   -0.062031
-0.018628   -0.032962   -0.062116
-0.018256    0.032058    -0.01211
-0.018057    0.031362  -0.0063173
0.006389   -0.026275   -0.039769
-0.027419    0.031053    0.059878
0.016596   0.0017203   0.0028829
-0.001393   -0.027739    0.038883
-0.0012163   -0.028399    0.038883
-0.012797    0.033137    0.039883
-0.021309    0.031289    0.039883
-0.0011355   -0.024124    0.067889
0.0043421   -0.027812   -0.016421
0.010119   -0.026469   -0.038718
0.005128   -0.026613   -0.016164
0.019822  0.00031251    0.016278
0.011357    0.023899   0.0057757
-0.0045343    -0.03026  -0.0061552
-0.0075284   -0.023549    0.032336
-0.011063   -0.024481    0.030103
-0.010578   -0.028751    0.028143
-0.006687   -0.027708    0.032185
-0.0076848   -0.023576    0.031883
0.0035885   -0.028287   -0.012453
0.0034717   -0.028282   -0.012024
-0.010767   -0.024402    0.025241
-0.0067576   -0.027727     0.02337
0.013165    0.021849    0.024102
-0.0075518   -0.023547    0.023416
-0.0065143   -0.027657     0.02362
-0.018699    0.032225    -0.01431
-0.0075272   -0.032926   -0.054956
-0.021124     0.02719     0.02343
-0.018562    0.032254   -0.014263
-0.026047    0.030256    0.026648
-0.024651     0.02623    0.025663
-0.026366     0.03017    0.027622
-0.022475    0.031213     0.02358
-0.021273    0.027135    0.023883
-0.026047    0.030256    0.029118
0.016869  0.00069839    0.022793
-0.024643    0.030632    0.031119
-0.024355    0.026309    0.030524
-0.022545    0.031194    0.032395
-0.022373     0.03124    0.031883
-0.021273    0.027135    0.031883
-0.021143    0.027177    0.032349
-0.022299    0.031255    0.032145
0.0031572   -0.027663    -0.01259
-0.036213    0.027541     0.04366
-0.036284    0.027444    0.037882
-0.03487    0.027892    -0.05892
0.0029822   -0.027371   -0.011002
0.01172    0.019932   -0.001272
0.011436    0.023849 -0.00018082
0.014592    0.019933  -0.0008662
-0.035175    0.027813   -0.042471
-0.036027    0.027459   -0.044121
-0.034878     0.02789   -0.057949
0.00015188   -0.026601   -0.017433
0.011436    0.023849   0.0059466
0.01045   -0.024838   -0.039991
-0.035441    0.029789   -0.062117
-0.0048887    0.035537   -0.011317
-0.0053163    0.037133    -0.01132
-0.0054593     0.03506  -0.0088092
-0.0071724    0.034364  -0.0069822
-0.011083   -0.030232    0.062819
0.019287  -0.0034182     0.01642
-0.024947    0.026151    0.029119
-0.019113   -0.031152    0.039883
0.018771 -0.00059563   0.0052027
0.0125    0.016984   0.0025558
0.011356   -0.026033   -0.046991
0.0048864   -0.028956   -0.038917
0.0048865   -0.028956   -0.055117
-0.018541    0.032658  -0.0063173
-0.02197    0.033164    0.038883
-0.0090016   -0.031437   -0.010933
-0.011359    -0.02456    0.029119
-0.011359    -0.02456    0.026646
-0.017599     0.02812    0.029119
-0.019003    0.027743    0.024646
-0.017599     0.02812    0.026646
-0.005562   -0.028221   -0.019292
-0.0081556   -0.032442   -0.038917
-0.0091628   -0.028683   -0.038917
-0.0081533    -0.03245   -0.055117
-0.0091627   -0.028682   -0.055117
-0.0081548   -0.032444   -0.038918
-0.019003    0.027743    0.031119
-0.018535     0.03223  -0.0063173
0.012868    0.021427   0.0053821
-0.0093377   -0.028365   -0.055565
-0.0095335   -0.028943   -0.055205
-0.0089136   -0.028714   -0.055786
-0.0038506   -0.027259  -0.0089172
-0.034811    0.029366    0.060887
-0.035786    0.028182    0.052207
-0.0048394   -0.027872   -0.016973
-0.0060627   -0.028796   -0.022362
-0.0052739   -0.027998   -0.017549
-0.017107   -0.032495    0.064377
-0.016588   -0.032919    0.067884
-0.016714   -0.032384    0.064351
0.01924    0.015619    0.037883
-0.016587   -0.032923    0.067883
-0.017586   -0.032147    0.060883
0.0038771   -0.025188   -0.055117
-0.02657    -0.03327    0.050364
-0.02303   -0.033433    0.061165
-0.023961   -0.033761    0.062539
-0.02303   -0.033434    0.061158
-0.022646    -0.03333    0.060883
0.006042   -0.022848   0.0073828
0.0098873   -0.027303   -0.038829
-0.013766    0.033052   0.0073827
0.009697   -0.025389   -0.038994
-0.0043276    0.032557    0.039883
-0.018633   -0.032937   -0.062116
-0.026362   -0.035012   -0.042117
-0.018449    -0.03293   -0.044618
-0.018624   -0.032977   -0.047116
0.01132   -0.024954   -0.042837
0.01132   -0.024954   -0.016164
0.021424   -0.002986    0.018174
0.0041315   -0.026505    -0.01251
0.011334   -0.025008    -0.01616
0.010823   -0.024987   -0.040936
0.011555   -0.025511   -0.046728
0.010766   -0.025575   -0.042363
0.0078915   -0.025873   -0.038678
0.010798   -0.027107   -0.042698
0.011598   -0.026008   -0.047099
0.010553   -0.026195   -0.042697
0.010449    0.024905    0.019186
0.011478   -0.026757   -0.045809
0.010672   -0.020423    0.050239
0.011126    -0.02423   -0.011317
0.011204   -0.024521   -0.012526
-0.0083204   -0.029892   -0.062031
-0.013824   -0.031691   -0.058706
-0.0085466   -0.030277   -0.062117
0.010698   -0.024902   -0.040444
-0.0053093    0.037107   -0.011317
-0.0053874    0.037398   -0.012526
-0.0058115    0.036316  -0.0087832
-0.017543    0.032535  -0.0063173
-0.0074764      0.0354  -0.0069672
-0.017944    0.034034   -0.012526
-0.035173    0.027808   -0.042474
-0.03601    0.027484    -0.04413
-0.036922    0.029271   -0.044091
-0.027455    0.031053    0.059882
-0.03493    0.027876   -0.042117
-0.035173    0.027808   -0.042475
-0.034929    0.027876   -0.055269
-0.002627   -0.026932    0.022383
0.010418   -0.025196   -0.042523
0.0088911   -0.025605   -0.043569
-0.03317    0.032899    0.067882
0.019875  -0.0046218     0.01987
-0.0017362   -0.027094  -0.0062922
0.010449    0.024905   0.0037796
-0.033155    0.028977    0.059887
-0.021984    0.033204    0.038882
0.010449    0.024905   0.0019863
0.0018269    -0.02514   0.0073828
-0.0081822   -0.032465   -0.038913
-0.0047794   -0.027818   -0.017058
-0.0060058   -0.028768   -0.022404
-0.014009   -0.034878    -0.04257
-0.019143    -0.03104   -0.061227
-0.026838   -0.033043   -0.042077
-0.019139   -0.031055   -0.042117
0.0018271    -0.02514  -0.0046171
-0.027488     -0.0332    -0.04304
-0.034522    0.026353    0.039882
-0.03264    0.027056    0.039882
0.0011855   -0.026841   -0.022404
-0.0075411   -0.032803   -0.038962
-0.020162   -0.030986   -0.061116
-0.019364   -0.031099    -0.06143
-0.018618   -0.032984   -0.062122
-0.0012157   -0.028401    0.037883
0.0032085   -0.028212   -0.011006
-0.032632    0.027028    0.037884
-0.0079041   -0.032423   -0.055566
-0.0082458   -0.032497   -0.055149
0.0045967   -0.029033   -0.055417
0.0035874   -0.025266   -0.055417
-0.0078636   -0.032372   -0.055417
0.016596    0.020529    0.021869
0.0050406   -0.028955   -0.055169
0.0046331   -0.029046   -0.055518
-0.008873   -0.028605   -0.055417
0.0039288    -0.02481   -0.055504
0.0037124   -0.025393   -0.055842
0.0042586   -0.025185   -0.055184
-0.010175   -0.030611   -0.010686
-0.016873   -0.033497   -0.043456
-0.016856   -0.031779    0.058928
-0.014475   -0.031141    0.059883
0.010601   -0.021924    0.037883
-0.0089964   -0.031433    -0.01092
-0.020275  0.00022678    0.097883
0.0022416   -0.012773    0.097883
0.0055025   -0.003167    0.097883
0.0048391    0.006956    0.097883
0.00035229    0.016054    0.097883
-0.0072749    0.022743    0.097883
-0.016881    0.026004    0.097883
-0.027004    0.025341    0.097883
-0.036103    0.020854    0.097883
-0.042792    0.013227    0.097882
-0.046053   0.0036205    0.097882
-0.045389  -0.0065025    0.097882
-0.040902   -0.015601    0.097882
-0.033275    -0.02229    0.097883
-0.023669   -0.025551    0.097883
-0.013546   -0.024887    0.097883
-0.0044472     -0.0204    0.097883
F
45   573  1644
45  620  573
45  635  620
45   707  1831
45  1644   707
45  1831   635
303  560  570
303  561  571
303  562  569
303  569  576
303  570  562
303  571  560
303  573  561
303   576  1210
303  1210   573
455  456  487
455  458  522
455  465  456
455  466  467
455  467  465
455  487  458
455  522  466
456  465  467
456  467  485
456  485  487
458  460  522
458  487  460
460  487  490
460   490  1864
460  520  522
460  1864   520
462   520  1864
462  521  520
462  1864   521
464  520  521
464  521  522
464  522  520
466  522  467
467  488  485
467  521  530
467  522  521
467  530  565
467  565  488
483  486  498
483  487  486
483  489  487
483   498  1866
483  1865   489
483  1866  1865
485  486  487
485  488  630
485  630  486
486  496  498
486  555  496
486  630  555
487  489  490
488  565  643
488  624  630
488  643  650
488  650  651
488  651  624
489  1865   490
490  1865  1864
494   496  1327
494  498  496
494  1327  1867
494  1867   498
496  555  556
496   556  1327
498  1867  1866
503  556  613
503  613  682
503   682  1325
503  1325  1868
503  1327   556
503  1867  1327
503  1868  1867
508   509  1860
508  576  597
508  597  509
508  1178  1206
508  1199  1178
508  1206  1208
508  1208  1210
508  1210   576
508  1808  1199
508  1860  1808
509   511  1861
509  533  511
509  537  533
509  550  537
509  568  550
509  597  568
509  1861  1860
511   533  1862
511  1862  1861
521  1863   530
521  1864  1863
529   530  1863
529  1862   530
529  1863  1862
530  533  567
530  567  565
530  1862   533
533  537  550
533  550  567
550  564  567
550  568  564
555  623  556
555  630  631
555  631  623
556  623  613
559  560  561
559  561  573
559  573  647
559  641  560
559  647  641
560  562  570
560  571  561
560  641  562
562  563  566
562  564  569
562  566  564
562  641  642
562  642  563
563  565  567
563  567  566
563  642  643
563  643  565
564  566  567
564  568  569
568  576  569
568  597  576
573  620  647
573  1210  1212
573  1212  1644
613  623  633
613  633  933
613  933  682
620  625  626
620  626  647
620  628  639
620  635  628
620  639  625
622  623  631
622  624  644
622  628  635
622  631  624
622  633  623
622  635  633
622  644  645
622  645  628
624  631  630
624  651  644
625  628  626
625  639  628
626  628  645
626  645  646
626  646  647
633   635  1831
633  1831   933
641  644  642
641  645  644
641  646  645
641  647  646
642  644  650
642  650  643
644  651  650
655  656  818
655   818  1466
655  1466   656
656   657  1206
656  723  755
656  755  818
656  1206   723
656  1208   657
656  1210  1208
656  1212  1210
656  1466  1644
656  1644  1212
657  1208  1206
682   692  1311
682  706  708
682   708  1359
682  933  706
682  1311  1325
682  1359  1389
682  1389   692
692   693  1868
692  1359   693
692  1389  1359
692  1868  1311
693   948  1088
693  1088  1547
693  1260  1869
693  1359   948
693  1547  1785
693  1785  1260
693  1869  1868
698   699  1246
698   755  1549
698   819  1781
698  854  819
698  998  854
698  1246   998
698  1549   699
698  1781   755
699   998  1246
699  1549   998
706  707  708
706   933  1229
706  1229   707
707  988  708
707  1229  1831
707  1466   988
707  1644  1466
708   987  1359
708  988  987
714  1260  1785
714  1546  1854
714  1785  1546
714  1854  1869
714  1869  1260
722   723  1178
722   815  1361
722  1178   815
722  1361   723
723  756  755
723   812  1753
723  1206  1178
723  1298  1337
723  1336   812
723  1337  1336
723  1361  1298
723  1753   756
750  754  755
750  755  756
750  756  961
750   961  1009
750  1009   754
754  813  755
754  997  813
754  1009   997
755   813  1050
755  1050  1549
755  1781   818
756   964  1221
756  1009   961
756  1153  1009
756  1221  1153
756  1753   964
767  1152  1546
767  1517  1152
767  1546  1785
767  1547  1517
767  1785  1547
812  1258  1303
812  1303  1753
812  1336  1361
812  1361  1258
813   997  1050
815   816  1361
815  1178  1199
815  1199   816
816   980  1258
816  1138  1543
816  1199  1138
816  1258  1361
816  1543   980
817   818  1781
817   819  1517
817  987  988
817  988  818
817  1293  1480
817  1480   987
817  1517  1293
817  1781   819
818   988  1466
819   854  1152
819  1152  1517
825   980  1857
825  1303   980
825  1857  1303
854   998  1489
854  1153  1221
854  1221  1546
854  1489  1153
854  1546  1152
896  897  898
896   898  1859
896   973  1099
896  1099  1199
896  1134   897
896  1199  1134
896  1859   973
897  1134  1199
897  1199  1808
897  1808  1860
897  1859   898
897  1860  1859
933  1831  1229
948  1293  1088
948  1359  1480
948  1480  1293
962  1009  1153
962  1153  1489
962  1185  1009
962  1489  1185
964  1303  1856
964  1753  1303
964  1855  1221
964  1856  1855
973  1138  1099
973  1541  1543
973  1543  1138
973  1858  1541
973  1859  1858
980  1303  1258
980  1541  1858
980  1543  1541
980  1858  1857
987  1480  1359
997  1009  1185
997  1185  1549
997  1549  1050
998  1185  1489
998  1549  1185
1088  1293  1547
1099  1138  1199
1221  1855  1546
1293  1517  1547
1298  1361  1337
1303  1857  1856
1311  1868  1325
1336  1337  1361
1546  1855  1854
1854  1855  1856
1854  1856  1869
1856  1857  1858
1856  1858  1863
1856  1863  1869
1858  1859  1860
1858  1860  1863
1860  1861  1862
1860  1862  1863
1863  1864  1865
1863  1865  1867
1863  1867  1869
1865  1866  1867
1867  1868  1869
