19 
r_lower_leg 
V
-0.0018211    0.045235     0.10798
-0.0018211    0.041313     0.10897
-0.001821    0.046511     0.10613
-0.0018221   -0.038982  -0.0059018
-0.0048197     -0.0415    0.028102
-0.0018207   -0.041565      0.0281
-0.015544    -0.04072      0.1271
-0.015743    -0.04295      0.1273
-0.0093848   -0.041055     0.13386
-0.011859   -0.030055   -0.082896
-0.008236    -0.03282   -0.064112
-0.001831    -0.03096   -0.082796
-0.023866    0.041729     0.11776
-0.024114    0.040649     0.11848
-0.018856    0.041831     0.12303
-0.008321    -0.03314      0.0826
-0.019419    -0.03314    0.078006
-0.010224    -0.03314    0.087195
-0.022744   -0.042523     0.11855
-0.014927   -0.044002      0.1266
-0.015189   -0.043435     0.12679
-0.0087998    0.044909    0.078205
-0.007317    0.044903    0.082566
-0.010664    0.044192    0.076317
-0.0077565    0.044429    0.082631
-0.0098712     0.03736     0.08755
-0.0078209     0.03736      0.0826
-0.0028215   -0.043061     0.13823
-0.037414   -0.027433    0.049418
-0.036065   -0.027292    0.050553
-0.037746   -0.022396    0.049171
-0.0022061    0.038383     -0.0799
-0.0021913    0.038452     -0.0779
-0.0036443    0.038978     -0.0779
-0.0018215   -0.040999     0.13872
-0.0018228   -0.043003     0.13873
0.0011785   -0.039877      0.1321
0.0011785   -0.039877      0.1341
0.0011785    -0.04101      0.1341
-0.0028211   -0.044059     0.11264
-0.0018215   -0.043073     0.13873
-0.0028214   -0.043034     0.13823
-0.0036448   -0.034074     -0.0439
-0.0022066   -0.033478     -0.0419
-0.0021917   -0.033548     -0.0439
-0.01613    0.039075   -0.053141
-0.019849     0.03827    -0.05602
-0.019196    0.037759   -0.056247
-0.0048211   -0.043755      0.0661
-0.0048202   -0.045131      0.1001
-0.0018228   -0.043826    0.066099
0.0011787   -0.043739      0.1001
0.0011787   -0.043739      0.1021
0.0011787   -0.044977      0.1021
-0.017236    0.043859    0.075483
-0.012507    0.044601    0.075507
-0.014767    0.043755      0.0756
-0.014554   -0.042861    0.075089
-0.017509   -0.033648    0.075811
-0.0098713    -0.03364     0.07765
-0.0036445    -0.03001     -0.0799
-0.0036057    -0.03007     -0.0779
-0.0022063   -0.029415     -0.0779
-0.0018234   -0.041255     0.13413
-0.0094021   -0.041145     0.13386
-0.017344   -0.044076     0.10595
-0.0048212   -0.045204      0.1021
-0.034597   -0.026724    0.050332
-0.027009    -0.02194   -0.072907
-0.037246   -0.014085    0.049101
0.0011802    0.038952     -0.0779
0.0011803    0.040051     -0.0799
0.0011802    0.040189     -0.0779
-0.0018213   -0.042001      0.1095
-0.014942   -0.041213     0.10941
-0.0048213   -0.041347      0.1321
-0.020898   -0.039789     0.12104
-0.015779   -0.043002     0.12726
-0.015508    0.042551     0.12706
-0.010763    0.042366     0.13263
-0.0028727    0.042928     0.13807
-0.0093741    0.040301     0.13386
-0.0027791    0.042295     0.13816
-0.015811    0.042212     0.12734
-0.0028213   -0.047471     0.10508
-0.0018213    -0.04733     0.10506
-0.0018213   -0.046362     0.10799
-0.0048462   -0.031424   -0.077903
-0.0068562   -0.033415   -0.059956
-0.0047702   -0.035298   -0.043899
0.00067951   -0.036952  -0.0078998
-0.0028211   -0.036952  -0.0058998
0.00067949   -0.036952  -0.0058998
-0.015544    0.040039      0.1271
-0.02131    0.039139     0.12068
-0.016138    0.042396     0.12761
-0.0022077    0.038528      0.1321
-0.0021928    0.038598      0.1341
-0.0036459    0.039124      0.1341
-0.0018214   -0.045241      0.1021
-0.021194    0.039922      0.1089
-0.021289    0.039271     0.12073
-0.0048212   -0.045039      0.1001
-0.0048212   -0.045039      0.1021
-0.003607   -0.043825      0.1021
-0.020581    -0.04147    0.078622
-0.021821    -0.03364      0.0826
-0.0018213    0.042226     0.13872
-0.0018213     0.04022     0.13872
-0.0048216    0.040466      0.1341
-0.032939     0.03461     0.10903
-0.030754     0.03461     0.10772
-0.030722     0.03461     0.11267
-0.0022074    0.042653      0.1001
-0.0021926    0.042723      0.1021
-0.0036456    0.043249      0.1021
-0.036488   -0.031868     0.11116
-0.03548   -0.030389     0.11116
-0.035524   -0.030331     0.10951
-0.0018213    0.040497      0.1341
-0.012731    0.040521   -0.053446
-0.0092236    0.027859   -0.055304
-0.008572    0.041036   -0.056065
-0.010223     0.03686    0.078005
-0.019419     0.03686    0.078006
-0.014822     0.03686      0.0761
-0.0029763   -0.033654     -0.0419
-0.0048487   -0.035546     -0.0419
0.0010665   -0.033661     -0.0419
-0.0028237    0.043111   -0.082851
-0.01197    0.042477   -0.082906
-0.017693    0.045995   0.0083011
-0.010296   -0.043996    0.088319
-0.009872    -0.03364    0.087551
-0.015577   -0.043337    0.089743
-0.0018215    0.040602      0.1321
-0.0048212    0.040568      0.1321
-0.0021913    0.038452     -0.0799
0.00068022    0.038452     -0.0779
-0.029179    0.041489    0.033095
-0.02057    0.039613   -0.074478
-0.018177    0.040668   -0.076623
-0.014916    0.041288   -0.081838
-0.0021918     0.04216  -0.0079003
0.00067972     0.04216  -0.0079003
0.0006797     0.04216  -0.0059003
-0.0028274    0.047778   0.0092666
-0.024092      0.0454     0.10502
-0.0028263    0.047827     0.10503
-0.002976    -0.02959     -0.0799
0.0010668   -0.029598     -0.0799
-0.0047314   -0.031249     -0.0799
-0.0036459   -0.043765      0.1001
-0.0022077   -0.043169      0.1021
-0.033043   -0.029064    0.053109
-0.026966    -0.03533    0.024188
-0.020075    0.036591   -0.059949
-0.02032    0.027859     -0.0599
-0.016343    0.027865   -0.053569
-0.0018213     0.04234     0.13872
-0.0018211    0.043439     0.11064
-0.031436   0.0021095     -0.0649
-0.034447   0.0021094     -0.0649
-0.0341   0.0089088   -0.067111
-0.031041  -0.0046933   -0.067113
-0.034057  -0.0047023   -0.067119
-0.0021928   -0.043239      0.1001
-0.0021928   -0.043239      0.1021
0.0006787   -0.043239      0.1001
-0.018416    0.027859   -0.064496
-0.02032    0.036657     -0.0599
-0.0022069    0.042943      0.0281
-0.0021921    0.043013      0.0301
-0.0036451    0.043539      0.0301
-0.038916   -0.022959    0.048059
-0.034974   0.0021038    -0.06493
-0.033584  -0.0089373   -0.072935
-0.008568    -0.03327    -0.05607
-0.011409   -0.023646   -0.053554
-0.012751   -0.032968   -0.053532
-0.038953    0.027024    0.048081
-0.031074    0.027153   -0.072951
-0.033907    0.013182    -0.07295
-0.036537   -0.030389     0.10574
-0.033286    -0.03039    0.057104
-0.035021    -0.03039    0.057104
-0.04099   0.0021105    0.048068
-0.025962    0.035219     -0.0729
-0.036882    0.031816    0.049432
-0.026008   -0.037997     0.10869
-0.028227   -0.039565     0.10595
-0.033756   -0.030389     0.10694
-0.0018206    -0.04233    0.010997
-0.0018204   -0.038133   -0.015456
-0.0018207   -0.041726    0.029922
0.0011795   -0.038517  -0.0078998
-0.0018205   -0.038952  -0.0058998
-0.0018204    -0.03878  -0.0078998
-0.00182    0.042554     -0.0439
-0.0018197    0.042119   -0.082719
-0.00182    0.042632     -0.0419
-0.0029774    0.038704      0.1321
-0.004855    0.040614      0.1321
0.0010654    0.038711      0.1321
-0.00282    0.044904   -0.035915
-0.0028197    0.043107    -0.08282
-0.0028201    0.046581   -0.020312
-0.0018213   -0.044188     0.11096
-0.0018213   -0.042087     0.10941
-0.0018215   -0.043118     0.13872
-0.0028203    0.046593    0.011037
-0.0028205    0.048063    0.031331
-0.00182    0.044908   -0.035845
-0.0028197    0.042112    -0.08282
-0.0048183     0.04004   -0.082927
-0.0048196     0.04304     -0.0829
-0.0028192    0.043112    -0.08283
-0.0018213   -0.045356     0.10594
-0.0048196    0.040029     -0.0829
-0.011805    0.042288     -0.0829
-0.034955   -0.030347      0.1059
-0.01182    0.039115     -0.0829
-0.016795    0.041053   -0.079789
-0.01182    0.042195     -0.0829
-0.019244   -0.028437   -0.075493
-0.021081   -0.029538   -0.059958
-0.019916   -0.029692   -0.063788
-0.011802    0.039219     -0.0829
-0.0036065   -0.040286      0.0281
-0.0048207   -0.041507      0.0281
-0.0036065   -0.040286      0.0301
-0.01661    0.037816   -0.079639
-0.016534     0.03785   -0.079567
-0.016534    0.041101   -0.079567
-0.0028211    0.042983     0.11238
-0.0018211    0.043199     0.11243
-0.0018211    0.044876     0.10803
-0.019228    0.036809   -0.075507
-0.022852    0.034113   -0.073396
-0.025962    0.029872     -0.0729
-0.031228    0.024813     -0.0729
-0.028936    0.021677     -0.0729
-0.033296    0.013109     -0.0729
-0.030271    0.013109     -0.0729
-0.031084    0.008917   -0.067116
-0.040999   0.0021098    0.048068
-0.002976    -0.02959     -0.0779
-0.0048481   -0.031482     -0.0779
0.0010668   -0.029598     -0.0779
-0.035285   -0.032248     0.11362
-0.033835   -0.030119     0.11178
-0.03548   -0.030386     0.11115
-0.0021926    0.042723      0.1001
0.00067892    0.042723      0.1001
0.00067891    0.042723      0.1021
-0.012494   -0.044299    0.089671
-0.0088003   -0.044526    0.086979
-0.010654   -0.043873    0.088883
-0.0018213   -0.045355     0.10594
-0.031797    0.036603     0.11437
-0.030709    0.034744     0.11267
-0.027895    0.036611     0.11616
-0.0021921    0.043013      0.0281
0.00067944    0.043013      0.0301
-0.034669    0.034741    0.053083
-0.0038807   -0.037185  -0.0078998
0.0010662   -0.037066  -0.0078998
-0.0048233   -0.038794  -0.0078998
-0.035717    0.036118     0.10502
-0.017228    0.043781    0.089717
-0.02109    0.042856    0.086901
-0.019001    0.042705    0.088946
0.0011793   -0.041302      0.0281
0.0011792   -0.041438      0.0301
-0.0018207   -0.041701      0.0301
-0.0048204   -0.038724  -0.0078998
-0.011711     -0.0339   -0.053351
-0.017135   -0.041047    0.042953
-0.019797   -0.030783   -0.055972
-0.002821    0.046511     0.10613
-0.002821    0.047474     0.10642
-0.0028207    0.047178    0.058017
-0.039478    0.015211    0.049192
-0.040425    0.015119    0.048058
-0.040953   0.0021101     0.04807
0.001179   -0.043434      0.0641
0.001179   -0.043533      0.0661
-0.001821   -0.043796      0.0661
-0.040002   0.0021058    0.049204
-0.0073106   -0.044392     0.08262
-0.0018206   -0.038836  -0.0079038
-0.038583    0.026914    0.048109
0.0011795    0.043513      0.0301
0.0011795    0.043513      0.0281
0.0011795     0.04472      0.0281
-0.010223    -0.03314    0.078006
-0.014821    -0.03314    0.076101
-0.0028213   -0.045448     0.10848
-0.0018213   -0.045613     0.10858
-0.0018213   -0.043785      0.1126
-0.022998   -0.041497      0.1193
-0.026997   -0.037351     0.11666
-0.029507   -0.038428     0.11536
0.0011801   -0.030975     -0.0799
0.0011801    -0.03122     -0.0779
-0.0018199   -0.031485     -0.0779
0.0011798   -0.035076     -0.0439
0.0011798   -0.035284     -0.0419
-0.0018202   -0.035548     -0.0419
-0.0036056    -0.03007     -0.0799
-0.0047388   -0.031203   -0.079881
-0.0028205    0.047201    0.034538
-0.0018215    0.047604     0.10501
-0.033997    0.034478    0.057094
-0.035782    0.036158     0.10502
-0.034818    0.036136    0.057071
-0.035384    0.035156    0.053046
-0.033791    0.034839    0.056999
-0.034747    0.036157    0.057073
-0.0021918     0.04216  -0.0059003
-0.036239   -0.031293     0.10948
-0.036159   -0.030389     0.10681
-0.036964   -0.031269     0.10723
-0.0028213   -0.045613     0.10858
-0.0028213   -0.046239     0.10792
-0.040829   0.0021281    0.047685
-0.039409   -0.011457      0.0491
-0.039954   0.0021103      0.0491
-0.0042156   -0.037519  -0.0058998
-0.0048199   -0.038967  -0.0058998
-0.035457     0.03686     0.10793
-0.021434     0.04424     0.10859
-0.026413    0.043991     0.10502
-0.0074818   -0.043914    0.082445
-0.035566    0.036012     0.10505
-0.013978    0.047118     0.10502
0.0010652    -0.03949      0.1321
0.0011785   -0.041114      0.1321
-0.0048546   -0.041391      0.1321
-0.0029776   -0.039483      0.1321
-0.011517    0.045793     0.10854
-0.002821    0.047655     0.10503
-0.0028211    0.043199     0.11243
-0.0018212    0.042885     0.12558
-0.0028211    0.046107     0.10853
-0.0028211     0.04723     0.10693
-0.035558   -0.030389     0.10853
-0.033756   -0.030389     0.10694
-0.0018213   -0.047241     0.10619
-0.0018213   -0.045362     0.10594
-0.0018213   -0.045949     0.10822
-0.02904   -0.037578    0.025337
-0.016466   -0.045253    0.061375
-0.029748   -0.043263     0.10502
-0.0028333   -0.048503     0.10503
0.0010659   -0.039814      0.0301
-0.0048508   -0.041704      0.0301
-0.0027897   -0.043207   0.0093595
-0.035766    0.035576     0.10508
-0.034555    0.035001     0.10501
-0.034823    0.033905     0.10771
-0.0028211    0.045539     0.10789
-0.001821    0.046798     0.10504
-0.002821    0.046659       0.105
-0.021064    0.042159    0.086021
-0.016732    0.037328    0.089657
-0.013338    0.043894    0.089881
-0.016534   -0.032325   -0.079567
-0.014883   -0.033015   -0.081997
-0.018126   -0.032125   -0.076687
-0.020489   -0.031334   -0.074531
-0.033744   -0.030389     0.11162
-0.033756   -0.030389     0.10694
-0.0028242    -0.03395   -0.082856
-0.011852   -0.033136   -0.082898
-0.019457   -0.029349   -0.064162
-0.016417   -0.023652   -0.066149
-0.009492   -0.032086   -0.065081
0.0010657   -0.041909      0.0641
-0.0048341   -0.043711      0.0641
-0.030129  -0.0088906     -0.0729
-0.030911   -0.019071     -0.0729
-0.033164  -0.0088906     -0.0729
-0.0029771   -0.041901      0.0641
-0.0021928    0.038598      0.1321
0.00067868    0.038598      0.1321
0.00067866    0.038598      0.1341
-0.025962   -0.022504     -0.0729
-0.025962   -0.027459     -0.0729
-0.02875   -0.015938     -0.0729
-0.031062    -0.02028   -0.072955
-0.019764   -0.028418   -0.075962
-0.022907   -0.026157   -0.073378
-0.037465   -0.011087      0.0491
-0.016534   -0.029114   -0.079567
-0.016744   -0.029045   -0.079757
-0.01182   -0.033087     -0.0829
-0.016542    -0.03226   -0.079596
-0.019418     0.03686    0.087194
-0.021321     0.03686      0.0826
-0.010223     0.03686    0.087194
-0.0048188   -0.035478   -0.041898
-0.011807   -0.030098     -0.0829
-0.0048198   -0.030804     -0.0829
-0.011809   -0.033168     -0.0829
-0.01182   -0.030009     -0.0829
-0.0048198    -0.03383     -0.0829
0.0011797     0.04266  -0.0059003
0.0011797    0.043831  -0.0079003
0.0011797    0.043897  -0.0059003
-0.0018202    0.044093  -0.0079003
-0.0018202     0.04416  -0.0059003
-0.0018184   -0.030897   -0.082739
-0.0028199   -0.033894    -0.08282
-0.0048195   -0.033833   -0.082912
-0.0028199   -0.032893    -0.08282
-0.0028203   -0.040664   -0.020412
-0.0028197   -0.032893   -0.082822
-0.0018213    0.040251     0.13872
0.00118    0.042292     -0.0439
0.0010667     0.04077     -0.0439
-0.0018187    0.042529     -0.0439
-0.0028202   -0.038162    -0.03599
-0.0028207   -0.044864    0.031223
0.0010657   -0.041909      0.0661
-0.0048524   -0.043803      0.0661
-0.037433    -0.02745    0.049346
-0.030679    0.035781     0.11431
-0.030754     0.03461     0.10771
0.0011789    0.043223      0.1021
0.0011789    0.043223      0.1001
0.0011789    0.044502      0.1001
-0.0028209   -0.045382     0.05797
-0.0028213   -0.048218     0.10643
-0.0029769   -0.039806      0.0301
-0.0028213   -0.047241     0.10618
-0.016965   -0.045802     0.10861
-0.02279   -0.045437     0.10489
-0.0028476   -0.048929     0.10508
-0.0028323   -0.047171     0.10862
-0.022366    0.042181    0.082671
-0.019419    -0.03314    0.087194
-0.021321    -0.03314      0.0826
-0.0022064    0.040587     -0.0439
-0.0021915    0.040657     -0.0419
-0.0036446    0.041183     -0.0419
-0.0036062    0.043599      0.0281
-0.0036063    0.043599      0.0301
-0.0048205    0.044813      0.0301
-0.030897   -0.039938     0.10829
-0.032373    -0.04016     0.10503
0.0011795    0.044751      0.0301
-0.0018205    0.045013      0.0301
-0.0029771   -0.041901      0.0661
-0.032537     0.03461     0.11199
-0.035763   -0.031765    0.056877
-0.037492   -0.031767     0.10502
-0.036997   -0.031733     0.10724
-0.037556   -0.031902     0.10509
0.0011787    0.040335      0.1321
-0.0028211    0.045058     0.10815
-0.031797     0.03661      0.1144
-0.035986   -0.031831    0.057045
-0.037509   -0.031765     0.10502
-0.036574   -0.030364     0.10505
-0.018416   -0.023641   -0.055304
-0.036108   -0.030772    0.052845
-0.034865   -0.030518    0.057037
-0.035792   -0.031845    0.057055
0.00067978   -0.033548     -0.0439
-0.0021918   -0.033548     -0.0419
0.00067977   -0.033548     -0.0419
0.00068024    0.038452     -0.0799
-0.0028212    0.042894     0.12534
-0.0036059   -0.034134     -0.0439
-0.0047679   -0.035296   -0.043889
-0.0036059   -0.034134     -0.0419
-0.003607    0.039184      0.1321
-0.003607    0.039184      0.1341
-0.0048212    0.040398      0.1341
-0.032466   -0.032389     0.11415
-0.0021915    0.040657     -0.0439
0.00067998    0.040657     -0.0439
0.00067996    0.040657     -0.0419
-0.038681   -0.022623    0.048061
-0.0028206   -0.042326    0.010948
-0.016323   -0.030888   -0.066555
-0.011757   -0.032039   -0.066619
-0.031975    0.036486     0.11476
-0.032964    0.036634     0.11286
-0.033276    0.036328       0.112
-0.033288    0.036327     0.11078
-0.033186    0.036564      0.1127
-0.027576    0.040616     0.11195
-0.032459    0.034843     0.11186
-0.013095    0.039493   -0.066903
-0.019303    0.037027    -0.06339
0.0011792    0.043668      0.0661
0.0011792    0.044911      0.0641
0.0011792    0.044905      0.0661
-0.0073197    0.040915     -0.0599
-0.0073198    0.027859     -0.0599
-0.014745   -0.043464      0.0896
-0.032192    0.037504     0.11354
-0.023842    0.041602     0.11769
-0.003607   -0.043825      0.1001
-0.035829   -0.032971     0.11239
-0.035146   -0.032389     0.11331
-0.0041179    0.044238      0.1125
-0.018417    0.042965     0.12232
-0.0018207    0.045173      0.0641
-0.0036453   -0.040227      0.0281
-0.0022071   -0.039631      0.0301
0.0011795   -0.038689  -0.0058998
-0.014843    0.043178     0.12657
-0.018304    0.042815     0.12237
-0.0028213    0.043319     0.13716
-0.010282     0.04336     0.13182
-0.015542    0.042191      0.1271
-0.002997    0.043425     0.13703
-0.0092109     0.04439    0.078635
-0.0098717     0.03736     0.07765
-0.014501    0.043823     0.07549
0.0010662   -0.037066  -0.0058998
-0.0018197    0.040453     -0.0779
-0.0028211    0.044395     0.11095
-0.0028213    0.043392     0.13732
-0.012746    0.045487     0.10891
-0.013303    0.043768      0.1124
-0.0028371    0.044023     0.11236
-0.0078211    -0.03364      0.0826
0.0011801   -0.029984     -0.0799
0.0011801   -0.029984     -0.0779
-0.0028211    0.043439     0.11064
0.0011789     0.04446      0.1021
-0.001821    0.044764      0.1001
0.0010664    0.042273  -0.0079003
-0.001819    0.044068  -0.0079003
-0.024709    0.042997     0.10855
-0.024397     0.04151     0.11207
-0.035377   -0.029144    0.052323
-0.034903    -0.03039      0.0571
-0.033163    -0.03039      0.0571
-0.024434    0.041922     0.11016
-0.0048199   -0.031284     -0.0779
-0.034773     0.03613     0.10768
-0.033742    0.036784     0.11103
-0.024304    0.041309     0.11203
-0.0029774   -0.043345      0.1001
0.0010654   -0.043353      0.1001
-0.0048425   -0.045194      0.1001
-0.03366    0.036246     0.10931
-0.0092237   -0.023641   -0.064496
-0.0073199   -0.023641     -0.0599
-0.0073199   -0.032919     -0.0599
-0.032629     0.03456     0.11078
-0.033339    0.036338       0.112
-0.033288    0.036327     0.11078
-0.03548   -0.030389     0.11115
-0.033745   -0.030389     0.11163
-0.0095761   -0.023141   -0.055659
-0.018064   -0.023141   -0.064141
-0.018064    -0.02314   -0.055659
-0.010281   -0.044109     0.13183
-0.018144    -0.04358     0.12262
-0.015302   -0.044287     0.11257
0.0010665   -0.033661     -0.0439
-0.0047682   -0.035349     -0.0439
-0.028941     -0.0398     0.11171
-0.02269    -0.04245     0.11853
-0.017956   -0.043509     0.12276
-0.02965    -0.03926     0.11447
-0.0083209     0.03686      0.0826
-0.0036065    0.043753      0.0641
-0.0036065    0.043753      0.0661
-0.0048207    0.044967      0.0661
-0.036097   -0.031967      0.1119
-0.017206   -0.043509    0.089724
-0.021101   -0.042363    0.086906
-0.0029776   -0.039483      0.1341
-0.0048353   -0.041294      0.1341
0.0010652    -0.03949      0.1341
-0.0028207   -0.043846    0.030304
-0.0018204   -0.040876  -0.0083547
-0.0018213   -0.047607     0.10504
-0.036362   -0.031873     0.10952
-0.018064    0.027359   -0.055659
-0.0095761    0.027359   -0.064141
-0.0095754    0.027359    -0.05566
-0.0028213    -0.04733     0.10506
-0.0028322   -0.036952  -0.0078998
-0.036248   -0.030676     0.11119
-0.036355   -0.031874     0.11116
-0.036318   -0.032192       0.112
-0.0082122   -0.033765   -0.055831
0.0011787    0.040231      0.1341
-0.0018213    0.040599      0.1321
-0.0018213    0.040493      0.1341
-0.032691   -0.038117     0.10807
-0.026699   -0.041525     0.11201
-0.036322   -0.031905     0.10951
-0.035688    -0.02239      0.0491
-0.038801   -0.022656    0.048103
-0.0028211    0.045235     0.10798
-0.036362   -0.031874     0.10952
-0.0078199    0.027359     -0.0599
-0.026753   -0.042465     0.10861
-0.0018204    0.046594    0.011087
-0.0018205    0.045014      0.0301
-0.0018205    0.044958      0.0281
-0.0036068    0.043308      0.1001
-0.013723   -0.045959     0.10928
-0.014418    -0.04442     0.11261
-0.026374   -0.041034     0.11196
-0.0028221   -0.044163     0.13717
-0.0028213   -0.044972     0.11265
-0.0018213   -0.046239     0.10792
-0.0028078   -0.046124     0.10914
-0.0021923   -0.039701      0.0281
-0.0028215   -0.043143     0.13822
-0.0028215   -0.043928     0.13779
-0.0028213   -0.045159     0.11124
-0.0028213   -0.044187     0.11096
-0.015534   -0.042544     0.12707
-0.015528   -0.045432      0.1271
-0.0026375    -0.04304     0.13801
0.0011787    0.039098      0.1341
0.0011787    0.039098      0.1321
0.0011793   -0.040201      0.0281
-0.0028293   -0.046901      0.1084
-0.0028213   -0.046337     0.10927
-0.01479   -0.045834     0.10932
-0.017208   -0.043544    0.089707
-0.035074   -0.032458     0.11331
-0.0028213   -0.046673     0.10891
-0.0028213   -0.045949     0.10822
-0.033201   -0.031125     0.11359
0.0011798   -0.034048     -0.0439
-0.011409    0.027863   -0.066269
-0.0028211    0.045922     0.10871
-0.0028149    0.045685     0.10844
-0.011354    0.045808     0.10854
-0.013343    0.045416     0.10898
-0.023949    0.042972     0.10788
-0.0018202   -0.038169    -0.03592
-0.0018199   -0.030895   -0.082719
-0.0018201    -0.03456   -0.051407
-0.0028211    0.045745     0.10888
-0.015837    0.043745      0.1058
-0.022489    0.042369      0.0826
-0.021103    0.042814     0.08691
-0.035683   -0.022536    0.048258
-0.037709   -0.022389      0.0491
-0.027505    0.039083    0.042971
-0.021101    0.042835    0.078283
-0.014821    -0.03314      0.0891
-0.026263    0.040633     0.10583
-0.0018209   -0.045384       0.058
-0.0018211    -0.04417    0.073587
-0.017235    0.043733    0.089736
-0.0036068    0.043308      0.1021
-0.004821    0.044523      0.1021
-0.0047157    -0.03118     -0.0799
-0.0018199   -0.031244   -0.079899
-0.0125    0.044434     0.08972
-0.014772    0.043638    0.089599
-0.004821     0.04469      0.1021
-0.0087935    0.044782    0.087026
-0.0022071    0.043098      0.0641
-0.0021923    0.043167      0.0661
-0.0036454    0.043693      0.0661
-0.012505    0.044465    0.089706
-0.0073451    0.044915    0.082605
-0.0048206   -0.041652      0.0301
-0.0018192   -0.041705      0.0301
-0.012545    0.044961    0.075481
-0.0087837    0.044875    0.078199
-0.0018508    0.045139    0.064101
-0.020953     0.03631    -0.05967
-0.035482   -0.030961      0.1126
-0.0078209    0.044415      0.0826
0.0011795    0.044751      0.0301
-0.0021915   -0.029484     -0.0799
-0.0021915   -0.029484     -0.0779
0.00068006   -0.029484     -0.0799
-0.03347   -0.029356    0.053167
-0.017234    0.043821    0.075467
-0.021821    0.041899      0.0826
-0.021821     0.03736      0.0826
-0.018441    0.037326    0.076243
-0.022745    0.041621    0.082188
-0.0078211   -0.043901      0.0826
-0.015602    0.042094   -0.020046
-0.021406    0.037422   -0.059906
-0.019852    0.038194   -0.056001
-0.019984    0.037451   -0.063699
-0.022626   -0.041002    0.082967
-0.018451   -0.033616    0.089028
-0.037028   -0.031734     0.10726
-0.036829   -0.030118     0.10509
-0.036955    0.031756    0.049462
-0.035635    0.031438    0.050659
-0.016104    0.040047   -0.053262
-0.019046   -0.042637    0.088572
-0.021097   -0.042407    0.086886
-0.011658    0.041185   -0.053303
-0.0018199   -0.032906   -0.082719
-0.035427   -0.024156    0.049236
-0.0018191    0.044055  -0.0079003
-0.0082218    0.041532   -0.055799
-0.02032   -0.029115     -0.0599
-0.02032   -0.023641     -0.0599
-0.0048186    0.042542   -0.041899
-0.0068603    0.041413    -0.05993
0.0011787   -0.044914      0.1001
-0.011865    0.039227   -0.082902
-0.0082383    0.041023   -0.064082
0.00118    0.042394     -0.0419
0.00118    0.042292     -0.0439
-0.00182    0.042657     -0.0419
-0.0046326    0.040047   -0.082916
-0.011778    0.040308   -0.066597
-0.029655   -0.039376     0.11453
-0.01605   -0.032592   -0.053273
-0.014764    0.038281   -0.081941
-0.016378    0.038988   -0.066519
-0.0070997    0.040971    -0.05999
-0.0048979   -0.038681  -0.0079028
-0.0048204   -0.038896  -0.0058998
-0.0028875   -0.036807  -0.0058958
-0.0036055    0.039038     -0.0799
-0.0018216   -0.031513   -0.077903
-0.0018202    0.044159  -0.0059003
-0.003606    0.042746  -0.0079003
-0.0022066     0.04209  -0.0079003
-0.0036449    0.042686  -0.0059003
-0.0095756   -0.023141   -0.064141
-0.00782   -0.023141     -0.0599
-0.01482     0.03686    0.089099
-0.0048204   -0.043645    0.064101
-0.001821   -0.043696      0.0641
-0.031801    0.036608     0.11438
-0.0021923    0.043167      0.0641
0.00067918    0.043167      0.0661
-0.026988     0.02923   -0.072898
-0.00182    0.042554     -0.0439
-0.0048197    0.040377     -0.0779
-0.01382   -0.023141     -0.0659
-0.0018197    0.040114   -0.082719
-0.0018488    0.040257   -0.079895
-0.0018197    0.040115   -0.082719
-0.034827   -0.030389     0.10591
-0.0018193    0.042119   -0.082723
-0.0048208   -0.038899  -0.0058998
0.00067868   -0.043239      0.1021
-0.0048212    0.040398      0.1321
-0.0018197    0.040314     -0.0799
0.0011803     0.04005     -0.0799
0.0010669    0.038566     -0.0799
-0.0048341    0.040322     -0.0799
-0.0018201    0.041321     0.10905
-0.0029759    0.038558     -0.0799
-0.0018205    0.044983      0.0281
-0.037697    0.026769    0.047988
-0.0018212   -0.041463      0.1321
0.0010654   -0.043353      0.1021
-0.0048542   -0.045253      0.1021
-0.0048197    0.040252     -0.0779
-0.0048197    0.040252     -0.0799
0.0011787    0.040231      0.1341
-0.00482    0.042451   -0.043899
-0.0018202    0.040485   -0.077901
0.0010659   -0.039814      0.0281
-0.0048367   -0.041577      0.0281
0.00067923   -0.039701      0.0281
-0.0021923   -0.039701      0.0301
0.00067922   -0.039701      0.0301
-0.0036072   -0.039963      0.1321
-0.0048214   -0.041177      0.1321
-0.0036072   -0.039963      0.1341
0.00067945    0.043013      0.0281
-0.021096     0.04288    0.078302
-0.019064    0.042986    0.076651
-0.022503    0.041586    0.082462
-0.001821    0.042527   -0.043901
-0.0018199   -0.031239     -0.0799
-0.0018197    0.040119   -0.082719
-0.01982    0.027359     -0.0599
0.0010669    0.038566     -0.0779
-0.0048466    0.040445     -0.0779
-0.0029759    0.038558     -0.0779
-0.035158   -0.030822     0.10945
-0.035839   -0.032977     0.11243
-0.0029761    0.040763     -0.0439
-0.0048237    0.042461     -0.0439
-0.0036461   -0.039903      0.1321
-0.0022079   -0.039307      0.1341
-0.020399   -0.029053   -0.059847
-0.037589   -0.031746       0.105
0.00067847   -0.039377      0.1321
-0.0021931   -0.039377      0.1341
0.00067846   -0.039377      0.1341
-0.0036456   -0.042321      0.0641
-0.0022074   -0.041726      0.0661
-0.0021926   -0.041796      0.0641
-0.0036057    0.041243     -0.0439
-0.0048199    0.042457     -0.0419
-0.0048199    0.042457     -0.0439
-0.0048214   -0.041177      0.1341
0.00067897   -0.041796      0.0641
-0.0021926   -0.041796      0.0661
0.00067895   -0.041796      0.0661
-0.014775   -0.029354   -0.081939
-0.00182    0.042607     -0.0419
-0.0029761    0.040763     -0.0419
-0.0018187    0.042632     -0.0419
-0.0048368     0.04254     -0.0419
0.0011795   -0.037452  -0.0078998
-0.01382    -0.02314     -0.0539
0.0010667     0.04077     -0.0419
0.0011792    0.043668      0.0641
-0.03072  -0.0089795   -0.072949
0.0011785   -0.041009      0.1341
-0.032579     0.03461     0.11199
-0.0048198    0.043977  -0.0079003
-0.034122    0.030818    0.050257
-0.03594    0.026705    0.049097
-0.030734    0.013155   -0.072938
-0.0048207   -0.041501      0.0301
-0.032015   0.0021096   -0.064932
-0.0029809    0.042267  -0.0079003
-0.004831    0.043985  -0.0079003
0.0011795   -0.037452  -0.0058998
-0.032643    0.034648     0.11196
-0.033962     0.03558     0.10739
-0.03264    0.036186     0.11056
-0.0048205    0.044913      0.0301
-0.0048202     0.04396  -0.0059003
-0.0048202    0.043972  -0.0079003
-0.0048203    0.044052  -0.0059003
-0.019238   -0.029279   -0.063435
-0.016319   -0.029937   -0.066716
-0.008805    0.044815    0.087014
-0.010755    0.044206    0.088716
-0.018064    0.027359    -0.06414
-0.0048164    0.044882      0.0281
-0.0018219     0.04414  -0.0059013
-0.0029764    0.042265  -0.0059003
-0.001819    0.044135  -0.0059003
-0.004838    0.044048  -0.0059003
-0.020973   -0.028941   -0.060051
-0.035247    0.034188     0.10502
-0.034695     0.03461     0.10589
0.001179   -0.042296      0.0641
0.001179   -0.042296      0.0661
0.0010664    0.042273  -0.0059003
-0.0018205    0.044933      0.0281
-0.0029766    0.043119      0.0281
-0.0048339     0.04488      0.0281
-0.0018193    0.044958      0.0281
0.0010662    0.043126      0.0281
0.0010654    0.038711      0.1341
-0.0048357    0.040517      0.1341
-0.0029774    0.038704      0.1341
-0.0018213   -0.043976     0.11264
-0.0018206    0.045019    0.030099
-0.0029767    0.043119      0.0301
-0.0018193    0.044988      0.0301
-0.0048394    0.044907      0.0301
-0.021821   -0.041197      0.0826
0.0010661    0.043126      0.0301
-0.0018215   -0.041378      0.1321
-0.0028198   -0.033114   -0.082845
-0.00182   -0.032905   -0.082723
-0.0083606    0.044352    0.085295
-0.032638    0.033664    0.053325
-0.032171     0.03461      0.0571
-0.003606    0.042746  -0.0059003
-0.038044   0.0021118    0.049098
-0.031957   0.0021201   -0.064929
-0.038025   0.0021101    0.049097
0.0011803    0.038952     -0.0799
0.0011797     0.04266  -0.0079003
-0.0071901    0.044235    0.082673
-0.0018207    0.047178    0.058047
-0.0018208    0.045149    0.073591
-0.0048207    0.044967      0.0641
0.0010659    0.043281      0.0641
-0.0048533    0.045181      0.0641
-0.0029769    0.043273      0.0641
-0.0048204    0.044813      0.0281
-0.035021   -0.030417    0.057098
-0.032144    0.037461     0.11351
-0.0048207    0.045125      0.0661
-0.0048209   -0.043596      0.0641
-0.004821   -0.043596      0.0661
-0.0036068   -0.042381      0.0661
-0.0029763   -0.033654     -0.0439
-0.004821    0.044732      0.1001
-0.001822     0.04519      0.0661
-0.002193   -0.039377      0.1321
-0.0018213    0.044797      0.1001
-0.037478     0.02661      0.0491
-0.0018208    0.045168      0.0661
0.0011787    0.040231      0.1341
0.0010659    0.043281      0.0661
0.0011792    0.044905      0.0661
-0.0048524    0.045176      0.0661
-0.0018215   -0.041029     0.13872
-0.0029769    0.043273      0.0661
-0.0029774   -0.043345      0.1021
-0.0018211    0.044647     0.10578
0.00118    0.041157     -0.0419
0.00118    0.041157     -0.0439
0.0011792   -0.040201      0.0301
0.0010656    0.042836      0.1001
-0.004862    0.044776      0.1001
-0.0029772    0.042828      0.1001
-0.0018202    -0.03534     -0.0439
-0.0018211     0.04542     0.10781
-0.0036067   -0.042381      0.0641
-0.0018211     0.04464     0.10579
-0.001821    0.044726      0.1021
-0.0018215   -0.041272      0.1341
-0.004821    0.044523      0.1001
0.0011798   -0.034048     -0.0419
-0.0036055    0.039038     -0.0779
-0.001821    0.044723      0.1021
0.00067919    0.043167      0.0641
0.0010656    0.042836      0.1021
0.0011789     0.04446      0.1021
-0.0048545    0.044738      0.1021
-0.012484   -0.044262    0.089687
-0.0029772    0.042828      0.1021
-0.0048201   -0.035348     -0.0419
-0.01295    0.040747     0.10901
-0.0018211    0.041224     0.10904
0.00068004   -0.029484     -0.0779
-0.022684    0.038933     0.10877
-0.0029793   -0.039807      0.0281
-0.03077      0.0346     0.10771
-0.03303     0.03461     0.10586
-0.033248    0.034721     0.10586
-0.033149     0.03461     0.10576
-0.013819    0.027359     -0.0539
-0.034025     0.03461    0.057104
-0.034384    0.033736    0.053463
-0.013821    0.027359     -0.0659
-0.03391     0.03461      0.0571
-0.037511     0.02677     0.04817
-0.035354    0.026702    0.048516
-0.022499   -0.040888    0.082753
-0.037438    0.015231      0.0491
-0.035432     0.02661      0.0491
-0.039435    0.015209      0.0491
-0.037982   0.0021106      0.0491
-0.0018212   -0.045176      0.1001
-0.022502   -0.041663    0.082578
-0.021149   -0.041944    0.078314
-0.017304   -0.042852    0.075463
-0.0028213   -0.043976     0.11264
-0.01982   -0.023141     -0.0599
-0.012539   -0.043649    0.075453
-0.0088007   -0.044124    0.078153
0.0011787   -0.044914      0.1001
-0.0018213   -0.045239      0.1021
-0.0073467     -0.0444     0.08258
-0.0087848   -0.044493    0.086985
-0.0036057    0.041243     -0.0419
0.020453   -0.020163      0.1071
-0.0018212   0.0021104      0.1071
0.010233   -0.026992      0.1071
-0.0018213    -0.02939      0.1071
-0.013876   -0.026992      0.1071
-0.024095   -0.020163      0.1071
-0.030923   -0.009944      0.1071
-0.033321   0.0021105      0.1071
-0.030923    0.014165      0.1071
-0.024095    0.024384      0.1071
-0.013876    0.031213      0.1071
-0.0018211     0.03361      0.1071
0.010233    0.031213      0.1071
0.020453    0.024384      0.1071
0.027281    0.014165      0.1071
0.029679   0.0021103      0.1071
0.027281  -0.0099442      0.1071
0.029638    0.041386    0.042331
0.011179    0.047189    0.082601
0.016369    0.046144     0.10502
0.015434    0.046456    0.042413
-0.001821    0.047659     0.10503
0.05088     0.02782     0.12566
0.044299    0.028849     0.13742
0.052395    0.027129     0.11777
0.014966    0.044534   -0.020271
0.020802    0.038897   -0.066063
0.0085497    0.042367   -0.079028
-0.0018184    0.047159  -0.0076283
0.049083   -0.026136     0.09315
0.046294    -0.02589    0.083601
0.046466   -0.026238    0.084029
-0.0018197    0.043122   -0.082719
0.018211    0.042769      0.0811
0.018679     0.03736      0.0811
0.018016    0.042378      0.0811
0.023676   -0.012812   -0.043359
0.023356   -0.013003   -0.043404
0.02323   -0.013418   -0.043417
0.0056638    0.044683    0.087617
0.0037167    0.044877    0.082625
0.0059558     0.04424     0.08726
0.045956   0.0024355      0.0191
0.048427    0.004945      0.0191
0.048482   0.0024355      0.0191
0.048954   0.0023856      0.0191
0.048483   0.0024355      0.0191
0.045096   0.0021097    0.015376
0.046437  -0.0038025    0.031216
0.048626  -0.0048298    0.066015
0.046414    -0.00165    0.029663
0.048482   0.0017839      0.0191
0.054517    0.026581      0.1115
0.054074    0.025341    0.097327
0.048483   0.0021097      0.0191
0.048112   0.0021097    0.015376
0.048482   0.0017839      0.0191
0.048113   0.0021097    0.015376
0.048483   0.0021097      0.0191
0.048952  -0.0023171    0.065985
0.048909 -0.00030697    0.065951
0.047213   0.0021048    0.038392
0.015232   -0.033068    0.087719
0.010675   -0.033076    0.089108
0.015266    -0.03364    0.088283
0.037848  -0.0096433     -0.0339
0.037812  -0.0097345   -0.032826
0.038339  -0.0072556   -0.032477
0.0059702     0.03736    0.077924
0.0041791    0.044414    0.082597
0.0059553     0.04435     0.07794
0.045943   0.0017839      0.0191
0.048113   0.0021097    0.015376
0.010392    0.044233    0.090031
0.010353    0.043766    0.089551
0.015257     0.04297     0.08829
0.047101    0.025831     0.13735
0.041821    0.028236     0.13749
0.049803    0.016871     0.13727
0.038679   0.0099032   -0.050363
0.040412    0.016022   -0.033899
0.039776    0.013173   -0.041738
0.034807    0.019488     -0.0629
0.037229    0.028573   -0.020486
0.040474    0.016021   -0.033467
0.040858    0.013859     -0.0339
0.050363   -0.021489     0.13726
0.050143   -0.021603     0.13726
0.057312   -0.019949     0.11836
0.015811    0.043387    0.088535
0.053296   -0.023427     0.12408
0.054618   -0.020244    0.088962
0.056373    -0.02154     0.10558
0.038357    0.011351     -0.0339
0.041271     0.01135     -0.0339
0.041635   0.0096243     -0.0339
0.037891    0.013859     -0.0339
0.053308   -0.023458     0.12405
0.053419   -0.023556     0.12517
0.05633   -0.022504     0.11314
0.040431     0.01602     -0.0339
0.037876    0.013925   -0.033151
0.039776    0.013175   -0.041725
0.040864    0.013859     -0.0339
0.050612   -0.019084    0.076695
0.051034    -0.01873    0.076642
0.051305   -0.017927    0.076101
0.036693    0.013175   -0.041725
0.05131  -0.0090976     0.13723
0.05238   0.0021095      0.1372
0.05957   0.0021096     0.11618
0.035759   0.0099646   -0.050453
0.038815   0.0099038   -0.050428
0.039782    0.013245    -0.04175
0.041518   0.0093388     -0.0339
0.041281     0.01135   -0.033902
0.035753   0.0099038   -0.050428
0.041293     0.01135     -0.0339
0.02318   -0.013391     -0.0454
0.02318   -0.021191     -0.0434
0.02318   -0.013391     -0.0434
0.043542    0.018672      0.0211
0.043056     0.01843    0.018343
0.043608    0.018497      0.0191
0.038281   0.0075107   -0.054831
0.050002    0.022887    0.075964
0.049957    0.023687    0.077422
0.050031    0.022274    0.075993
0.02318    0.017609     -0.0524
0.02318    0.024809     -0.0524
0.02318    0.024809     -0.0544
0.037447   -0.010963     -0.0319
0.038978   -0.002013   -0.031905
0.038575  -0.0052353   -0.032586
0.038331    0.011414   -0.033171
0.041625   -0.005298     -0.0319
0.041853  -0.0027889     -0.0319
0.038964  -0.0027887     -0.0319
0.038344     0.01135     -0.0339
0.041511   0.0093422     -0.0339
0.018679    -0.03364      0.0931
0.024408   -0.040808    0.093101
0.015679    -0.03364      0.0931
0.03884    0.006833     -0.0339
0.041731   0.0068324     -0.0339
0.038607   0.0093422     -0.0339
0.01827     0.03684    0.093606
0.018679     0.03736      0.0931
0.018679     0.03061      0.0931
0.036987   0.0084712   -0.043856
0.041553   0.0093421   -0.033901
0.037033   0.0021294     -0.0629
0.038062   0.0062071   -0.056557
0.018135    0.030604    0.083614
0.018302    0.030177    0.083617
0.018679     0.03061      0.0841
0.035228   0.0075108   -0.054831
0.037911   0.0047236   -0.057946
0.034827   0.0047848    -0.05799
0.037883   0.0047299   -0.057932
0.038271   0.0075904   -0.054892
0.015215    -0.03314    0.087695
0.017602    -0.03314      0.0836
0.0064093    -0.03314    0.087015
0.034835     0.00473   -0.057932
0.039891   0.0057832   -0.045894
0.041858   0.0048255   -0.033905
0.041768    0.006835   -0.033906
0.0064087    -0.03314    0.078186
0.015214    -0.03314    0.077505
0.010678    -0.03314     0.07612
0.037756   0.0026393   -0.058873
0.018096     0.03061    0.095624
0.018679     0.03061      0.0961
0.018679     0.03736      0.0961
0.0064084     0.03686    0.087014
0.017602     0.03686      0.0836
0.015214     0.03686    0.087696
0.036972   0.0058519    -0.04511
0.041724   0.0068326     -0.0339
0.045621   0.0096373      0.0211
0.044934    0.009347    0.017784
0.045641   0.0094622      0.0191
0.038832   0.0068326     -0.0339
0.038943    0.004825     -0.0339
0.03994   0.0037644   -0.046023
0.041826    0.004825     -0.0339
0.038983   0.0035523     -0.0339
0.03699   0.0038132   -0.045465
0.037758   0.0026406   -0.058867
0.047444   -0.024333     0.13741
0.053121   -0.023156     0.12409
0.015228    0.036795    0.087718
0.015264     0.03736    0.088285
0.010673    0.036796    0.089108
0.03471   0.0026406   -0.058867
0.053124   -0.016272    0.077661
0.058086   -0.017882    0.094735
0.052949   -0.016395    0.077731
0.034705   0.0021098   -0.058904
0.037753   0.0021092     -0.0589
0.037757    0.002641   -0.058871
0.037761   0.0021025   -0.058902
0.0059179    -0.03361    0.087333
0.0046796    -0.03314    0.082601
0.0041235   -0.033617    0.082596
0.037744   0.0015787   -0.058865
0.034619   -0.014384     -0.0629
0.037756   0.0021023   -0.058901
0.01827    -0.03312    0.095594
0.018679    -0.03364      0.0961
0.018679    -0.02639      0.0961
0.015655   -0.033053      0.0936
0.015179    -0.03364      0.0956
0.015661   -0.033072    0.095601
0.033077    0.013443     -0.0629
0.033084  -0.0082086     -0.0629
0.033984   0.0021096     -0.0629
0.029821    0.030276     -0.0629
0.029821    0.024166     -0.0629
0.027997    0.038454   -0.020377
0.02546     0.03525   -0.063548
0.020697    0.034964   -0.065994
0.020691    0.038625   -0.065999
0.025701    0.030593   -0.063477
0.045296   -0.026174    0.081099
0.046943   -0.015381    0.072591
0.041685   -0.026776    0.075251
0.016831    0.040291     -0.0704
0.016831    0.036918     -0.0704
0.0085422    0.042351    -0.07903
0.0085286    0.039268   -0.079038
-0.0018201    0.046593   -0.020193
0.043575   -0.014454      0.0211
0.044296    -0.01177      0.0191
0.043621   -0.014277      0.0191
-0.0018201    0.043601    -0.01994
-0.0018203    0.047595      0.0111
-0.0018206    0.048107    0.042472
0.040479    0.032799    0.042243
0.040911    0.013921   -0.033091
0.044002    0.016155  -0.0071678
0.045727    0.020168    0.019101
0.04054   -0.033192    0.096101
0.049272    -0.02639    0.096101
0.032421   -0.036921    0.096101
0.047449   -0.024621     0.13734
0.047986   -0.024619     0.13732
0.040941    0.014034     -0.0319
0.040963    0.013928   -0.033112
0.042535    0.015028   -0.020548
0.015179    -0.03364      0.0936
0.046264    0.018497      0.0191
0.047285   -0.024333     0.13734
0.048949   -0.021722     0.13729
0.039502    0.015079   -0.019957
0.044024    0.016216  -0.0069618
0.010373   -0.044088     0.09003
0.015179   -0.043512      0.0956
0.015179   -0.043439    0.093601
0.041928   0.0074068     -0.0339
0.040436    0.016012   -0.033439
0.041401    0.011436   -0.032909
0.041399    0.011527     -0.0319
0.055811   -0.017291    0.087975
0.05207   -0.016395    0.077731
0.040474    0.016021     -0.0339
0.0050582    0.045918     0.10853
-0.0018149    0.047776     0.10507
-0.0018206    0.045111    0.042978
0.044628     0.03061      0.0931
-0.0018211    0.047232     0.10693
0.034884    0.039466     0.10502
0.015918     0.04481     0.10849
0.049649   -0.025889    0.095596
0.056138   -0.014212    0.093536
0.049253    -0.02589    0.093601
0.0231    0.017609   -0.043378
0.02368    0.025309     -0.0429
0.02328    0.024796    -0.04341
0.036862    0.038106    0.091657
0.010425    -0.03364     0.08956
0.010335   -0.043597    0.089549
0.01525   -0.042666    0.088295
0.034533     0.03963     0.10565
0.035286    0.039217     0.10656
0.035821    0.039002     0.10509
0.021469    0.043772      0.1082
0.018016   -0.041785      0.0841
0.018679    -0.03364      0.0841
0.018016    -0.03364      0.0841
0.027048    0.042413     0.10774
0.056547   -0.021836     0.10551
0.05487   -0.020408     0.08918
0.015911   -0.042534    0.076755
0.01808   -0.041561    0.081034
0.018659   -0.042123      0.0811
0.031528    0.040867     0.10695
0.03346    0.040097     0.10631
0.039257    0.036106    0.084557
0.040175    0.035547    0.085253
0.037822    0.037589    0.092059
0.037113    0.038136     0.09508
0.035829    0.039019     0.10509
0.034875     0.03945     0.10502
0.042052    0.033239    0.079178
0.042891    0.032683     0.08024
0.047662    0.020695    0.044337
0.04795     0.02396    0.072381
0.048658     0.02364    0.074302
0.050947    0.013542    0.066398
0.051442     0.01175     0.06995
0.0522    0.011681     0.07234
0.056294    0.022409    0.098233
0.050947    0.020615    0.077731
0.050521    0.015626    0.066613
0.018679    0.030049    0.095614
0.045851     0.03026    0.095601
0.049873    0.018168    0.066972
0.049231    0.020206    0.067323
0.056198    -0.01587     0.11704
0.048272    0.022768    0.067916
0.018179    -0.02639      0.0936
0.018179    -0.03314      0.0956
0.018179    -0.02639      0.0956
0.051951     0.00211    0.065942
0.052129     0.00211    0.069584
0.02068    0.024809     -0.0524
0.051934   0.0045283    0.065966
0.051957   0.0065455    0.066001
0.023164    0.024905   -0.052396
0.02368    0.025309     -0.0519
0.02068    0.025309     -0.0519
0.051606   0.0090572      0.0661
0.051361    0.011075    0.066213
0.05289   0.0021104    0.072057
0.010422     0.03736    0.089559
0.005968     0.03736    0.087274
0.018134   -0.026384    0.093587
0.018668   -0.025843    0.093601
0.018679    -0.02639      0.0931
0.051417  -0.0083191    0.069807
0.051412  -0.0068402    0.066067
0.052128     0.00211    0.069584
0.051645  -0.0048297    0.066013
0.051992  -0.0023222    0.065969
0.051937 -0.00030698     0.06595
0.051955     0.00211    0.065944
0.052175  -0.0083155    0.072207
0.052358     0.00211    0.070867
0.054772    0.024151     0.11814
0.048947   0.0021108    0.065945
0.051918   0.0045279    0.065961
0.051951     0.00211    0.065945
0.018649    -0.04226      0.0841
0.0154   -0.043402    0.093169
0.015216     0.03686    0.077506
0.0046798     0.03686    0.082599
0.00641     0.03686    0.078184
0.051723   -0.016521    0.076973
0.051957   -0.016297    0.077767
0.051023   -0.017279    0.076512
0.048913   0.0045279    0.065962
0.018022    0.037393    0.083998
0.018174    0.036963    0.083566
0.048906   0.0045282    0.065964
0.051149   0.0033194    0.052149
0.051912   0.0045282    0.065964
0.012664    0.027359   -0.065906
0.005585    0.027359   -0.064495
0.0076959    0.027359   -0.065906
0.020081   -0.021645   -0.043401
0.02068   -0.021191     -0.0434
0.020634   -0.021092   -0.045399
0.017602     0.03686      0.0816
0.018179     0.03686      0.0816
0.050174   0.0021101    0.038329
0.047176   0.0021098    0.038324
0.050183   0.0021098    0.038324
0.048143   0.0033198    0.052153
0.048675   0.0026105      0.0211
0.015985   -0.041094      0.1088
0.034585   -0.036168     0.11685
0.032683   -0.037156     0.10595
0.018192   -0.026399    0.083598
0.018679    -0.02639      0.0841
0.018673   -0.025862    0.083578
0.016186    0.027359   -0.062384
0.0041744    0.027359   -0.062384
0.014775    0.027359   -0.064495
0.048673   0.0021069    0.021101
0.015679    -0.03314      0.0936
0.015679    -0.03314      0.0956
0.02067    0.024763   -0.052401
0.020136    0.025304   -0.052386
0.045959   0.0026105      0.0211
0.050484   0.0045161     0.04288
0.048674   0.0026105      0.0211
0.047393   0.0044137    0.041711
0.051815   0.0065395    0.066007
0.048805   0.0065395    0.066007
0.051614   0.0090571    0.066095
0.015679     0.03686      0.0936
0.018179     0.03686      0.0936
0.015679     0.03686      0.0956
0.048594    0.009057    0.066097
0.050215   0.0090971    0.043629
0.048763   0.0051094    0.021088
0.048584   0.0090572      0.0661
0.050353   0.0070284    0.042912
0.0076958    0.027359   -0.053894
0.012664    0.027359   -0.053894
0.01018    0.027359     -0.0534
0.023166    0.024905   -0.054392
0.02068    0.024727   -0.054424
0.02368    0.025309     -0.0549
0.047329   0.0070244    0.042866
0.048496   0.0071277      0.0211
0.0041744    0.027359   -0.057416
0.00368    0.027359     -0.0599
0.046073   0.0055886    0.026456
0.048613     0.00512      0.0211
0.037448   -0.010959     -0.0333
0.020247    0.024932   -0.054417
0.020142    0.025303   -0.054425
0.02068    0.025309     -0.0549
0.045853   0.0071277      0.0211
0.050176    0.009039    0.042946
0.047143   0.0090343    0.042892
0.02323   -0.013418   -0.052417
0.02368   -0.013391     -0.0519
0.023676   -0.012812   -0.052359
0.048326    0.011075    0.066213
0.0479    0.013601    0.066404
0.05095    0.013601     0.06641
0.051371    0.011075     0.06621
0.047889    0.013601     0.06641
0.049855     0.01155    0.042962
0.049504    0.013546    0.042828
0.04989    0.011606    0.043626
0.0076958   -0.023141   -0.065906
0.012664   -0.023141   -0.065906
0.01018   -0.023141     -0.0664
0.046113    0.020168      0.0211
0.048812   0.0088005      0.0191
0.046113    0.020168      0.0191
0.015679   -0.043429    0.096101
0.024272   -0.040981    0.096101
0.0468     0.01154     0.04285
0.047988    0.011645      0.0211
0.0041742   -0.023141   -0.057416
0.016186   -0.023141   -0.062384
0.0055848   -0.023141   -0.064495
0.048258   0.0096372      0.0211
0.048264    0.009638      0.0211
0.018192    0.030619    0.081602
0.018679     0.03061      0.0811
0.018673    0.030083    0.081622
0.045345    0.011645      0.0211
0.049505    0.013549    0.042861
0.044718    0.011413    0.018446
0.046433    0.013545    0.042813
0.050529    0.015628    0.066622
0.056134   -0.020056     0.11959
0.058798   -0.018876      0.1061
0.047438    0.015628    0.066622
0.047451     0.01563    0.066615
0.05054    0.015629    0.066619
0.02318   -0.021191     -0.0454
0.046732    0.018168    0.066972
0.048964    0.016065    0.042939
0.04843    0.018077     0.04298
0.048991    0.016114    0.043547
0.0043738    0.044812    0.080278
0.0056634     0.04479    0.077591
0.045827    0.016014    0.042349
0.047094    0.016162      0.0211
0.015655    0.036774      0.0956
0.015179     0.03736      0.0956
0.015179     0.03736      0.0936
0.047543    0.014154      0.0211
0.04755    0.014156      0.0211
0.023164   -0.021286   -0.045404
0.02368   -0.021691     -0.0459
0.02068   -0.021691     -0.0459
0.04437    0.016162      0.0211
0.048428    0.018078    0.042998
0.045245    0.018012    0.042242
0.049234    0.020207    0.067334
0.034709   0.0015792   -0.058873
0.034827 -0.00051144   -0.057932
0.038957 -0.00068874   -0.032967
0.046038    0.020207    0.067334
0.046054     0.02021    0.067326
0.049248    0.020209    0.067332
0.045437  -0.0054183      0.0211
0.045695  -0.0029082      0.0211
0.045717  -0.0027339      0.0191
0.023303    0.017176   -0.052383
0.023674    0.017071   -0.052375
0.02368    0.017609     -0.0519
0.044985    0.022768    0.067916
0.047634    0.020628    0.043459
0.045212     0.03061      0.0961
0.044395    0.020585    0.042974
0.045916    0.020168      0.0211
0.01668    0.027359     -0.0599
0.016186    0.027359   -0.057416
0.046403    0.018672      0.0211
0.046407    0.018673      0.0211
0.02068   -0.021108   -0.043376
0.02068   -0.021691     -0.0429
0.02368   -0.021691     -0.0429
-0.0018204    0.044603    0.011479
0.045921    0.020167      0.0211
0.043564     0.01867      0.0211
0.047101    0.016162      0.0211
0.02368   -0.013391     -0.0429
0.045725    0.020168      0.0191
0.045916    0.020168      0.0211
0.057739   -0.018609     0.10174
0.054703   -0.020119    0.089266
0.055638   -0.017415    0.088029
0.045731    0.020167      0.0191
0.044419    0.015987      0.0191
0.046952    0.015987      0.0191
0.010359    0.043906    0.075648
0.04363    0.018495      0.0191
0.023164    0.024905   -0.043396
0.02068    0.025309     -0.0429
0.057917   -0.018492      0.1017
0.018285   -0.033139    0.083573
0.01813    -0.02639    0.083618
0.056973    0.014236    0.093536
0.058615   0.0021093    0.093127
0.05959   0.0020692     0.11562
0.048954   0.0023856      0.0211
0.048675   0.0016089      0.0211
0.023677    0.017031   -0.054441
0.023356    0.017222   -0.054396
0.02323    0.017637   -0.054383
0.045515    0.028912     0.13739
0.029773    0.035356     0.13783
0.044369    0.028842     0.13742
0.045956   0.0051196      0.0211
0.015679    0.036781    0.093578
0.018165    0.036951    0.093608
0.048501   0.0071275      0.0211
0.045948     0.00512      0.0211
0.045626   0.0096377      0.0211
0.04587   0.0069531      0.0191
0.045631   0.0096367      0.0211
0.041619  -0.0052987     -0.0319
0.041677  -0.0047539     -0.0339
0.048197    0.012141      0.0211
0.047994    0.011645      0.0211
0.044884    0.014154      0.0211
0.044872    0.014154      0.0211
0.0037156   -0.044363    0.082516
0.0043645   -0.044371    0.084911
0.0041789   -0.043898    0.082578
0.018277   -0.033126     0.09361
0.018096    -0.02639    0.093577
0.04437    0.016162      0.0211
0.02318    0.024809     -0.0454
0.02318    0.017609     -0.0434
0.02318    0.024809     -0.0434
0.038931 -0.00060638     -0.0339
0.038924 -0.00068826   -0.032962
0.038996   0.0023155     -0.0339
0.041875   0.0023155     -0.0339
0.038996   0.0024049   -0.032878
0.051228   -0.019593    0.077453
0.051214   -0.018918    0.076113
0.050996   -0.018977    0.076466
0.057006   -0.021523     0.10193
0.056008   -0.020684    0.092332
0.041875   0.0021094     -0.0339
0.041514   0.0021094   -0.036256
0.041875   0.0019033     -0.0339
0.041515   0.0021094   -0.036256
0.041875   0.0021094     -0.0339
0.055973    0.018535     0.11703
0.052397    0.023311    0.093573
0.0063867   -0.033077    0.078166
0.010422    -0.03364    0.075641
0.0059679    -0.03364    0.077926
0.038479   0.0021094   -0.036256
0.043551    0.018675      0.0211
0.044429     0.01599      0.0191
0.038994   0.0018151   -0.032892
0.044998   0.0042432    -0.01185
0.042025   0.0021094    -0.03291
0.042024   0.0024021    -0.03291
0.051889   -0.016517    0.077805
0.044806   0.0021097   -0.013205
0.018277    0.036846    0.095591
0.02068    0.024809     -0.0434
0.042025   0.0024021    -0.03291
0.016663    0.040358     0.10847
0.033777    0.036307     0.11685
0.042024   0.0024905     -0.0319
0.051352   -0.019384     0.07747
0.044878    0.014156      0.0211
0.04491    0.013979      0.0191
0.045378    0.011471      0.0191
0.015232    0.036788    0.077481
0.015266     0.03736    0.076917
0.018013    0.037349    0.081082
0.040842   0.0035304   -0.020014
0.045556   0.0046783  -0.0068937
0.043793   0.0034803   -0.020586
0.039142   0.0024905     -0.0319
0.049943    0.023604     0.07747
0.049045    0.023604     0.07747
0.049721    0.023275    0.076656
0.048864    0.023118     0.07649
0.050178    0.020984    0.076608
0.049305    0.022066    0.076101
0.023266    0.024787   -0.054391
0.02368    0.017609     -0.0549
0.042038   0.0021092   -0.032912
0.044818   0.0021092   -0.013335
0.042024   0.0018167    -0.03291
0.045577 -0.00044857  -0.0069967
0.014775   -0.023141   -0.064495
0.018031     0.03737    0.081194
0.018173    0.037012    0.081652
0.045123   0.0067919    0.017263
0.048315   0.0069526      0.0191
0.045865   0.0069526      0.0191
0.048085   0.0094622      0.0191
0.04832   0.0069525      0.0191
0.048197    0.012141      0.0191
0.04832   0.0069531      0.0191
0.045952    0.004945      0.0191
0.046754   0.0035275   0.0029003
0.04596   0.0049448      0.0191
0.018099     0.03061    0.083637
0.018679     0.03736      0.0841
0.044783   0.0021095   -0.013308
0.046749    0.000695   0.0028623
0.041758   0.0021095   -0.013308
0.05354    0.024849     0.12612
0.04836    0.025828     0.13731
0.045089   0.0069028   -0.010175
0.041973   0.0049118   -0.032908
0.041872   0.0069208   -0.032893
0.0041791     0.03736    0.082598
0.051123   -0.017225    0.076256
0.052205   -0.016592    0.076598
0.016186   -0.023141   -0.057416
0.01668   -0.023141     -0.0599
0.041974   0.0050001     -0.0319
0.041974   0.0049117   -0.032909
0.041871   0.0069208   -0.032892
0.044529   0.0086419   -0.013126
0.041865   0.0070076     -0.0319
0.043561   0.0079963   -0.020601
0.041656   0.0094319   -0.032874
0.041655    0.009518     -0.0319
0.023164   -0.021286   -0.054404
0.02368   -0.021691     -0.0549
0.02068   -0.021691     -0.0549
0.018179     0.03686      0.0836
0.05045     0.02205    0.075826
0.040672   0.0080996    -0.01942
0.045218   0.0091803  -0.0070677
0.038972   0.0070077     -0.0319
0.023131   -0.013391   -0.043378
0.023266   -0.021168   -0.043409
0.040817   0.0060871   -0.019475
0.043746   0.0060191   -0.020253
0.045521    0.007264  -0.0060237
0.04197   0.0049999     -0.0319
0.014775   -0.023141   -0.055305
0.0055848   -0.023141   -0.055305
0.047374   -0.020004     0.13734
0.047648   -0.028168     0.11697
0.047821     0.01147      0.0191
0.045372     0.01147      0.0191
0.047828     0.01147      0.0191
0.047827    0.011471      0.0191
0.018302   -0.025957    0.081584
0.018673   -0.025852    0.081576
0.018679    -0.02639      0.0811
0.045651   0.0094618      0.0191
0.044534    0.011367   -0.010803
0.041404    0.011437   -0.032909
0.041646   0.0095172     -0.0319
0.043295    0.010507   -0.020592
0.05065   -0.018404    0.076481
0.050466   -0.018913    0.076994
0.05073   -0.019414    0.077491
0.038927 -0.00060626     -0.0339
0.036918  0.00044295   -0.045893
0.010426     0.03736    0.075641
0.043996     0.01321   -0.012554
0.041388    0.011525     -0.0319
0.043005    0.012515   -0.020579
0.041401    0.011436   -0.032915
0.023266    0.024787   -0.045391
0.02368    0.025309     -0.0459
0.02368    0.017609     -0.0459
0.047386    0.013979      0.0191
0.051094    0.021057    0.076531
0.051256    0.021002    0.076306
0.039991    0.012556    -0.02011
0.044552    0.013695  -0.0070947
0.038474    0.011525     -0.0319
0.020674   -0.021146   -0.043386
0.020247   -0.021314   -0.043383
0.040301    0.010548   -0.020114
0.044896     0.01169  -0.0070648
0.0231    -0.01339   -0.045422
0.02328   -0.021177    -0.04539
0.018655    0.030024      0.0836
0.018179     0.03061      0.0816
0.018661    0.030043      0.0816
0.043612    0.015728    0.016136
0.046944    0.015987      0.0191
0.046951    0.015989      0.0191
0.041861  -0.0027031   -0.032882
0.044922    0.013979      0.0191
0.044075    0.013725    0.016188
0.042588    0.030142    0.083718
0.044709     0.03064    0.093107
0.042432    0.030278    0.083974
0.043068   -0.014103    0.017115
0.04357   -0.014452      0.0211
0.019227   -0.046004     0.10503
0.0091747   -0.047874     0.10502
0.01582    -0.04375    0.042314
-0.0018184    -0.04478    0.029641
0.014716   -0.038827   -0.020369
0.0085335   -0.033581   -0.079064
0.027736   -0.033214   -0.020457
0.020786   -0.031204   -0.066088
0.047265   -0.024355     0.13734
0.049033   -0.021628     0.13729
0.015673    0.036833    0.093622
0.015192    0.037369    0.093602
0.015679     0.03736      0.0931
-0.0018199   -0.033913   -0.082719
0.015099    -0.03364    0.093564
0.015679   -0.043319      0.0931
0.015168   -0.043443    0.093594
0.045455  -0.0052428      0.0191
0.048482   0.0017839      0.0191
0.045846 -0.00072562      0.0191
0.048428 -0.00072562      0.0191
0.018013   -0.033629    0.084118
0.04595   0.0017837      0.0191
0.038994   0.0019033     -0.0339
0.041874   0.0019033     -0.0339
0.038935 -0.00060596     -0.0339
0.041833 -0.00060615     -0.0339
0.018179     0.03061      0.0836
0.010677     0.03686     0.08908
0.018179     0.03061      0.0956
0.018179     0.03061      0.0936
0.041822 -0.00060627     -0.0339
0.039883  0.00048401   -0.046362
0.018679    0.030035    0.081566
0.040837     0.03061      0.0811
0.037876 -0.00051146   -0.057932
0.041823 -0.00060448   -0.033899
0.041778  -0.0026192    -0.03391
0.041717  -0.0026137     -0.0339
0.038823  -0.0026139     -0.0339
0.03988  -0.0015644   -0.045896
0.041711  -0.0026139     -0.0339
0.038631   -0.005123     -0.0339
0.036917  -0.0016093   -0.045382
0.038046  -0.0019951    -0.05655
0.017602    -0.03314      0.0816
0.038252  -0.0032923   -0.054831
0.035187  -0.0033708   -0.054891
0.037868 -0.00056676   -0.057991
0.038757  -0.0056852   -0.050428
0.041488  -0.0051198     -0.0339
0.035196  -0.0032923   -0.054831
0.041522  -0.0051233   -0.033901
0.045952   0.0051201      0.0211
0.04596   0.0024355      0.0191
0.038629   -0.005124     -0.0339
0.010395    0.044367    0.075178
0.036978  -0.0042668   -0.043692
0.02068   -0.021191     -0.0454
0.04122  -0.0071308     -0.0339
0.04148  -0.0051234     -0.0339
0.038622  -0.0051234     -0.0339
0.02068    0.024809     -0.0454
0.038644  -0.0053008     -0.0319
0.037667   -0.010963     -0.0319
0.037935  -0.0098156     -0.0319
0.041228  -0.0071307   -0.033902
0.038359  -0.0071311     -0.0339
0.038784  -0.0056852   -0.050427
0.041214  -0.0071311     -0.0339
0.037858  -0.0096385     -0.0339
0.040769  -0.0096406     -0.0339
0.018192   -0.026399    0.095598
0.018673   -0.025862    0.095579
-0.0018213    -0.04534     0.11083
-0.0018214   -0.041819     0.12146
0.038338  -0.0072357   -0.032704
0.039183  -0.0073049   -0.046515
0.035689  -0.0056852   -0.050428
0.039677  -0.0089561   -0.041725
0.036586  -0.0090269    -0.04175
0.038762  -0.0057456   -0.050452
0.040773  -0.0096398     -0.0339
0.018006    0.037358    0.084102
0.052087   -0.016354    0.077718
0.010674   -0.033076    0.076093
0.015263    -0.03364    0.076916
0.037813  -0.0097302   -0.032875
0.039683  -0.0089561   -0.041725
0.03658   -0.008956   -0.041725
0.040483   -0.010964     -0.0339
0.037806  -0.0097278   -0.032823
0.037837  -0.0096406     -0.0339
0.040504   -0.010962     -0.0339
0.040565   -0.010963   -0.033348
-0.0018217   -0.042137      0.1095
0.020247    0.024932   -0.045417
0.020142    0.025303   -0.045425
0.02068    0.025309     -0.0459
0.0056348   -0.044419    0.087571
0.0059412   -0.043978    0.087245
0.047082    0.029379     0.11698
0.0059182     0.03733    0.077867
0.010676    0.036796    0.076092
0.043656   -0.011713   -0.010018
0.04087  -0.0097058   -0.033155
0.040564   -0.010963     -0.0339
0.040575   -0.010965   -0.033349
0.023153   -0.013385   -0.054378
0.023689   -0.012903   -0.054398
0.02368   -0.013391     -0.0549
0.015228   -0.033074    0.077482
0.041333  -0.0073061     -0.0319
0.040852  -0.0098171     -0.0319
0.037062   -0.023877    -0.02054
0.023091   -0.013367   -0.045399
0.023656   -0.012802   -0.043401
0.039404   -0.010838   -0.020208
0.043983   -0.011981  -0.0071476
0.042466   -0.010803   -0.020612
0.040845  -0.0098156     -0.0319
0.025409   -0.028068   -0.063564
0.041018   -0.029202    0.042182
0.029821   -0.023586     -0.0629
0.045667   -0.016522    0.019101
0.046365   -0.014277      0.0191
0.010359   -0.044043    0.090007
0.051469   -0.017994    0.075814
0.051753   -0.016978    0.076269
0.047896   -0.016387    0.043247
0.045864   -0.016517      0.0211
0.030232   -0.038347    0.042247
-0.0018204   -0.040683   -0.020297
-0.0018203   -0.037698   -0.019993
-0.0018206   -0.043332    0.010984
-0.0018199    -0.03089   -0.082719
0.0084817   -0.033469   -0.079067
0.0085198   -0.030381   -0.079044
0.016831   -0.032152     -0.0704
0.016831    -0.02884     -0.0704
0.020658   -0.030933   -0.066024
0.020806   -0.027313   -0.065911
0.025779   -0.023552   -0.063455
0.029821   -0.017923     -0.0629
0.034709   0.0015775   -0.058871
0.037757   0.0015779   -0.058867
0.037753   0.0021091   -0.058904
0.034706   0.0021097     -0.0589
0.03471   0.0015779   -0.058867
0.0231    -0.01339   -0.054422
0.046052   -0.016517      0.0191
0.045671   -0.016517      0.0191
0.04702   -0.011767      0.0191
0.048239   -0.007874      0.0191
0.04566   -0.016517      0.0191
0.042553      0.0303    0.083602
0.042009     0.03061      0.0841
0.046524   -0.014455      0.0211
0.018129    0.030611    0.093582
0.046052   -0.016517      0.0211
0.015263    0.043065     0.07693
0.046516   -0.014452      0.0211
0.045873   -0.016517      0.0211
0.047893   -0.016375    0.043078
0.044255   -0.011943      0.0211
0.047178   -0.011942      0.0211
0.050941    0.020392    0.077652
0.05204    0.020615    0.077731
0.044697   -0.016344    0.042726
0.037768   -0.035869    0.080446
0.043465   -0.029343    0.074085
0.048793    -0.01846    0.066916
0.034095   -0.039139    0.090242
0.033492   -0.040162     0.10503
-0.0018206   -0.040358     0.01144
-0.0018208   -0.045493    0.042369
-0.0018213   -0.048329     0.10503
-0.0018208   -0.042525    0.042978
0.049483   -0.017005    0.070569
0.049609   -0.015927    0.066626
0.045589    -0.01846    0.066916
0.0059638   -0.043566    0.077931
0.045603   -0.018461    0.066906
0.049604   -0.015926    0.066631
0.048806    -0.01846    0.066909
0.050831   -0.019384     0.07747
0.050148   -0.013902    0.066448
0.048623   -0.013855    0.042965
0.046461   -0.015926    0.066631
0.048623   -0.013858    0.042995
0.02068   -0.021127   -0.045414
0.045484   -0.013833    0.042712
0.047171   -0.011943      0.0211
0.049098   -0.011834    0.042805
0.02318    0.017609     -0.0544
0.047604  -0.0099363      0.0211
0.0041743   -0.023141   -0.062384
0.0036799   -0.023141     -0.0599
0.044694   -0.009935      0.0211
0.049096   -0.011832    0.042785
0.047597   -0.009935      0.0211
0.045979   -0.011789    0.042298
0.050147   -0.013902    0.066452
0.023132    0.017609   -0.054422
0.047043   -0.013902    0.066452
0.050709   -0.011378    0.066277
0.047054   -0.013902    0.066446
0.050157   -0.013902    0.066447
0.051072  -0.0093605     0.06617
0.048243   -0.007426    0.021082
0.04764   -0.011377    0.066277
0.049588  -0.0093206    0.042764
0.01018    0.027359     -0.0664
0.015678    -0.03306    0.095623
0.015679    -0.03364      0.0961
0.046504  -0.0092854    0.042363
0.014775    0.027359   -0.055305
0.040395   -0.032942    0.093101
0.032687    -0.03661    0.093101
0.048429  -0.0054053    0.021088
0.048019  -0.0074254      0.0211
0.040556    -0.00381   -0.020226
0.038958  -0.0027888     -0.0319
0.0455   -0.025889    0.081604
0.045433  -0.0054178      0.0211
0.049897  -0.0073107    0.042738
0.048275  -0.0054178      0.0211
0.046832  -0.0072784    0.042368
0.020081    0.025264   -0.054399
0.02068    0.024809     -0.0544
0.020635     0.02471   -0.052401
0.048025  -0.0093605     0.06617
0.04841  -0.0068428    0.066069
0.05143  -0.0068423    0.066071
0.051081  -0.0093602    0.066167
0.048731  -0.0029077    0.021081
0.048401  -0.0068423    0.066071
0.050198  -0.0048114    0.042856
0.018165   -0.033231    0.095593
0.023266   -0.021168   -0.052409
0.02368   -0.021691     -0.0519
0.020669    0.024763   -0.043401
0.020135    0.025304   -0.043386
0.047162  -0.0048006    0.042732
0.045841    0.030222    0.095876
0.045328    0.030761    0.096094
0.048755 -0.00089103    0.021089
0.048502  -0.0029082      0.0211
0.02368   -0.013391     -0.0459
0.045837 -0.00090055      0.0211
0.05036  -0.0028026    0.042842
0.048614 -0.00090056      0.0211
0.04605  -0.0013431    0.026158
0.047334  -0.0027942    0.042747
0.051644  -0.0048298    0.066015
0.04925   -0.025932    0.093604
0.048683    -0.02639    0.093101
0.048634  -0.0048295    0.066012
0.051829  -0.0023163     0.06597
0.051651  -0.0048295    0.066013
0.045149  -0.0074254      0.0211
0.044532  -0.0069816    0.016027
0.045176  -0.0072505      0.0191
0.038828  -0.0027009    -0.03289
0.048819  -0.0023163     0.06597
0.050482 -0.00029205     0.04283
0.0055849    0.027359   -0.055305
0.023657    0.017021   -0.045399
0.023091    0.017586   -0.043401
0.02318    0.017609     -0.0454
0.047388 -0.00018576    0.041616
0.050176   0.0021094    0.038329
0.048674   0.0016089      0.0211
0.056503   -0.022966     0.11503
0.047176   0.0021098    0.038324
0.051148  0.00090321    0.052117
0.050183   0.0021098    0.038324
0.048695   0.0021095    0.021099
0.048141  0.00090351    0.052113
0.051915 -0.00030698    0.065951
0.051957   0.0021098    0.065943
0.048953   0.0021106    0.065944
0.050173   -0.016948    0.072766
0.044079   -0.029072    0.075541
0.038474   -0.035476    0.081188
0.034915   -0.038727    0.090509
0.034353   -0.039289    0.094336
0.033159   -0.040323     0.10581
0.034396   -0.039702     0.10492
0.01737   -0.045095     0.10857
0.0074802   -0.047933     0.10503
0.032001   -0.040839     0.10651
0.030262   -0.041551     0.10708
0.027185   -0.042642     0.10771
0.03636   -0.031893     0.13765
0.019135   -0.038927     0.13813
0.020669   -0.021144   -0.045399
0.020135   -0.021685   -0.045414
0.0062558   -0.046667     0.10861
-0.001817    -0.04845     0.10507
0.015087    0.039093     0.13825
-0.0018212     0.04136     0.10905
0.038237  -0.0098824   -0.031943
0.037665   -0.010963     -0.0319
0.034332   -0.022608   -0.020132
-0.0018213   -0.048003     0.10695
0.056673    0.021939    0.092862
0.044245   -0.011943      0.0211
0.048239  -0.0078739      0.0211
0.045158  -0.0074258      0.0211
0.048025  -0.0074252      0.0211
0.045703  -0.0029085      0.0211
0.048507  -0.0029081      0.0211
0.02018    0.025309     -0.0524
0.045945   0.0016087      0.0211
0.055947   -0.020171     0.11962
0.012664   -0.023141   -0.053894
0.045939   0.0016089      0.0211
0.018655    0.030024      0.0956
0.041608   -0.005213    -0.03286
0.041348  -0.0072157   -0.032933
0.043976  -0.0090003   -0.012445
0.041354  -0.0072167   -0.032926
0.044491  -0.0071235   -0.011091
0.042962  -0.0082929   -0.020618
0.018079   -0.041712    0.084181
0.01569   -0.043143    0.088646
0.041625  -0.0052131   -0.032875
0.018655   -0.025803      0.0936
0.018661   -0.025822    0.095601
0.041615  -0.0052984     -0.0319
0.04327  -0.0062866   -0.020605
0.04026  -0.0063196   -0.020226
0.044887  -0.0074714  -0.0070606
0.038707  -0.0052984     -0.0319
0.05176   -0.016582    0.077306
0.050474    -0.01898    0.077086
0.050956   -0.017245    0.076523
0.047433    -0.00976      0.0191
0.039936   -0.008328   -0.020217
0.044543  -0.0094805  -0.0070446
0.049329   -0.026031    0.096043
0.047019   -0.011769      0.0191
0.044098  -0.0094859    0.015968
0.04473    -0.00976      0.0191
0.0063864    0.036797    0.087033
0.0041236    0.037338    0.082604
0.044287   -0.011768      0.0191
0.047013   -0.011768      0.0191
0.044298   -0.011768      0.0191
0.018216   -0.042038      0.0811
0.018016   -0.041642      0.0811
0.018016    -0.03364      0.0811
0.04374   -0.011579     0.01694
0.04496  -0.0025939   -0.011206
0.041859  -0.0027029   -0.032881
0.041975 -0.00069388   -0.032901
0.023132   -0.013391   -0.052378
0.044575  -0.0044688   -0.012608
0.04197  -0.0006937   -0.032901
0.041966 -0.00078125     -0.0319
0.043693  -0.0017689    -0.02061
0.041956   0.0018172   -0.032885
0.042024   0.0017283     -0.0319
0.041972 -0.00078143     -0.0319
0.018679   -0.025814    0.083635
0.046028    -0.02639    0.084101
0.046305   -0.026158    0.083502
0.040711  -0.0018024   -0.020227
0.045395  -0.0029537  -0.0070656
0.03908 -0.00078124     -0.0319
0.018006   -0.033637    0.081098
0.010453   -0.043441    0.075138
0.010374   -0.042968    0.075647
0.015287   -0.042129    0.076933
0.0481  -0.0052428      0.0191
0.043547  -0.0037765   -0.020609
0.045214  -0.0049622  -0.0070556
0.047854  -0.0072513      0.0191
0.047854  -0.0072503      0.0191
0.044785  -0.0049705    0.015988
0.048325  -0.0027332      0.0191
0.0076957   -0.023141   -0.053894
0.047849  -0.0072505      0.0191
0.01803    -0.03365    0.084007
0.018173   -0.033292    0.083548
0.045186  -0.0072509      0.0191
0.043789  0.00074089   -0.020613
0.037447   -0.010963   -0.033324
0.040817  0.00070442   -0.020196
0.045542 -0.00045036  -0.0069957
0.02068    0.024746   -0.043386
0.01018   -0.023141     -0.0534
0.04571  -0.0027332      0.0191
0.04832  -0.0027332      0.0191
0.018088    0.042271    0.084178
0.045718  -0.0027335      0.0191
0.045082  -0.0025308    0.016786
-0.0018158   -0.046482     0.10935
-0.0018213   -0.046966     0.10861
0.040338   -0.031328      0.0841
0.034909   -0.034543      0.0841
-0.0018213    -0.04634     0.10927
0.016216   -0.045298     0.10861
0.026914   -0.039356      0.0841
0.040394   -0.031277      0.0841
0.01621   -0.044286     0.11016
0.016593   -0.043866     0.11199
0.023488   -0.043813     0.10818
0.016286   -0.043942      0.1119
-0.0018083   -0.046306     0.10925
0.016221   -0.045355     0.10867
0.038818  -0.0027037   -0.032873
-0.0018186    0.045819      0.1089
0.013208    0.045109     0.10853
0.0051391    0.045621     0.10881
-0.0018211    0.045748     0.10887
0.013195    0.044991     0.10874
0.027628   -0.038872      0.0811
0.018679    -0.03364      0.0811
-0.0018211     0.04611     0.10853
0.040809    0.030612      0.0811
0.02068   -0.021191     -0.0524
0.02318   -0.021191     -0.0524
0.02068   -0.021191     -0.0544
-0.0018211    0.045925     0.10871
-0.0018211    0.044614      0.1105
-0.0018114    0.044108     0.11242
0.06102  -0.0099245      0.1181
0.055839   0.0021104      0.1371
0.054348   -0.011221     0.13714
0.062487   0.0021212     0.11688
0.054053     0.01502     0.13715
0.057564   -0.019817     0.11815
0.05036   -0.021483     0.13725
0.050293   -0.021572     0.13726
0.054857    0.025252    0.096316
0.057554   -0.019866     0.11824
0.02318   -0.021191     -0.0544
0.02318   -0.013391     -0.0544
0.058251   -0.017736    0.094467
0.058256   -0.017789     0.09437
0.060929  -0.0086619    0.094223
0.023656    0.017023     -0.0524
0.023662    0.017042     -0.0544
0.023091   -0.013367   -0.054399
0.023657   -0.012802   -0.052401
0.02368   -0.012891     -0.0544
0.060585    0.014514     0.11808
0.040546   -0.030326      0.0811
0.036389   -0.033133      0.0811
0.052949   -0.016216    0.077051
0.048968   0.0070956      0.0211
0.052133   -0.016876    0.076199
0.015679   -0.033076    0.093586
0.018163   -0.033235    0.093597
0.052158   -0.016864    0.076216
0.052632   -0.016406     0.07681
0.053037   -0.016233    0.077683
0.05147   -0.018003    0.075813
0.015668   -0.033093    0.093601
0.015134   -0.033634    0.093587
0.051222   -0.018915    0.076106
0.038633  -0.0052354   -0.032594
0.051253   -0.019487      0.0768
0.015267    0.043049    0.076918
0.051273   -0.019451    0.076687
0.056291   -0.020959    0.093411
0.018679   -0.025835    0.093588
0.018174   -0.033243    0.081634
0.018022   -0.033672    0.081203
0.04743   -0.031943    0.094573
0.056513   -0.022807     0.11309
0.047279   -0.024568     0.13734
0.045536   -0.033613     0.11776
0.055659   -0.023213     0.11775
0.034402   -0.039718     0.10492
0.061801   0.0021147    0.093651
0.018679    -0.02589      0.0816
0.018679    -0.02589      0.0836
0.045494    -0.02589    0.081601
0.06061     0.01314    0.094243
0.018288    0.036856     0.08356
0.048172   -0.024921     0.13732
0.035826   -0.035878     0.13766
0.048157   -0.024673     0.13732
0.032155   -0.040231     0.11751
0.01862   -0.042128     0.13815
-0.0018211   -0.045081     0.11266
-0.0018215   -0.044005     0.13872
0.018016     0.03736      0.0841
0.018016    0.042363      0.0841
0.015897   -0.044047     0.11202
-0.0018214   -0.044661     0.12569
-0.0018213   -0.044996     0.11256
0.040476    0.033411      0.0961
0.041741    0.030144    0.081612
0.036103  -0.0073056   -0.046513
0.0061212   -0.044788     0.11253
0.033626   -0.040008     0.10703
0.020036   -0.043358      0.1116
0.018134   -0.026384    0.081587
0.024661   -0.042477     0.11088
0.027831    -0.04174     0.11009
0.031334   -0.040758     0.10873
0.044699  -0.0099359      0.0211
0.045184  -0.0072518      0.0191
-0.0018213   -0.044976     0.11265
0.024705   -0.042458     0.11086
0.015661    0.036793      0.0936
0.039154    0.032401      0.0841
0.020081    0.025264   -0.045399
0.020635     0.02471   -0.043401
0.029595   -0.041783     0.10726
0.033482   -0.040143     0.10502
0.056092    0.024054     0.11806
0.056848    0.023721     0.11426
0.057003      0.0219    0.093587
0.048563    0.025733      0.1373
0.048443    0.026044     0.13733
0.056659    0.023815      0.1143
0.0485    0.025803     0.13731
0.0059699    -0.03364    0.087277
0.050025    0.022875    0.075957
0.050438    0.022045    0.075823
0.051255       0.021    0.076305
0.052203    0.020497    0.077667
0.04716    0.032737    0.094587
0.05482    0.025426    0.094604
0.049842     0.02351    0.076472
0.042955    0.035543      0.1177
0.053453    0.027462     0.11778
0.054843    0.025302    0.096368
0.050127     0.02383     0.07737
0.055019    0.025485    0.095326
0.05467    0.026906     0.11145
0.055006     0.02557    0.096253
0.049876    0.023529    0.076451
0.050097    0.023905    0.077376
0.040402   -0.030452      0.0811
0.018129    -0.02639    0.095619
0.049877    0.022657    0.076257
0.05209    0.020721    0.077718
0.038978  0.00079929     -0.0319
0.0463    -0.02589      0.0836
0.038418   -0.007306     -0.0319
0.05193     0.02032    0.077782
0.057002    0.021851    0.093893
0.015252   -0.042674    0.088286
0.030322    0.040895     0.10962
0.033569    0.039776     0.10811
0.045332    0.028847      0.1374
0.030239    0.040719     0.10962
0.027707    0.041345     0.11035
0.018679    0.030035    0.093565
0.027601    0.041462      0.1104
0.014663    0.043321     0.11725
0.026943    0.042452     0.10777
0.022532     0.04236     0.11129
0.022717    0.042335     0.11126
0.018211    0.042754      0.0841
0.02368    0.017109     -0.0434
0.023153    0.017604   -0.043422
0.023689    0.017122   -0.043403
0.02368    0.017609     -0.0429
0.018673    0.030072    0.083625
0.016252    0.044733     0.10846
0.015567    0.043322     0.11196
0.013237    0.043615     0.11214
0.018192    0.030619    0.093602
0.018673    0.030083    0.093622
0.015673   -0.033112    0.095578
0.015192   -0.033649    0.095598
0.018016     0.03736      0.0811
0.038994   0.0018144   -0.032884
-0.0018214    0.044328     0.11244
0.0051491    0.044071     0.11237
0.033583   -0.035753    0.088174
0.013237     0.04338     0.11211
0.013125     0.04467     0.10823
0.045215    0.029115     0.13728
0.054604    0.027105     0.11371
-0.0018212    0.041045     0.12128
-0.0018211     0.04422     0.11236
0.018179    -0.02639      0.0816
0.018179    -0.03314      0.0836
0.018179    -0.02639      0.0836
-0.0018212    0.043885     0.12559
0.016099    0.041988     0.13822
-0.0018213    0.043226     0.13872
0.032104    0.037714     0.13777
0.045495    0.029176     0.13739
0.038425  -0.0073057     -0.0319
0.051048    0.028151     0.12563
0.014007    0.041696   -0.019989
0.0036801    0.041366     -0.0599
0.0049534    0.041467   -0.056036
0.0049764    0.040979   -0.063795
0.0046326    0.027357   -0.063539
-0.0018223    0.044567    0.010066
0.0081957    0.041122    -0.05371
0.004721    0.027355   -0.056091
0.018679    -0.02589      0.0936
0.018679    -0.02589      0.0956
0.012279    0.040151   -0.053748
0.0089048    0.027358   -0.053401
0.045445    0.030188    0.093629
0.015554    0.038819   -0.056244
0.020273     0.03776   -0.043134
0.01668     0.03801     -0.0599
0.015744    0.027356   -0.056271
0.026021    0.036199   -0.020013
0.020752    0.035159    -0.06605
0.015592    0.038185   -0.063501
0.012455    0.039184   -0.065989
0.015663    0.027355   -0.063656
0.008294     0.04028    -0.06612
0.011482    0.027359    -0.06638
0.045304    0.030375    0.093238
0.018679   -0.025814    0.095634
0.02068    0.037475     -0.0429
0.028863    0.030671     -0.0429
0.0201     0.02531   -0.043364
0.020298    0.037718    -0.04344
0.034473    0.027377    -0.02002
0.032988    0.024269     -0.0429
0.035524    0.017318   -0.042962
0.035497    0.017609     -0.0429
0.035574    0.017166   -0.043407
0.035555    0.017109     -0.0434
0.02368    0.017061   -0.043383
0.035555    0.017109     -0.0434
0.02368    0.017109     -0.0454
0.035237    0.017109     -0.0454
0.020635   -0.021092   -0.054399
0.02018   -0.021691     -0.0544
0.020081   -0.021645   -0.052401
0.037589    0.016021     -0.0319
0.037378    0.016022   -0.033375
0.034097    0.017109     -0.0524
0.035115    0.017325    -0.04583
0.018288   -0.033136     0.08164
0.018099    -0.02639    0.081563
0.02368    0.017587    -0.04595
0.035022    0.017609     -0.0459
0.035237    0.017063   -0.045421
0.034098    0.017324   -0.051966
0.0326    0.024118     -0.0459
0.028032    0.030004     -0.0519
0.028626    0.030413     -0.0459
0.031757    0.023901     -0.0519
0.02045    0.036902   -0.051916
0.020383    0.037373   -0.045823
0.02068    0.037195     -0.0459
0.050462   -0.018384    0.076518
0.020218     0.03753   -0.045398
0.02018    0.036854     -0.0524
0.02018    0.037528     -0.0454
0.020119    0.025309   -0.045414
0.0056874   -0.044006    0.077546
0.018179    -0.03314      0.0936
0.02018    0.025309     -0.0434
0.02018    0.025309     -0.0454
0.02018    0.037708     -0.0434
0.018655   -0.025803      0.0816
0.018661   -0.025822    0.083601
0.049652    -0.02589      0.0956
0.056475    -0.02113    0.094058
0.023166   -0.021286   -0.043408
0.020393    0.036498   -0.054825
0.02018     0.03665     -0.0544
0.02318   -0.013391     -0.0524
0.02018     0.03665     -0.0544
0.02018    0.025309     -0.0544
0.044833    -0.02639    0.081101
0.02323    0.017637   -0.045383
0.023676    0.017031   -0.045441
0.0201     0.02531   -0.052365
0.02068      0.0366     -0.0519
0.020308    0.036864   -0.052442
0.034046    0.017609     -0.0519
0.034117    0.017184   -0.052403
0.02368    0.017055   -0.052387
0.034097    0.017109     -0.0524
0.02368    0.017109     -0.0544
0.033763    0.017109     -0.0544
0.020669   -0.021144   -0.054399
0.020135   -0.021685   -0.054414
0.02368    0.017109     -0.0524
0.033551    0.017151   -0.054648
0.033546    0.017609     -0.0549
0.02368    0.017586    -0.05495
0.033762    0.017057   -0.054423
0.031346    0.023742     -0.0549
0.027776    0.029726     -0.0549
0.02068    0.036282     -0.0549
0.020223    0.036652   -0.054397
0.020119    0.025309   -0.054414
0.0041789    -0.03364    0.082602
0.03804    0.014036     -0.0319
0.023356    0.017222   -0.045396
0.037368    0.016021     -0.0319
0.038033    0.014034     -0.0319
0.037596    0.016021     -0.0319
0.038481    0.011525     -0.0319
0.040954    0.014034     -0.0319
0.037701    0.031452    0.042888
0.027719    0.039028    0.042908
0.015805    0.043857    0.076566
0.045977  -0.0063224    0.031955
0.039174 -0.00077767   -0.031913
0.039138  -0.0028092   -0.031925
0.049166   -0.021605     0.13729
0.033985   0.0021096     -0.0629
0.034703   0.0026394   -0.058871
0.010679     0.03686     0.07612
0.035011   0.0062048   -0.056559
0.035264    0.007507   -0.054848
0.03619    0.011521   -0.046522
0.037876    0.013927   -0.033098
0.034708   0.0021097     -0.0589
0.034993  -0.0019915   -0.056554
0.038966   0.0049135   -0.032895
0.018179    -0.03314      0.0816
0.038939   0.0049133   -0.032891
0.038822   0.0069179   -0.032921
0.03886   0.0069206   -0.032924
0.018285    0.036859    0.081627
0.02068    0.024746   -0.052386
0.038826   0.0069187   -0.032916
0.018179     0.03686      0.0956
0.038747   0.0080612     -0.0319
0.038836    0.006833     -0.0339
0.038586   0.0094273   -0.032909
0.020674    0.024765   -0.054414
0.038598   0.0094283   -0.032917
0.038593   0.0094281   -0.032913
0.023136    0.017604   -0.052386
0.038332    0.011433   -0.032946
0.038348    0.011433   -0.032949
0.020674    0.024765   -0.045414
0.037833    0.013919   -0.033139
0.038354    0.011351     -0.0339
0.020142   -0.021685   -0.043375
0.048947   0.0021107    0.065942
0.037375    0.016022   -0.033367
0.037368    0.016021   -0.033391
0.043919    0.025468    0.075546
0.044982    0.022765    0.067903
0.047625    0.016025     0.07273
0.045196    0.014907    0.029674
0.047445    0.015629    0.066615
0.047122    0.025845     0.13734
0.047887    0.013601    0.066403
0.045765    0.012475    0.030588
0.049232   0.0021107    0.071928
0.046038    0.010399     0.02978
0.040859  -0.0098147     -0.0319
0.037446   -0.010956   -0.033298
0.010679    -0.03314    0.089081
0.048587   0.0090571    0.066096
0.046502   0.0081093    0.032203
0.046523    0.006006    0.031235
0.045497   -0.025869    0.081593
0.050667   -0.019106     0.07757
0.04906   0.0065344    0.066002
0.048932   0.0045282    0.065963
0.047175   0.0021101    0.038327
0.02328   -0.021177    -0.05439
0.02068    0.024727   -0.045424
0.048954   0.0021108    0.065942
0.049235   0.0021107    0.071928
0.058615   0.0021116    0.093127
0.039838    0.031285      0.0811
0.041244    0.030248    0.081207
0.02068   -0.021108   -0.052376
0.02068   -0.021691     -0.0519
0.041741     0.03011      0.0816
0.028961    0.039206      0.0811
0.018679   -0.025835    0.081588
0.018646    0.042858      0.0811
0.018073    0.042313    0.081031
0.015722    0.043525    0.076561
0.015161   -0.043523    0.095612
0.038886   -0.002708   -0.032901
0.010417    0.044396    0.075149
0.0056359    0.044847    0.077591
0.042031    0.001728     -0.0319
0.018661    0.030043      0.0936
0.0037039    0.044914    0.082604
0.0056377    0.044737    0.087623
0.019119    0.042489     0.10581
0.010411    0.044256     0.09006
0.015403    0.043497    0.093168
0.01571    0.043447    0.088651
0.03861  -0.0052379    -0.03259
0.015179    0.043491      0.0936
0.015222    0.043634    0.095891
0.025643    0.040655      0.0931
0.018646    0.042844      0.0841
0.047876     -0.0249     0.13722
0.018679    0.030048    0.083614
0.028336    0.039522      0.0841
0.036869    0.034271     0.08821
0.038387    0.032842      0.0841
0.035564    0.035357      0.0931
0.042006    0.030653      0.0841
0.040404    0.033148      0.0931
0.015679    0.043404      0.0931
0.015147      0.0435    0.093585
0.015131     0.03736    0.093582
0.015179    0.043464      0.0956
0.015679    0.036797    0.095614
0.018163    0.036956    0.095604
0.015679     0.03736      0.0961
0.020674   -0.021146   -0.052386
0.020247   -0.021314   -0.052383
0.05074   -0.019544    0.077496
0.015679    0.043365      0.0961
0.015099    0.037361    0.095636
0.015171    0.043469    0.095606
0.025389    0.040734      0.0961
0.034337    0.036262     0.10073
0.034974    0.035807      0.0961
0.033995    0.036483     0.10585
0.016524     0.04022     0.10847
0.049653   -0.026073    0.095534
0.02368   -0.012891     -0.0454
0.041655   0.0095168     -0.0319
0.03874   0.0095172     -0.0319
0.038657    0.011531   -0.031925
0.038814    0.009509   -0.031909
0.038978   0.0070075     -0.0319
0.039085   0.0049999     -0.0319
0.042031   0.0024907     -0.0319
0.039142   0.0024905     -0.0319
0.039145    0.007006   -0.031924
0.039152   0.0049938   -0.031909
0.041782   0.0021102   -0.013334
0.039285   0.0024936   -0.031921
0.039166   0.0021105   -0.031903
0.023356   -0.013003   -0.052404
0.023166    0.024905   -0.045392
0.023153   -0.013385   -0.045378
0.023689   -0.012903   -0.045398
0.039226   0.0017248   -0.031912
0.041761    0.002111   -0.013362
0.039143   0.0021102     -0.0319
0.039142   0.0017283     -0.0319
0.023097    0.017609   -0.052376
0.01813     0.03061    0.081582
0.02018   -0.021691     -0.0454
0.045069    0.002121    0.015252
0.045133   0.0021121     0.01536
0.04584 -0.00090067      0.0211
0.045949   0.0017837      0.0191
0.038996   0.0024056   -0.032871
0.03848   0.0021096   -0.036253
0.038996   0.0021102   -0.032877
0.038997   0.0024055   -0.032871
0.039   0.0023155     -0.0339
0.038995   0.0018145   -0.032885
0.038479   0.0021096   -0.036259
0.013811   -0.035977    -0.02005
0.01668   -0.030401     -0.0599
0.015503   -0.031357   -0.056169
0.020859   -0.027532    -0.06598
0.015576   -0.030355   -0.063524
0.015733   -0.023135   -0.063556
0.020251   -0.031047   -0.043128
0.01218    -0.03269   -0.053715
0.015669   -0.023135   -0.056133
0.0081499   -0.033535   -0.053725
0.011467   -0.023139   -0.053408
0.0049404   -0.033701   -0.056053
0.0036799   -0.033382     -0.0599
0.004628   -0.023137   -0.056262
0.020142   -0.021685   -0.052375
0.0049821   -0.032805   -0.063803
0.0083039   -0.032047   -0.066123
0.0047075   -0.023135   -0.063705
0.012441   -0.031093   -0.065994
0.0089193   -0.023139   -0.066408
0.02368   -0.012891     -0.0434
0.035306   -0.012891     -0.0434
0.034974   -0.012891     -0.0454
0.034834   -0.013101   -0.045827
0.034975   -0.012891     -0.0454
0.023166   -0.021286   -0.052408
0.023132    0.017609   -0.045422
0.035213   -0.012928   -0.043106
0.01821   -0.042175      0.0841
0.035229   -0.013391     -0.0429
0.02368   -0.013368   -0.042851
0.035323   -0.012999   -0.043435
0.032348    -0.03717      0.1008
0.032684   -0.019293     -0.0429
0.028588   -0.024933     -0.0429
0.025832   -0.030902   -0.020096
0.02068   -0.030844     -0.0429
0.020301    -0.03104   -0.043412
0.01513    -0.03364    0.095618
0.020118   -0.021691   -0.043386
0.02018    -0.03076     -0.0454
0.02018    -0.03103     -0.0434
0.02018   -0.021691     -0.0434
0.02018   -0.029782     -0.0524
0.020408   -0.030648   -0.045829
0.0201   -0.021691   -0.045436
0.02068   -0.030433     -0.0459
0.020202   -0.030763   -0.045394
0.051392   -0.019658    0.077409
0.028812   -0.022693     -0.0519
0.030521   -0.021894     -0.0459
0.02068    -0.02958     -0.0519
0.020323   -0.029755    -0.05205
0.033709   -0.013391     -0.0519
0.034731   -0.013391     -0.0459
0.034977   -0.012836   -0.045421
0.033747   -0.012943   -0.052106
0.02368   -0.012842   -0.045417
0.02368   -0.013368    -0.05185
0.033802   -0.013005   -0.052437
0.020318   -0.029792   -0.052416
0.020125   -0.021691   -0.052387
0.045078   -0.010711    0.031018
0.038813  -0.0052957   -0.031915
0.038554  -0.0073302   -0.031919
0.02018   -0.029492     -0.0544
0.02018   -0.021691     -0.0524
0.020408   -0.029366   -0.054829
0.0201   -0.021691   -0.054436
0.02068   -0.029136     -0.0549
0.020206   -0.029495   -0.054393
0.028479   -0.022385     -0.0549
0.033402   -0.013129   -0.054844
0.033184   -0.013391     -0.0549
0.033436   -0.012833   -0.054422
0.033434   -0.012891     -0.0544
0.02368   -0.012842   -0.054417
0.015669    0.036814    0.095599
0.015135    0.037354    0.095614
0.02368   -0.012891     -0.0524
0.033783   -0.012891     -0.0524
0.033434   -0.012891     -0.0544
0.018134    0.030604    0.095614
0.018668    0.030063    0.095599
0.02068   -0.021127   -0.054414
0.039142   0.0017283     -0.0319
0.048404  -0.0068424    0.066067
0.045996  -0.0083449    0.031122
0.047644   -0.011378    0.066273
0.03837  -0.0072576   -0.032462
0.023278    0.024796   -0.052409
0.045214    -0.01321       0.035
0.046457   -0.015924    0.066623
0.03827   -0.027887     0.04284
0.028338   -0.036015    0.042887
0.015769   -0.042602    0.076568
0.014906   -0.040912    0.042933
0.0037055   -0.044396    0.082534
-0.0018095   -0.040474       0.013
0.0056634   -0.044059    0.077538
0.010462   -0.043452     0.07512
0.015409   -0.043628    0.096034
0.018332   -0.043163     0.10595
0.0056086   -0.044476    0.087562
0.015856   -0.040964     0.10881
-0.0018196    0.002109     -0.1059
0.020454   -0.020165     -0.1059
0.010235   -0.026993     -0.1059
-0.0018197   -0.029391     -0.1059
-0.013874   -0.026993     -0.1059
-0.024093   -0.020165     -0.1059
-0.030922  -0.0099455     -0.1059
-0.03332   0.0021091     -0.1059
-0.030922    0.014164     -0.1059
-0.024093    0.024383     -0.1059
-0.013874    0.031211     -0.1059
-0.0018195    0.033609     -0.1059
0.010235    0.031211     -0.1059
0.020454    0.024383     -0.1059
0.027283    0.014164     -0.1059
0.02968    0.002109     -0.1059
0.027283  -0.0099455     -0.1059
F
13   96  510
13  148  333
13  333  504
13  504   96
13  510  148
36    41  2289
36  42  41
36  2289    42
41    42  2189
41  1160  2289
41  2189  1160
42   65  620
42  82  65
42  83  82
42   620  2189
42  2289    83
65   82  250
65  250  625
65   625  2189
65  2189   620
80    81  2289
80  82  81
80   96  489
80  489   82
80  518   96
80  2289   518
81  82  83
81    83  2289
82  489  250
96  504  489
96  515  510
96  518  515
117  331  799
117  594  331
117  799  594
130   207  1202
130  216  207
130  1002  2679
130  1202  1002
130  2679   216
131  132  207
131  143  223
131  207  216
131   216  2679
131  223  132
131  2678   143
131  2679  2678
132  140  148
132  141  140
132  142  141
132  147  207
132  148  336
132  212  147
132  223  142
132  336  212
140  141  188
140  188  317
140  316  331
140  317  316
140  331  333
140  333  148
141  142  223
141   223  2677
141  2677   188
143  2678   223
147  212  990
147  990  998
147  998  207
148  510  515
148  515  518
148  518  336
149  336  520
149  520  527
149   527  2289
149  1208   336
149  1238  1208
149  2289  1238
175  177  391
175   246  2675
175  391  427
175  427  459
175  459  799
175  799  246
175  2675   177
177  2674   391
177  2675  2674
181  182  183
181  183  284
181  284  315
181  315  701
181  701  182
182   188  2676
182  317  188
182  701  317
182  2676   183
183  2675   284
183  2676  2675
188  2677  2676
207   998  1202
212   336  1208
212  1208   990
223  2678  2677
246   284  2675
246  315  284
246  799  315
250  489  594
250  594  793
250  793  625
315  317  701
315  331  317
315  799  331
316  317  331
331  493  504
331  504  333
331  594  493
336  518  520
352  353  354
352  354  451
352  369  353
352  371  369
352  389  371
352  391  389
352  451  463
352  463  391
353  358  424
353  369  417
353  417  358
353  424  439
353  438  354
353  439  438
354  438  625
354  625  723
354  723  793
354  793  451
358   417  1832
358  1703   424
358  1832  1834
358  1834  1703
369   371  2673
369  405  415
369  415  417
369  2671   405
369  2672  2671
369  2673  2672
371   389  2673
374   415  2671
374  417  415
374  1713  1832
374  1832   417
374  2671  1713
389   391  2673
391  463  427
391  2674  2673
405  2671   415
424  1703  1875
424  1875   439
427  463  459
438  439  625
439  1701  2189
439  1875  1701
439  2189   625
451  459  463
451  793  459
459  594  799
459  793  594
489  493  594
489  504  493
518  527  520
518  2289   527
625  793  723
987   990  1267
987  995  990
987  1190   995
987  1242  1273
987  1254  1242
987  1267  1268
987  1268  1254
987  1273  2230
987  2227  1190
987  2230  2227
988  989  990
988   990  1208
988  1208  1238
988  1238   989
989  1238  2288
989  1267   990
989  2257  1267
989  2288  2290
989  2290  2257
990  995  998
995   996  1198
995   997  1202
995  1190   996
995  1198   997
995  1202   998
996  1190  1191
996  1191  2681
996  2681  1198
997  1002  1202
997  1198  2680
997  2680  1002
1002  2680  2679
1052  1053  2217
1052  1082  2683
1052  1083  1082
1052  1188  1053
1052  1236  1083
1052  2181  1236
1052  2217  2181
1052  2682  1188
1052  2683  2682
1053  1188  1191
1053  1191  2234
1053  2234  2217
1056  1068  2137
1056  1160  2183
1056  2130  1160
1056  2137  2130
1056  2183  1068
1065  1082  1083
1065  1083  2181
1065  1230  1082
1065  2181  1230
1068  2174  2175
1068  2175  2137
1068  2183  2174
1082  1130  2683
1082  1230  1130
1083  1236  2181
1127  1130  1230
1127  1155  1172
1127  1172  2683
1127  1230  1155
1127  2683  1130
1155  1230  1732
1155  1732  1172
1160  2129  2132
1160  2130  2129
1160  2132  2219
1160  2184  2183
1160  2187  2184
1160  2189  2187
1160  2219  2289
1172  1732  1748
1172  1748  1845
1172  1845  2683
1177  1768  1777
1177  1777  1788
1177  1788  1806
1177  1806  2141
1177  1814  1823
1177  1823  2684
1177  2141  1814
1177  2684  1768
1188  2681  1191
1188  2682  2681
1190  2227  2234
1190  2234  1191
1198  2681  2680
1230  1550  1732
1230  1591  1550
1230  2177  1591
1230  2181  2177
1238  2289  2288
1242  1254  1273
1254  1268  2230
1254  2230  1273
1267  2230  1268
1267  2257  2290
1267  2290  2230
1434  1545  2367
1434  1973  1545
1434  2128  2137
1434  2137  1973
1434  2141  2142
1434  2142  2128
1434  2367  2141
1523  1737  2177
1523  1740  1737
1523  1746  1740
1523  1768  1746
1523  1777  1768
1523  1788  1777
1523  1806  1788
1523  2142  1806
1523  2177  2142
1545  1973  2171
1545  2171  2367
1550  1591  1726
1550  1726  1732
1591  2177  1726
1613  2132  2148
1613  2148  2215
1613  2215  2293
1613  2219  2132
1613  2293  2219
1700  1701  1702
1700  1702  1831
1700  1831  1986
1700  1873  1991
1700  1986  1873
1700  1991  1992
1700  1992  2186
1700  2186  2187
1700  2187  1701
1701  1875  1702
1701  2187  2189
1702  1703  1834
1702  1704  1831
1702  1834  1704
1702  1875  1703
1704  1705  1838
1704  1706  1831
1704  1707  1706
1704  1832  1705
1704  1834  1832
1704  1838  1707
1705  1713  2671
1705  1832  1713
1705  2670  1838
1705  2671  2670
1706  1707  1821
1706  1814  2171
1706  1821  1814
1706  2171  1831
1707  1838  2670
1707  2669  1821
1707  2670  2669
1726  1737  1732
1726  2177  1737
1732  1737  1740
1732  1740  1748
1740  1744  1748
1740  1746  1744
1744  1746  2683
1744  2683  1748
1746  1768  2683
1748  2683  1845
1768  2684  2683
1806  2142  2141
1814  1821  1823
1814  2141  2367
1814  2367  2171
1821  2669  1823
1823  2669  2684
1831  2171  1986
1873  1986  2176
1873  1987  1991
1873  2176  1987
1973  2137  2175
1973  2174  2171
1973  2175  2174
1986  2171  2176
1987  2174  2186
1987  2176  2174
1987  2186  1991
1991  2186  1992
2128  2129  2130
2128  2130  2137
2128  2131  2129
2128  2142  2131
2129  2131  2148
2129  2148  2132
2131  2142  2177
2131  2177  2181
2131  2181  2148
2148  2181  2216
2148  2216  2215
2171  2174  2176
2174  2183  2184
2174  2184  2186
2181  2217  2216
2184  2187  2186
2215  2216  2281
2215  2231  2293
2215  2281  2231
2216  2217  2234
2216  2234  2236
2216  2235  2281
2216  2236  2235
2219  2288  2289
2219  2290  2288
2219  2291  2290
2219  2293  2291
2227  2230  2281
2227  2235  2236
2227  2236  2234
2227  2281  2235
2230  2231  2281
2230  2290  2291
2230  2291  2293
2230  2293  2231
2669  2670  2671
2669  2671  2682
2669  2682  2684
2671  2672  2673
2671  2673  2675
2671  2675  2678
2671  2678  2681
2671  2681  2682
2673  2674  2675
2675  2676  2678
2676  2677  2678
2678  2679  2680
2678  2680  2681
2682  2683  2684
