2
111
0.45000000
1.00000000

0.00010000

1.00000000 1.00000000 1.00000000 1.00000000 1.00000000 1.00000000 1.00000000 1.00000000 1.00000000 1.00000000 1.00000000 1.00000000 1.00000000 1.00000000 1.00000000 1.00000000 1.00000000 1.00000000 1.00000000 1.00000000 1.00000000 1.00000000 1.00000000 1.00000000 1.00000000 1.00000000 1.00000000 1.00000000 1.00000000 1.00000000 1.00000000 1.00000000 1.00000000 1.00000000 1.00000000 1.00000000 1.00000000 1.00000000 1.00000000 1.00000000 1.00000000 1.00000000 1.00000000 1.00000000 1.00000000 1.00000000 1.00000000 1.00000000 1.00000000 1.00000000 1.00000000 1.00000000 1.00000000 1.00000000 1.00000000 1.00000000 1.00000000 1.00000000 1.00000000 1.00000000 1.00000000 1.00000000 1.00000000 1.00000000 1.00000000 1.00000000 1.00000000 1.00000000 1.00000000 1.00000000 1.00000000 1.00000000 1.00000000 1.00000000 1.00000000 1.00000000 1.00000000 1.00000000 1.00000000 1.00000000 1.00000000 1.00000000 1.00000000 1.00000000 1.00000000 1.00000000 1.00000000 1.00000000 1.00000000 1.00000000 1.00000000 1.00000000 1.00000000 1.00000000 1.00000000 1.00000000 1.00000000 1.00000000 1.00000000 1.00000000 1.00000000 1.00000000 1.00000000 1.00000000 1.00000000 1.00000000 1.00000000 1.00000000 1.00000000 1.00000000 1.00000000 

0.22126040 0.22654638 0.23586032 0.25031634 0.26875404 0.29039351 0.31540274 0.34413941 0.37781531 0.41777118 0.46407491 0.51566756 0.57054379 0.62700228 0.68399347 0.74278713 0.80528517 0.87271050 0.94579518 1.02414886 1.10800926 1.19841287 1.29497993 1.39969345 1.51199897 5.93321229 5.94038655 5.94481059 5.94761446 5.94950572 5.95093740 5.95285061 5.95560778 5.95871026 5.96182045 5.96581574 5.97093010 5.97688215 5.98296505 5.98853854 5.99299762 5.99575955 5.99649240 5.99526739 5.99283574 5.99013420 5.98881407 5.99046157 5.99582618 6.00467860 6.01648076 6.03022318 6.04513605 6.06049077 6.07568390 6.09003637 6.10280092 6.11378105 6.12316296 6.13152422 6.13900623 4.51648982 4.64467424 4.76677639 4.88124681 4.98632281 5.08199661 5.16948745 5.25095295 5.32740256 5.39924755 5.46665427 5.52951625 5.58739884 5.64071083 5.69011806 5.73579180 5.77744410 5.81478396 5.84727302 5.87445790 5.89664299 5.91403793 1.55799682 1.67303400 1.78722500 1.90096469 2.01341969 2.12231727 2.22671573 2.32481024 2.41513576 2.49705437 2.57195727 2.64201532 2.70976791 2.77718971 2.84815095 2.92623293 3.01238167 3.10644356 3.20750040 3.31492806 3.42682391 3.54225436 3.66010452 3.78135037 3.90647883 4.03577242 4.16829373 4.30289127 
-2.44868300 -2.52533005 -2.59198646 -2.64962801 -2.69976239 -2.74360426 -2.78136699 -2.81292539 -2.83755504 -2.85400789 -2.86067070 -2.85664133 -2.84407754 -2.82432413 -2.79968571 -2.77142021 -2.74015856 -2.70605351 -2.66831027 -2.62739326 -2.58490267 -2.54250011 -2.50116636 -2.46430896 -2.43273106 -1.18613447 -1.11907732 -1.05091696 -0.98169492 -0.91116966 -0.83879097 -0.76449507 -0.68873334 -0.61180750 -0.53412205 -0.45571241 -0.37678410 -0.29844302 -0.22234236 -0.14903777 -0.07871047 -0.01104097 0.05476798 0.11949007 0.18451292 0.25005710 0.31561917 0.38012205 0.44225266 0.50013050 0.55176527 0.59604763 0.63252872 0.66108860 0.68219683 0.69695212 0.70669183 0.71278384 0.71594958 0.71677861 0.71549066 -2.12809836 -2.11104966 -2.09158614 -2.06884496 -2.04309998 -2.01466914 -1.98349089 -1.94997419 -1.91423648 -1.87673754 -1.83862367 -1.80045071 -1.76118291 -1.71971221 -1.67571317 -1.62896618 -1.57927949 -1.52701278 -1.47227983 -1.41488281 -1.35435351 -1.29100758 -2.42158644 -2.39661344 -2.37713311 -2.36270003 -2.35248805 -2.34498428 -2.33873385 -2.33303629 -2.32790944 -2.32364610 -2.32041385 -2.31775708 -2.31527537 -2.31233047 -2.30844182 -2.30398588 -2.29847275 -2.29170128 -2.28324160 -2.27308166 -2.26175616 -2.24960622 -2.23543067 -2.21974552 -2.20292262 -2.18583155 -2.16927246 -2.15329732 
