2
99
0.75000000
1.00000000

0.10000000

-1.73238135 -1.73513341 -1.74107296 -1.68173847 -1.62062328 -1.57425148 -1.44261442 -1.26862860 -1.11710437 -0.88038925 -0.61151104 -0.42800721 -0.27204224 -0.11709217 -0.05393638 -0.07744829 -0.08864193 -0.12394715 -0.13437664 -0.11991635 -0.12409609 -0.11357761 -0.07834919 -0.06882205 -0.07288737 -0.05998050 -0.04160334 -0.03052228 -0.01625014 -0.00751000 -0.02596707 -0.04805902 -0.04517649 -0.01862450 -0.01624043 -0.01175313 0.05949252 0.11192531 0.08053358 0.04745507 0.02280161 -0.02923022 -0.04913914 -0.03842214 -0.06029275 -0.94486362 -1.72189478 -1.64940486 -1.63764769 -1.61579679 -1.62031298 -1.65363440 -1.71023053 -1.73259572 -1.70593415 -1.68606490 -1.66786489 -1.65416670 -1.44444997 -1.20065844 -1.09819270 -0.84018734 -0.54348917 -0.38237775 -0.20684183 -0.07696224 -0.00288438 -0.03001618 -0.12418840 -0.14138628 -0.13617202 -0.08936155 -0.08495791 -0.10691063 -0.04760671 0.00548165 -0.01890780 -0.08564570 -0.08221955 -0.05428656 -0.02731186 0.01489257 0.01458426 0.02274276 0.01964347 -0.01658617 -0.03511689 -0.02627506 -0.02625945 -0.03298517 -0.01828221 0.00458691 0.05348762 0.07775968 0.05638503 0.03510915 0.01576287 0.01067192 -0.02447240 

0.45754676 0.47840910 0.49129635 0.47383053 0.44834841 0.47039739 0.54283527 0.62092541 0.69768971 0.78757144 0.88105597 0.95444210 1.06608955 1.23650670 1.45647490 1.73682088 2.08363349 2.46681549 2.85241854 3.23393709 3.60824034 3.99082245 4.35454898 4.69077181 5.04212156 5.37764187 5.59649130 5.66209575 5.65990378 5.65672826 5.67502736 5.71761369 5.76870369 5.80843352 5.81929043 5.80886981 5.80468100 5.82605733 5.85461823 5.87071184 5.88655907 5.93507436 6.01224705 6.08378804 6.12416115 0.03928880 0.02051834 -0.00002125 -0.01543547 -0.02585249 -0.02815988 -0.02805554 -0.02933824 -0.04654512 -0.09037771 -0.10416951 -0.06931883 0.00231566 0.12822373 0.31397646 0.52934361 0.75510673 0.99927345 1.27823647 1.59912865 1.89366714 2.12507796 2.27933000 2.34378580 2.35009676 2.37528479 2.48103124 2.66206106 2.91213985 3.21933753 3.56028253 3.90004153 4.23309039 4.57548733 4.93151755 5.27288147 5.56224587 5.78887783 5.95018523 6.04294743 6.07737150 6.07933576 6.07990079 6.09659360 6.11982099 6.13563447 6.14182737 6.13551509 6.11785693 6.09643624 6.08557134 6.08487010 6.09003450 6.10299121 
-1.38340541 -1.64999779 -1.90043417 -2.17574457 -2.50605165 -2.79771088 -2.93763193 -2.94025349 -2.89267176 -2.81793590 -2.70139186 -2.57801399 -2.48108730 -2.40111140 -2.35394405 -2.34466768 -2.35051309 -2.32921217 -2.29056574 -2.25959662 -2.25004423 -2.25949993 -2.26468753 -2.25095870 -2.21614424 -2.14741588 -2.01002348 -1.81921662 -1.61989583 -1.44103745 -1.26776198 -1.09263478 -0.91227364 -0.72584565 -0.53663072 -0.33779304 -0.12651722 0.08158501 0.25582250 0.41013224 0.56996125 0.70242341 0.75828029 0.74846620 0.72336680 0.03143259 -0.03783115 -0.16374742 -0.34807213 -0.58398157 -0.85095957 -1.13553509 -1.43264646 -1.74464283 -2.05767947 -2.35286370 -2.60610232 -2.80562354 -2.93780063 -2.98715921 -2.96717411 -2.89021711 -2.76481044 -2.61720699 -2.48624898 -2.38945997 -2.33970099 -2.33081483 -2.34367931 -2.36011933 -2.36051533 -2.33132084 -2.27582603 -2.21203767 -2.14489373 -2.09094716 -2.05817157 -2.04608847 -2.05122950 -2.05727221 -2.04577319 -2.01114366 -1.94489339 -1.84811788 -1.72182409 -1.57067866 -1.40609733 -1.23021736 -1.04086604 -0.84542659 -0.64936952 -0.45447220 -0.26522540 -0.08290987 0.09601545 0.27202261 0.43645630 0.57154297 0.66262230 
