10
l_upper_leg 
V
-0.0277769   0.103757 -0.0837973
-0.0475762   0.110058  -0.111994
-0.0312918   0.192396  -0.121582
-0.0157671   0.102547 -0.0760805
-0.0522328   0.112836  -0.128707
0.000332055    0.101618  -0.0742837
-0.0252144  0.0748522 -0.0981168
-0.0320147  0.0720158  -0.109148
 0.010996  0.308235 -0.136189
-0.0406081    0.29449   -0.19166
-0.0017158  0.0771657 -0.0871775
-0.0456188   0.170435  -0.167926
0.0163526  0.316726 -0.143277
 0.0194423   0.164554 -0.0941044
-0.0407628   0.110546  -0.158643
0.0290838  0.248614 -0.120639
-0.0274757   0.307532   -0.20711
0.0397978  0.259418 -0.131351
-0.0280367   0.228342  -0.200444
0.0331369  0.321194 -0.159998
 0.0327074   0.096505 -0.0908488
 0.0227877  0.0741685 -0.0954073
-0.0227845  0.0620307  -0.144396
-0.00959485    0.302744   -0.222556
-0.0188528   0.104799   -0.17751
0.0524502  0.167502 -0.123029
0.0493919  0.307879 -0.171819
-0.00221207    0.294135   -0.227291
0.00171951  0.0590333  -0.152626
0.0597211  0.256882 -0.154422
-0.00207511    0.217557   -0.217948
0.0252173  0.061347 -0.141686
0.0568923 0.0867739 -0.122049
0.0646312  0.173096 -0.145388
0.0145529  0.215424 -0.223892
0.0126355   0.15668 -0.210671
0.0673562  0.248611 -0.176441
0.0190047  0.093726 -0.189693
0.0594037 0.0824672 -0.140688
 0.035463  0.235399 -0.223059
0.0663555  0.228274 -0.185917
0.0627316    0.2419 -0.195663
 0.055185 0.0815718 -0.155054
0.0652339  0.153407 -0.165954
0.0283818  0.150184 -0.207931
0.0345028 0.0879885 -0.181686
0.0336352  0.196747  -0.21805
0.0521972  0.237717 -0.210486
 0.042268  0.221568 -0.217458
0.0426607  0.137234 -0.194701
0.0564842  0.201394 -0.198719
0.0571269   0.14004 -0.179024
F
15 12 25
15  5 12
15 23  5
25 12 19
15 25 23
 5  2 10
12 10 19
 2  3 10
3 1 9
 3  9 10
1 7 4
5 8 2
 5 23  8
2 1 3
2 8 1
12  5 10
1 8 7
4 6 9
4 9 1
 4 11  6
 4  7 11
 6 14  9
 6 21 14
 6 11 22
 6 22 21
14 21 18
14 18 16
16 18  9
14 16  9
19 10 17
18 13  9
10 13 17
10  9 13
28 48 40
28 40 35
28 35 31
28 24 20
28 27 48
28 20 27
28 31 19
28 19 24
24 17 20
24 19 17
17 13 20
27 42 48
27 30 37
27 37 42
27 20 18
27 18 30
20 13 18
43 44 39
43 52 44
50 45 47
50 47 49
33 21 22
33 26 21
21 26 18
40 48 49
46 43 29
46 50 43
46 29 38
43 50 52
43 32 29
31 36 25
31 25 19
31 35 36
35 40 47
35 47 36
44 37 34
33 39 34
33 22 39
39 32 43
39 22 32
39 44 34
52 51 41
40 49 47
33 34 26
52 50 51
44 52 41
50 49 51
38 45 46
38 29 23
51 49 48
41 51 42
44 41 37
36 38 25
36 45 38
36 47 45
42 51 48
26 30 18
26 34 30
46 45 50
38 23 25
42 37 41
37 30 34
11  7 32
11 32 22
 7  8 23
 7 23 32
23 29 32
