11
l_lower_leg 
V
-0.0328841   0.223162  -0.162313
0.000585731    0.232109   -0.126285
0.0460333  0.260189 -0.162705
-0.00314691    0.247115   -0.209565
 -0.115397   0.174763 -0.0389761
 -0.112306   0.184738 -0.0790863
-0.0805239   0.193214 -0.0449103
 -0.124417   0.174791 -0.0473252
0.0464776   0.26551 -0.149069
-0.0558547   0.223823  -0.161186
  -0.10409   0.187126 -0.0216396
 -0.133945   0.179174 -0.0537321
-0.0151632   0.254826  -0.212151
-0.0790006   0.224127  -0.145984
 -0.131533   0.192663 -0.0824573
-0.00204146    0.271097    -0.22422
0.0562595  0.287137 -0.160517
 -0.084035   0.206791 -0.0273319
0.0397555  0.290999 -0.141266
-0.0854214   0.237686  -0.145845
-0.0886819   0.217597 -0.0243884
-0.0251293   0.273729  -0.210932
 -0.106648   0.209021 -0.0118783
0.0572446  0.303717 -0.167521
-0.00121753    0.288146   -0.230363
-0.0109516   0.262795 -0.0928652
 -0.141881   0.215755 -0.0803773
 -0.151993   0.209162 -0.0538505
-0.052934  0.257937  -0.06087
-0.0315406   0.291475  -0.207029
 -0.121572   0.227624 -0.0154098
 -0.151428   0.219672 -0.0475024
-0.0892251   0.244883 -0.0344556
 -0.136197   0.232394 -0.0849713
 -0.131101   0.232007 -0.0218172
-0.140121  0.232035 -0.030166
 -0.131966   0.243322 -0.0796482
-0.0958674   0.252937 -0.0408451
-0.0114351   0.319614  -0.221002
 0.018863  0.323158 -0.142584
0.0363557  0.336092 -0.167391
 -0.103122   0.269328 -0.0811797
-0.0268822    0.32231  -0.204287
-0.0112083   0.333168  -0.212721
0.0184905  0.337024 -0.154147
0.0239524  0.345232 -0.173327
-0.00523081    0.343385   -0.201163
-0.0283122   0.332905  -0.193869
0.00533162   0.344065  -0.158429
-0.0194682   0.342234  -0.186931
-0.0190999   0.337702   -0.15398
-0.012665  0.345724 -0.176922
F
16  4 13
24 25 46
24  3 25
24 17  3
25  4 16
25  3  4
14 15 20
14 10 15
14 13 10
14 20 22
14 22 13
15 27 20
15 28 27
15 12 28
10  6 15
10  1  6
10  4  1
10 13  4
15  6 12
13 22 25
13 25 16
2 7 5
1 5 6
5 8 6
 6  8 12
2 1 4
2 4 3
2 5 1
 9 26 18
 9 18  7
9 7 2
 9  3 17
26  9 19
18 26 21
18 23 11
18 11  7
 7 11  5
18 21 23
19  9 17
19 17 24
9 2 3
32 37 34
32 34 28
28 12  8
28  8 11
28 11 36
28 36 32
28 34 27
 8  5 11
11 23 36
23 31 36
23 21 31
31 21 33
31 35 36
31 33 38
31 38 35
36 42 32
32 42 37
43 30 27
43 27 34
43 34 48
30 43 39
30 39 22
30 22 20
30 20 27
42 50 48
42 48 37
49 45 46
46 41 24
46 44 47
46 25 44
35 38 49
34 37 48
42 51 50
22 39 25
49 52 51
36 35 51
42 36 51
44 50 47
44 48 50
40 29 19
40 19 41
29 26 19
19 24 41
29 21 26
29 40 33
29 33 21
33 40 45
33 45 38
35 49 51
38 45 49
52 46 47
52 49 46
47 50 52
52 50 51
45 41 46
45 40 41
44 25 39
43 48 44
43 44 39
