14
l_foot 
V
 -0.122361   0.156274 -0.0196616
 -0.118691   0.158582 -0.0305954
 -0.126455   0.157085 -0.0318685
 -0.111126   0.161624 -0.0230716
  -0.116966    0.159134 -0.00940728
 -0.132242    0.15385 -0.0011909
 -0.115938   0.162491 -0.0443836
-0.107576  0.164968 -0.039585
  -0.13909   0.154616 -0.0214722
  -0.143279     0.15247 -0.00709415
 -0.118875   0.162582 0.00756491
 -0.152045    0.15564 -0.0108188
 -0.139481   0.163503 -0.0495637
 -0.133177   0.166064 -0.0576057
  -0.12438   0.169257 -0.0624429
 -0.114429   0.172598 -0.0633376
 -0.104838   0.175576 -0.0601532
-0.0941183   0.176937 -0.0235306
-0.0970691   0.177739 -0.0533754
-0.0912675   0.178475 -0.0335548
-0.0923037   0.178757 -0.0440354
-0.115733  0.170886 0.0110355
-0.116076  0.182154 0.0134219
 -0.162679   0.168397 -0.0133123
 -0.108468   0.186908 0.00149451
 -0.163818   0.180158 -0.0212535
 -0.162927   0.256126 -0.0522458
-0.154129   0.25932 -0.057083
 -0.144178    0.26266 -0.0579763
 -0.134588   0.265638 -0.0547929
 -0.126819   0.267801 -0.0480142
 -0.121016   0.268538 -0.0281944
 -0.122053   0.268819 -0.0386741
 -0.187852   0.260486 -0.0217207
 -0.137695   0.276018 0.00755073
 -0.14555  0.273435 0.0192427
-0.142343  0.284737 0.0081301
  -0.196281    0.269975 -0.00729167
-0.151159  0.283439 0.0186278
 -0.150094   0.293325 0.00660213
 -0.191904   0.283997 -0.0167845
-0.162498  0.293865 0.0152462
  -0.195093    0.286199 -0.00300971
 -0.159859   0.299865 0.00335064
 -0.188896   0.292206 -0.0130065
-0.170663  0.297702 0.0119773
 -0.184181   0.295531 -0.0135939
 -0.189873   0.293268 0.00123677
   -0.16528    0.301858 -0.00258876
 -0.180028   0.298506 0.00749105
  -0.182797    0.298609 -0.00839022
   -0.17302    0.301792 -0.00647632
F
52 49 31
52 31 30
52 30 29
52 29 47
47 28 45
47 29 28
52 47 51
45 28 41
47 45 51
41 28 27
44 40 32
44 32 33
40 37 32
44 33 49
49 33 31
2 3 7
2 1 3
2 4 1
 3 14  7
 3  1 10
 3 10  9
 1  6 10
4 5 1
 4 20 18
 4 18  5
1 5 6
4 2 8
2 7 8
 4  8 20
15 14 27
15 16  7
15 28 16
15 27 28
15  7 14
14 13 27
14  3 13
13 34 27
13 26 34
13 12 24
13  9 12
13  3  9
18 20 32
18 32 35
18 35 25
18 25 22
18 22 11
20 21 33
20 33 32
20  8 21
21 19 33
21  8 19
19 17 31
19 31 33
19  8 17
17 16 30
17 30 31
17  8 16
16 28 29
16 29 30
16  8  7
27 34 41
32 37 35
41 43 45
41 38 43
41 34 38
23 22 25
23 25 36
23 36 22
25 35 36
35 37 36
36 50 11
36 39 50
36 11 22
36 37 39
48 50 51
50 46 49
48 51 45
50 52 51
50 49 52
50 39 42
50 42 46
50 48 43
50 38 24
50 43 38
50 10 11
50 12 10
50 24 12
49 46 44
44 42 40
44 46 42
40 39 37
40 42 39
43 48 45
34 26 38
38 26 24
26 13 24
 5 18 11
 5 11  6
11 10  6
10 12  9
