16
r_hip_2 
V
 0.0448705 -0.0860442  -0.125546
0.0334684   -0.0681 -0.102985
 0.0409051 -0.0943519  -0.117699
 0.0358075 -0.0986631  -0.107613
 0.0303539 -0.0983209 -0.0968225
 0.0253744 -0.0933779 -0.0869699
 0.0216271 -0.0845867 -0.0795554
 0.0196825 -0.0732857 -0.0757077
 0.0198368  -0.061195 -0.0760132
 0.0220664 -0.0501556 -0.0804247
 0.0260318  -0.041848 -0.0882708
 0.0311293 -0.0375368 -0.0983569
  0.036583 -0.0378791  -0.109148
0.0415625 -0.042822    -0.119
 0.0453098 -0.0516131  -0.126415
 0.0472543 -0.0629143  -0.130262
 0.0471001 -0.0750048  -0.129957
-0.0334684    -0.0681  -0.136815
-0.0220662 -0.0860443  -0.159376
-0.0260318  -0.094352  -0.151529
-0.0311293 -0.0986632  -0.141443
 -0.036583 -0.0983209  -0.130652
-0.0415624  -0.093378    -0.1208
-0.0453097 -0.0845868  -0.113385
-0.0472544 -0.0732858  -0.109538
   -0.0471 -0.0611951  -0.109843
-0.0448704 -0.0501557  -0.114255
-0.0409051 -0.0418481  -0.122101
-0.0358075 -0.0375369  -0.132187
-0.0303539 -0.0378791  -0.142978
-0.0253742  -0.042822   -0.15283
 -0.021627 -0.0516132  -0.160245
-0.0196824 -0.0629143  -0.164092
-0.0198367 -0.0750049  -0.163787
F
 1  3 19
1 7 3
 1 16  7
 1 17 16
 1 19 17
 3  4 20
3 7 4
 3 20 19
 4  5 21
4 7 5
 4 21 20
 5  6 23
5 7 6
 5 22 21
 5 23 22
 6  7 24
 6 24 23
 7  8 25
7 9 8
 7 16  9
 7 25 24
 8  9 25
 9 10 27
 9 11 10
 9 12 11
 9 13 12
 9 14 13
 9 16 14
 9 26 25
 9 27 26
10 11 27
11 12 29
11 28 27
11 29 28
12 13 29
13 14 31
13 30 29
13 31 30
14 15 31
14 16 15
15 16 33
15 32 31
15 33 32
16 17 33
17 19 34
17 34 33
19 20 34
20 21 34
21 22 34
22 23 34
23 24 25
23 25 34
25 26 27
25 27 32
25 32 34
27 28 32
28 29 32
29 30 32
30 31 32
32 33 34
