19
r_lower_leg 
V
 0.101818 0.0111669 -0.306539
 0.101452 0.0071402 -0.306421
 0.102151 0.0127902 -0.308057
  0.112868 -0.0475988  -0.434936
    0.105 -0.056765 -0.402911
  0.107961 -0.0570866  -0.402553
 0.0805901 -0.0753713  -0.308179
  0.080236 -0.0775693  -0.308488
 0.0857127 -0.0776147  -0.300935
  0.114241 -0.0222481  -0.508855
  0.115033 -0.0291065  -0.490801
  0.124087 -0.0240158  -0.507704
  0.078455 0.00764545  -0.300563
0.0780465 0.0064663 -0.300128
 0.0826755 0.00623259  -0.294812
 0.0943974 -0.0594828  -0.348759
0.0840705 -0.057584 -0.354592
 0.0918733 -0.0602605  -0.344545
 0.0745652 -0.0747556  -0.317745
 0.0810795 -0.0785218  -0.309291
 0.0808269 -0.0779854  -0.309017
0.0990677  0.017554 -0.336321
0.0999227 0.0165264 -0.331913
0.0974476 0.0174027 -0.338536
0.0994516 0.0160888 -0.332007
 0.0962628 0.00837097  -0.329023
 0.0989822 0.00920874  -0.333562
 0.0914722 -0.0810323  -0.296315
 0.0706153 -0.0446081  -0.383302
 0.0717981 -0.0448197  -0.382004
 0.070614 -0.039618 -0.382501
 0.127334 0.0430296 -0.490059
 0.127073 0.0426857 -0.488105
 0.125667 0.0433238 -0.488173
 0.0925117 -0.0792086  -0.295273
 0.0923928 -0.0811644  -0.295693
 0.0964687 -0.0770165  -0.301071
 0.0961888 -0.0774265  -0.299134
 0.0961231 -0.0785311  -0.299377
 0.0949961 -0.0767601  -0.321318
   0.09239 -0.0812327  -0.295708
0.0914739 -0.081006 -0.296309
  0.11667 -0.034868 -0.470919
  0.117846 -0.0348209  -0.468675
  0.118136 -0.0344805  -0.470625
 0.109866 0.0394204 -0.465723
 0.106546 0.0395464 -0.469148
 0.107194 0.0390384 -0.469396
 0.0995503 -0.0667519  -0.366586
 0.0947129 -0.0750625  -0.333945
   0.10251 -0.0670795  -0.366229
  0.100723 -0.0742228  -0.332899
  0.100443 -0.0746327  -0.330961
  0.100372 -0.0758397  -0.331227
0.0910489 0.0178158 -0.340234
 0.095763 0.0181265 -0.339463
 0.093467 0.0174775 -0.339836
 0.0887236 -0.0668833  -0.358898
 0.0862362 -0.0577941  -0.356589
0.0935288 -0.058822 -0.353855
  0.121944 -0.0235268   -0.50492
  0.121699 -0.0239986  -0.502991
   0.12312 -0.0234807  -0.502676
 0.0931374 -0.0785172  -0.299774
0.0856904 -0.077701 -0.300956
 0.0815762 -0.0741529  -0.329611
 0.0944278 -0.0755436  -0.332023
  0.073313 -0.0443472  -0.381913
 0.0983387 -0.0150771  -0.499324
 0.0716002 -0.0315439  -0.380722
 0.130434 0.0428824 -0.487577
 0.130778 0.0443638 -0.489279
 0.130506 0.0440884 -0.487312
 0.0965432 -0.0741963  -0.323794
 0.0836323 -0.0722779  -0.325346
 0.0904529 -0.0779322  -0.302134
    0.0762 -0.0727597  -0.314516
  0.080203 -0.0776087  -0.308543
 0.0854627 0.00581977  -0.290337
 0.0893626 0.00408846  -0.284389
 0.0964331 0.00284081  -0.278016
 0.0904435 0.00170326  -0.283468
 0.0964763 0.00219714  -0.278053
0.0851043  0.005458 -0.290176
  0.095856 -0.0785371  -0.329374
 0.0968554 -0.0784818  -0.329239
 0.0965015 -0.0781386  -0.326193
  0.120395 -0.0252111  -0.503439
  0.115781 -0.0306575  -0.486731
  0.115486 -0.0359645  -0.471321
  0.115739 -0.0454259  -0.436125
  0.111999 -0.0455339  -0.434623
  0.115459 -0.0458358  -0.434187
 0.0852757 0.00336557  -0.290842
 0.0804226 0.00430133  -0.297972
  0.084754 0.00561025  -0.289915
   0.0976707 -0.000282693    -0.284661
   0.0974095 -0.000625672    -0.282707
  0.0960037 1.24858e-05   -0.282775
 0.0973908 -0.0758384  -0.331658
 0.0822313 0.00746928  -0.309201
  0.080444 0.00441797  -0.297893
 0.0947173 -0.0749727  -0.333925
 0.0944374 -0.0753827  -0.331988
  0.095708 -0.0743038  -0.331576
 0.0823524 -0.0657315  -0.355928
0.0810243 -0.058806 -0.350548
 0.0973407 0.00193248  -0.277406
   0.0972243 -2.32931e-05    -0.277837
 0.0949195 0.00142229  -0.282633
 0.0702955 0.00327664  -0.311678
0.0726386 0.0033567 -0.312675
 0.0719775 0.00233933  -0.307876
 0.102389 0.0102981 -0.314774
  0.102128 0.00995509   -0.31282
 0.100722 0.0105932 -0.312888
 0.0626323 -0.0616673  -0.324328
 0.0637145 -0.0603122  -0.323885
 0.0639053 -0.0599137  -0.325476
 0.0978869 0.00119374  -0.282253
 0.113352 0.0405995 -0.465284
 0.116345 0.0283329 -0.469366
  0.11786 0.0412798 -0.467193
 0.0972219 0.00987028   -0.33842
0.0881319 0.0106632 -0.339564
0.0929426 0.0106574 -0.340838
  0.117075 -0.0349261  -0.468808
  0.115114 -0.0366092  -0.469448
  0.121071 -0.0352816  -0.468306
 0.127411 0.0482974 -0.491979
 0.118341 0.0484794 -0.493308
 0.100123 0.0337081 -0.404912
  0.091015 -0.0710689  -0.345796
 0.0921424 -0.0608514  -0.344264
 0.0856339 -0.0702628  -0.344933
 0.0981727 0.00170607  -0.284168
 0.0952057 0.00193164  -0.284549
 0.127353 0.0430956 -0.490042
 0.129911  0.042438 -0.487747
0.0850386 0.0252236 -0.383292
 0.108495 0.0447013  -0.48683
 0.111221 0.0459632 -0.488383
 0.115211 0.0473553 -0.492896
 0.117491  0.031953 -0.419499
 0.120329 0.0317053 -0.419142
 0.120049 0.0312954 -0.417204
 0.114786 0.0339664 -0.401743
0.0802276 0.0138554 -0.312144
 0.101387 0.0143854 -0.308965
 0.122629 -0.023175 -0.504747
  0.126625 -0.0235315  -0.504245
 0.120798 -0.024641 -0.505322
0.0959529 -0.073832 -0.333505
 0.0971292 -0.0737849  -0.331261
 0.0743247 -0.0473319  -0.379532
 0.0840155 -0.0480371  -0.408136
 0.106775 0.0387343 -0.473342
0.106019 0.030232  -0.4752
 0.109065 0.0285972  -0.46857
 0.0973473 0.00204362  -0.277382
  0.101341 0.00887067  -0.304347
 0.0942375 0.00711088  -0.486956
 0.0912613 0.00737048  -0.487331
0.0923082 0.0144229  -0.48797
   0.094543 0.000897949   -0.490511
 0.0915621 0.00115053  -0.490894
 0.0974198 -0.0734445  -0.333211
 0.0971399 -0.0738545  -0.331274
  0.100258 -0.0736922  -0.332854
 0.108545 0.0310099 -0.479415
  0.10653 0.0388097 -0.473311
 0.112483 0.0253387 -0.384459
 0.112222 0.0249957 -0.382505
 0.110816 0.0256338 -0.382573
 0.0695804 -0.0398381  -0.383845
 0.0907443 0.00741662  -0.487427
  0.0925979 -0.00182711   -0.497379
 0.113553 -0.031165 -0.483149
  0.110951 -0.0220526     -0.479
 0.109081  -0.03103 -0.481147
 0.0724408 0.00889206  -0.373098
0.0971752 0.0331463 -0.489334
0.0935641 0.0197693 -0.492685
 0.0634282 -0.0591101  -0.329267
 0.0734484 -0.0494226  -0.375977
 0.0717334 -0.0492729  -0.376193
 0.0689836 -0.0152193  -0.378712
 0.102689  0.040559 -0.486916
0.0745768 0.0131085 -0.370502
 0.0729814 -0.0680404  -0.326731
 0.0710805 -0.0688162  -0.329999
0.0660092 -0.059596 -0.327758
  0.110311 -0.0543269  -0.419285
  0.114257 -0.0448129  -0.444009
 0.107697 -0.057617 -0.400822
  0.116142 -0.0469948  -0.436398
  0.112872 -0.0475701  -0.434928
  0.113162 -0.0469925  -0.436828
 0.122919 0.0396839 -0.454242
 0.128327 0.0472166 -0.491939
 0.122644   0.03935 -0.452288
   0.0969201 -4.47136e-05    -0.284719
0.0951749 0.0019794 -0.284543
    0.100917 -0.000386577    -0.284214
  0.12095 0.0404246 -0.446127
  0.12741 0.0482868  -0.49195
 0.118863 0.0388615 -0.430652
  0.096212 -0.0766278  -0.322849
 0.0965508 -0.0742617  -0.323899
 0.0923888 -0.0812745  -0.295728
 0.114476 0.0324476 -0.400281
 0.111721 0.0297211 -0.380307
 0.121929 0.0403279 -0.445933
 0.127352 0.0473167 -0.492163
 0.125272 0.0454909 -0.492961
 0.125441 0.0484103 -0.492291
 0.127412 0.0482936 -0.491958
 0.0968468 -0.0767376  -0.327962
 0.125266 0.0454747 -0.492937
 0.118492 0.0482796 -0.493322
  0.064972 -0.0592384  -0.328906
 0.118293 0.0451874 -0.494005
 0.113053 0.0468683 -0.491195
 0.118472 0.0481903 -0.493344
 0.105999 -0.021551 -0.502256
  0.101945 -0.0256503  -0.487673
  0.103624 -0.0251158  -0.491271
 0.118317 0.0452872 -0.493981
   0.10627 -0.0556856  -0.402501
  0.104999 -0.0567713  -0.402914
   0.10599 -0.0560956  -0.400563
 0.113027 0.0436656 -0.491722
 0.113094 0.0436775 -0.491635
 0.113283 0.0468471 -0.490937
  0.100083 0.00815569  -0.302884
  0.101077 0.00826978  -0.302665
  0.10179 0.0108067 -0.306567
 0.109802 0.0420627 -0.488261
 0.105768 0.0393141 -0.487247
 0.102379 0.0353459 -0.488064
  0.09688 0.0308677 -0.489806
0.0989636 0.0276126 -0.490194
0.0941568 0.0196351 -0.492576
0.0971469 0.0193742 -0.492199
0.0952906 0.0141718 -0.487597
 0.0689747 -0.0152192  -0.378714
  0.122349 -0.0235849  -0.502809
  0.120389 -0.0252681  -0.503449
  0.126345 -0.0239414  -0.502308
 0.0634551 -0.0626457  -0.321877
0.0652694 -0.060318 -0.323022
 0.0637161 -0.0603073  -0.323894
 0.102407  0.010365 -0.314758
 0.105246 0.0101174   -0.3144
  0.104966 0.00970742  -0.312462
 0.0886355 -0.0714519  -0.344825
0.0926502  -0.07144 -0.347021
 0.0905893 -0.0710337  -0.345268
 0.0968469 -0.0767366  -0.327962
0.0707926 0.0040267 -0.305935
 0.0719981 0.00246885  -0.307846
 0.0743995 0.00333105  -0.303714
 0.112501 0.0254056 -0.384442
  0.11506  0.024748 -0.382147
 0.076423 0.0150211 -0.366062
  0.111218 -0.0452597  -0.436743
  0.116114 -0.0455704  -0.436101
  0.110192 -0.0467471  -0.437205
 0.0681983 0.00580841  -0.315585
0.0890602 0.0148215 -0.326461
0.0855832   0.01483 -0.329869
0.0873531 0.0140834  -0.32766
 0.110942 -0.057089 -0.402123
  0.110654 -0.0576315  -0.400215
  0.107674 -0.0576292  -0.400645
  0.110199 -0.0466791   -0.43719
  0.110029 -0.0320654  -0.481042
 0.0907751 -0.0583052  -0.389961
  0.102584 -0.0277918  -0.483919
 0.101162 0.0128764 -0.308181
 0.101177 0.0137559 -0.307694
 0.107935 0.0233884 -0.354646
   0.071081 -0.00280759   -0.374623
  0.0702983 -0.00258317   -0.375859
 0.0690199 -0.0152233  -0.378706
   0.10578 -0.0665465  -0.367707
 0.105494 -0.067053 -0.365791
  0.102513 -0.0670506  -0.366221
  0.069801 -0.0155419   -0.37749
 0.0947405 -0.0705443   -0.35103
  0.113159 -0.0470462  -0.436844
 0.0727962 0.00874716  -0.373048
 0.115583 0.0251924 -0.381978
 0.115863 0.0256023 -0.383915
 0.115933 0.0267791 -0.383656
 0.0931603 -0.0583772  -0.353446
  0.088882 -0.0575901  -0.355864
 0.0954975 -0.0772616  -0.325646
 0.0964624 -0.0775293   -0.32546
0.0960059 -0.076571 -0.321174
 0.0742687 -0.0738871   -0.31683
 0.0709259 -0.0689589  -0.318995
0.0685643 -0.069526 -0.320798
  0.126657 -0.0248838  -0.504526
  0.126363 -0.0255326  -0.502642
  0.123382 -0.0255322  -0.503072
  0.12138 -0.036261 -0.470533
  0.121088 -0.0368737  -0.468641
  0.118108 -0.0368724  -0.469071
  0.121979 -0.0235887  -0.504928
   0.12079 -0.0245994  -0.505294
 0.111222 0.0282234 -0.377385
  0.10237 0.0140854 -0.308907
0.0765107 0.0138846 -0.362149
 0.0681363 0.00585302  -0.315585
0.0757986 0.0155766 -0.361918
0.0757455 0.0154949 -0.366098
0.0767485 0.0142382 -0.362138
0.0758697 0.0155905 -0.361903
 0.117211  0.031543 -0.417562
 0.0631469 -0.0607838  -0.325801
 0.0636521 -0.0593621  -0.328184
 0.0627466 -0.0602367  -0.328066
 0.095474 -0.077443 -0.325585
   0.09553 -0.0779181  -0.326358
 0.0691974 -0.0151375   -0.37906
 0.0696148 -0.0287949  -0.380428
 0.0698632 -0.0155203  -0.377584
  0.110587 -0.0459664  -0.434919
 0.109906 -0.047326 -0.435305
 0.0680911 0.00591294  -0.312574
 0.082288 0.0117634 -0.308604
0.0778517 0.0126818 -0.312736
 0.0946235 -0.0700277  -0.351118
0.0683372 0.0056859  -0.31556
0.0903246  0.014658 -0.310516
 0.0963792 -0.0766294  -0.301002
 0.0963969 -0.0782226  -0.301337
 0.0904174 -0.0779723  -0.302148
 0.0923834 -0.0762739  -0.301504
0.0921876 0.0124324 -0.307084
 0.101383 0.0142172 -0.309001
  0.100088 0.00835603  -0.302789
  0.099218 0.00526828  -0.289994
 0.100803 0.0119906 -0.305943
 0.101092 0.0134134 -0.307252
 0.0640055 -0.0597664  -0.326443
0.0660092 -0.059596 -0.327758
 0.0967025 -0.0786266  -0.328125
 0.0968465 -0.0767434  -0.327964
 0.0964933 -0.0777831  -0.325881
 0.0816742 -0.0502855  -0.407764
 0.0886142 -0.0662395  -0.372935
 0.0694927 -0.0720997  -0.331883
0.0957913 -0.079532 -0.329646
  0.110636 -0.0560384   -0.39988
  0.104678 -0.0573707  -0.401023
  0.109531 -0.0547627   -0.42118
   0.06811 0.00527191  -0.315649
 0.0692834 0.00462121   -0.31569
 0.0685771 0.00302235  -0.313343
 0.100859  0.011568 -0.306685
  0.10232 0.0132934 -0.309051
 0.101329 0.0132523 -0.309244
0.0856916 0.0143286 -0.330868
 0.0891844 0.00849964  -0.327843
0.0928889 0.0145626 -0.325794
  0.109022 -0.0247404    -0.5067
  0.110954 -0.0250574  -0.508997
  0.107057 -0.0249984  -0.504066
  0.104466 -0.0244653  -0.502102
 0.0653661 -0.0605563  -0.323223
0.0660092 -0.059596 -0.327758
  0.12294 -0.026833 -0.508527
  0.114069 -0.0252521  -0.509518
   0.10415 -0.0247444  -0.491502
  0.107763 -0.0190449  -0.491825
   0.11397 -0.0280839  -0.491739
  0.105756 -0.0650499  -0.367394
 0.0998199 -0.0662979  -0.368515
  0.0960109 -0.00208675   -0.496904
 0.0946472 -0.0119448  -0.499187
  0.0930109 -0.00182498   -0.497282
   0.10176 -0.0646934  -0.367896
   0.0976894 -0.000215731    -0.284644
    0.100528 -0.000463394    -0.284287
    0.100248 -0.000873333    -0.282349
 0.0993399 -0.0157187  -0.499308
 0.0990524 -0.0205496  -0.500371
   0.096965 -0.00907662   -0.498245
 0.0944355 -0.0130992  -0.499519
  0.105552 -0.0213915  -0.502771
  0.102215 -0.0194457  -0.500174
 0.0715578 -0.0286019  -0.380107
  0.109209 -0.0216098  -0.506011
  0.109032 -0.0214855  -0.506206
  0.114104 -0.0252067  -0.509505
  0.109022 -0.0246704  -0.506715
  0.086847 0.00877987  -0.330664
 0.0856089 0.00988564  -0.335351
 0.0959358 0.00798681  -0.329519
  0.115147 -0.0365459  -0.469427
   0.11429 -0.0222937  -0.508862
  0.121156 -0.0235846  -0.508143
   0.11411 -0.0252866  -0.509521
  0.114283 -0.0222058  -0.508844
   0.12098 -0.0265349  -0.508793
 0.120572 0.0317397 -0.417035
  0.12092 0.0332913 -0.418721
 0.120644 0.0329457 -0.416769
  0.11797 0.0338055 -0.419038
 0.117694 0.0334609 -0.417086
  0.124095 -0.0239672  -0.507633
  0.122942 -0.0267862   -0.50848
  0.120982 -0.0265354  -0.508805
     0.123 -0.0258102  -0.508265
  0.113815 -0.0461784  -0.449478
  0.123001 -0.0258098  -0.508267
  0.0972261 6.93071e-06    -0.27783
 0.125869 0.0391697 -0.453924
 0.125669 0.0376956 -0.454265
 0.122919 0.0396594 -0.454247
  0.11614 -0.040546 -0.464032
  0.106344 -0.0608569   -0.40036
  0.105476 -0.0654598  -0.365456
0.0995166 -0.066796   -0.3666
 0.0706056 -0.0446083  -0.383377
 0.0718584 0.00314115  -0.306031
   0.07264 0.00335875  -0.312685
 0.105489 0.0101518 -0.312293
 0.105769 0.0105617  -0.31423
 0.105843 0.0118087 -0.313956
  0.102571 -0.0668443  -0.374562
 0.0956237 -0.0795421  -0.328227
  0.106641 -0.0556819  -0.400382
 0.0957154 -0.0785383  -0.328259
 0.0814784 -0.0764135  -0.327358
 0.0762624 -0.0747928  -0.331609
 0.0957454 -0.0799563   -0.32969
 0.0953671 -0.0789692  -0.325882
0.0848747  0.015149  -0.33427
 0.0827846 -0.0594673  -0.345691
 0.0815475 -0.0583616  -0.350378
 0.122423 0.0377995 -0.454712
 0.122162 0.0374565 -0.452758
 0.120756 0.0380947 -0.452826
 0.111138 0.0260989 -0.384493
 0.110858  0.025689 -0.382555
 0.109728 0.0269773 -0.382446
 0.0680922 -0.0694292  -0.328144
 0.0670766 -0.0688501  -0.331534
 0.115655 0.0263994 -0.381712
 0.112705 0.0269136 -0.382029
  0.101481 -0.0651034  -0.365958
 0.0702786 0.00263525  -0.308761
 0.070952 -0.050503   -0.3768
 0.0625051 -0.0602237  -0.330379
 0.0626856 -0.0606883   -0.32816
 0.0624242 -0.0603641  -0.330349
  0.101123 0.00118699  -0.283851
 0.100795 0.0110458 -0.306536
 0.0707888 0.00402737  -0.305905
 0.0707042 -0.0505825  -0.376679
 0.0624884 -0.0602203  -0.330381
 0.0634897 -0.0589411  -0.329935
   0.10427 -0.0210847  -0.481566
 0.0712329 -0.0486786  -0.380536
 0.0718896 -0.0493974  -0.376266
 0.0708938 -0.0506149  -0.376649
  0.120975 -0.0347281  -0.470268
  0.117856 -0.0348904  -0.468688
  0.120695 -0.0351381   -0.46833
 0.130191 0.0428479 -0.489684
0.0982636 0.0054125 -0.290349
  0.116705 -0.0349298  -0.470927
  0.115487 -0.0359648  -0.471311
  0.116425 -0.0353398   -0.46899
 0.0963256 0.00047757  -0.284695
  0.0960457 6.76283e-05   -0.282757
 0.0949159 0.00135595  -0.282648
0.0661592 -0.063135 -0.321043
 0.122442 0.0378665 -0.454695
  0.12528 0.0376188 -0.454338
    0.125 0.0372089   -0.4524
 0.0698319 -0.0395312  -0.383741
  0.109329 -0.0542267  -0.419456
  0.107493 -0.0260246   -0.49376
  0.111949 -0.0275275  -0.493501
 0.0705553 0.00384804  -0.305605
 0.0698522 0.00446708  -0.307537
 0.0696464 0.00437192  -0.308474
 0.0698052 0.00462205  -0.309658
 0.0696511 0.00445077  -0.307734
 0.0755364 0.00807118  -0.306892
 0.0703874 0.00288234  -0.308827
 0.114816  0.042387 -0.478586
 0.108045 0.0397981 -0.476486
 0.110554 0.0179646 -0.347071
 0.110906 0.0195864 -0.348741
 0.110625 0.0191706 -0.346805
 0.119627 0.0418398 -0.470778
  0.11887 0.0291108 -0.473581
 0.0864689 -0.0704291  -0.344995
 0.0705706 0.00510933  -0.306595
 0.0784812 0.00753391  -0.300655
 0.0959879 -0.0738939  -0.333513
 0.0630476 -0.0630516  -0.323291
 0.0636277 -0.0627317   -0.32219
 0.0988569 0.00946651   -0.30266
 0.0832746 0.00744586  -0.295202
 0.107956 0.0201006 -0.349059
  0.106235 -0.0556248  -0.402493
  0.107412 -0.0555777  -0.400248
  0.115852 -0.0475724  -0.434498
 0.0862249 0.00647415  -0.290594
 0.0833706 0.00727962  -0.295171
  0.096634 0.00340411  -0.278807
 0.0900091 0.00518211  -0.284901
 0.0854026 0.00546351  -0.290379
 0.0964846 0.00354926  -0.278933
 0.098571 0.0169953 -0.336067
0.0976478 0.0104002 -0.338613
0.0937492 0.0175434 -0.339894
  0.115834 -0.0459803  -0.434163
 0.127556 0.0446045 -0.487629
  0.100365 0.00982544  -0.303966
 0.0966158 0.00344249  -0.278637
0.0909033 0.0121643 -0.306944
 0.0897645 0.00982099  -0.304002
   0.10013 0.00917512  -0.302682
 0.0948625 -0.0600134  -0.348804
  0.126714 -0.0239176  -0.504314
  0.126434 -0.0243275  -0.502376
  0.100353 0.00895692  -0.304472
 0.105561 0.0113578 -0.312027
 0.102893 0.0123229 -0.314273
 0.120718 0.0317821 -0.419069
  0.11797  0.033781 -0.419043
0.0789843 0.0108422 -0.309318
 0.0787138 0.00864402  -0.306188
  0.072123 -0.0470474  -0.380601
 0.0718506 -0.0492823  -0.376182
 0.0735706 -0.0494323  -0.375965
 0.0789684 0.00944038  -0.307955
  0.120428 -0.0250775  -0.503403
 0.0687598 0.00519347  -0.312888
  0.069348 0.00505552  -0.309374
 0.0787996 0.00844823  -0.306258
 0.0966381 -0.0734802  -0.333332
  0.100634 -0.0738367   -0.33283
0.0946872 -0.075122 -0.333961
 0.0696386 0.00487647  -0.311146
  0.114643 -0.0199934  -0.489326
  0.115881 -0.0210997  -0.484637
  0.115343 -0.0301454  -0.486628
 0.0703541 0.00284246  -0.309955
 0.0695847 0.00438711   -0.30848
 0.0698052 0.00462205  -0.309658
 0.0637159 -0.0603102  -0.323895
 0.0653637 -0.0605582  -0.323214
  0.113087 -0.0212869  -0.480702
  0.105884 -0.0188163  -0.489976
  0.104697 -0.0205538  -0.481759
 0.0849337 -0.0800988  -0.303669
 0.0784812 -0.0770171  -0.313456
 0.0826559 -0.0758916  -0.322989
   0.12135 -0.0348716  -0.470244
  0.115485 -0.0360141  -0.471333
  0.069555 -0.0701643  -0.324558
0.0746256 -0.074685 -0.317742
 0.0786515 -0.0769928  -0.313282
 0.0684992 -0.0701424  -0.321857
 0.0984589 0.00876439  -0.333732
 0.106108 0.0188701 -0.349586
 0.105828 0.0184602 -0.347649
 0.104698 0.0197485 -0.347539
 0.0629095 -0.0619492  -0.323584
 0.0840164 -0.0702861  -0.345191
 0.0806272 -0.0682552   -0.34816
 0.0921035 -0.0766839  -0.299567
 0.0901622 -0.0782893  -0.300187
 0.0960993 -0.0770394  -0.299065
 0.106532 -0.059676 -0.401032
  0.113104 -0.0489427  -0.437719
 0.0968422 -0.0787477  -0.329317
 0.0629861 -0.0613469  -0.325902
 0.107627 0.0286807 -0.470918
 0.117204 0.0296872 -0.478077
 0.116018 0.0279488 -0.469862
  0.095867 -0.0783955  -0.329363
 0.112267 -0.045123 -0.436562
0.0629345 -0.060532 -0.324013
 0.0627634 -0.0616846  -0.324313
 0.062664  -0.06217 -0.323563
  0.113843 -0.0317273  -0.482979
   0.100837 0.000675649   -0.281936
 0.0981728 0.00170312  -0.284168
 0.0978867 0.00118984  -0.282254
 0.0664554 -0.0674539   -0.32819
 0.071629 -0.072101 -0.324359
 0.0630252 -0.0613795  -0.325914
 0.0726585 -0.0397751  -0.382312
 0.0697055 -0.0395616  -0.383723
 0.100829 0.0112532 -0.306663
  0.062986 -0.0613478  -0.325902
 0.118346 0.0286664  -0.47375
  0.071997 -0.0723159  -0.327861
 0.115458 0.0323521 -0.400108
 0.112705 0.0269145 -0.382029
 0.112982 0.0272699 -0.383979
 0.101044 0.0110574 -0.314808
 0.0845801 -0.0769836  -0.326339
 0.0835163 -0.0761057  -0.322869
 0.0719858 -0.0716401  -0.324261
  0.091556 -0.0818894  -0.297578
 0.0949416 -0.0776523  -0.321504
 0.0965185 -0.0780043  -0.326234
 0.0953793 -0.0780572   -0.32515
  0.107702 -0.0552372  -0.402199
 0.0914689 -0.0811102  -0.296342
 0.0914835 -0.0817874  -0.296927
  0.095128 -0.0775456  -0.322911
 0.0952236 -0.0765405  -0.322973
 0.0804983 -0.0771443  -0.308598
 0.0803325 -0.0799667  -0.309188
 0.0916861 -0.0809826    -0.2965
    0.100771 -0.000428981     -0.28218
    0.101051 -1.90396e-05    -0.284117
  0.111006 -0.0560155  -0.401886
 0.0954165 -0.0786612  -0.326037
 0.0953354 -0.0782903  -0.325072
  0.083527 -0.0767779  -0.326406
 0.0840147 -0.0703166  -0.345215
 0.0636949 -0.0628051  -0.322196
 0.0953663 -0.0785441  -0.325493
 0.0955049 -0.0776968  -0.326006
 0.0655844 -0.0617245  -0.321405
   0.12144 -0.0352587  -0.470313
 0.115719 0.0307728 -0.480259
 0.100767 0.0117733 -0.305808
 0.100797 0.0115971  -0.30612
0.0923496  0.012433  -0.30706
0.0902993 0.0121322 -0.306966
0.0798278 0.0108896 -0.309877
  0.117119 -0.0406535  -0.463841
  0.124091 -0.0239692  -0.507614
  0.119496 -0.0339605  -0.478068
 0.100733 0.0115659 -0.305682
0.0881821 0.0113699 -0.310716
 0.084774 0.0153574 -0.334314
0.0855666 0.0147883 -0.329871
 0.0727728 -0.0397453  -0.383158
 0.0706609 -0.0395998  -0.382564
0.0851715 0.0207091 -0.374033
0.0867772 0.0165769 -0.338223
 0.0870628 -0.0602545  -0.343272
 0.0776917 0.00922893  -0.312654
  0.103555 -0.0669386  -0.374408
  0.101444 -0.0689499  -0.359048
0.0890478 0.0147715 -0.326454
 0.100764 0.0106474 -0.312871
 0.099634 0.0119367 -0.312761
  0.120817 -0.0245751  -0.505305
  0.123676 -0.0248875  -0.504957
0.0937711 0.0150498 -0.325729
 0.091496 0.0144945   -0.3263
0.0996436 0.0120995 -0.312725
 0.097832 0.0156216 -0.327803
 0.107453 0.0181108 -0.349552
 0.107192 0.0177669 -0.347598
 0.105786 0.0184051 -0.347666
0.0937699 0.0150833 -0.325737
0.0998901 0.0165325 -0.331876
  0.104711 -0.0573226  -0.401008
  0.107675 -0.0576332  -0.400645
0.0957499 0.0184861 -0.339415
0.0990824 0.0175207 -0.336332
 0.107924 0.0200698 -0.349069
 0.105852 0.0384789 -0.473242
 0.0634778 -0.0611649  -0.322613
0.0993915 0.0160871 -0.332048
 0.115655 0.0263994 -0.381712
  0.123411 -0.0231393  -0.504626
  0.123131 -0.0235492  -0.502689
 0.126249 -0.023387 -0.504269
 0.0738775 -0.0475916  -0.379591
0.0910509 0.0177819 -0.340258
 0.085407 0.0148416 -0.334332
0.0851437 0.0104162 -0.335306
0.0893724 0.0113946  -0.34105
0.0845352 0.0147347 -0.334906
 0.0942672 -0.0700175  -0.351007
 0.105931 0.0355348 -0.432949
 0.105502 0.0396505 -0.473288
 0.106536 0.0394687 -0.469146
  0.10744 0.0403336 -0.476779
   0.07975 -0.0659894  -0.351873
 0.0834571 -0.0603908  -0.343896
 0.0626521 -0.0606907  -0.328145
 0.0632463 -0.0586875  -0.329875
 0.074497 0.0130502 -0.370495
0.0756158 0.0123809  -0.36924
 0.109965 0.0403906 -0.465628
 0.0824094 -0.0690411  -0.346349
 0.0806314 -0.0682944  -0.348188
 0.114431 0.0411251  -0.46487
  0.123974 -0.0259298  -0.508045
  0.072795 -0.0415473  -0.382527
 0.117969 0.0337684 -0.419046
 0.118197 0.0416786 -0.466785
  0.102714 -0.0253154  -0.487431
  0.103031 -0.0199784  -0.486256
 0.119675 0.0395207 -0.452679
 0.120114 0.0422919 -0.470643
  0.100655 -0.0753684  -0.333151
 0.118256 0.0453009 -0.493989
 0.119311 0.0428816  -0.47492
 0.125595 0.0388592 -0.451965
 0.125869 0.0391697 -0.453924
 0.122645 0.0393744 -0.452282
 0.125454 0.0454794 -0.492925
 0.116122 0.0430053 -0.477951
 0.0684792 -0.0702674  -0.321824
  0.105805 -0.0304319  -0.481226
 0.115201 0.0444316 -0.493622
 0.111488 0.0420991 -0.478732
  0.11986 0.0418939 -0.470826
  0.110126 -0.0466299  -0.437193
  0.109909 -0.0472568   -0.43529
  0.111941 -0.0453876  -0.434596
 0.125989 0.0437889 -0.490092
  0.123379 -0.0255587  -0.503081
 0.117694 0.0334599 -0.417086
 0.116127 0.0326463  -0.41955
 0.117472  0.031886 -0.419516
 0.115805 0.0321812  -0.41763
  0.114274 -0.0195484  -0.488918
  0.115416 -0.0205691  -0.484592
 0.0911253 0.00799282  -0.328246
0.0998371 -0.066235 -0.368499
  0.102799 -0.0665432  -0.368137
 0.0707875 0.00402987  -0.305925
 0.107472 0.0181768 -0.349536
  0.11003 0.0175192 -0.347241
 0.101327  0.034808 -0.488328
 0.122919 0.0396839 -0.454242
 0.124586 0.0447892 -0.488019
  0.110325 -0.0188218  -0.491151
 0.128211 0.0452618  -0.49237
 0.127795 0.0448248 -0.489607
 0.128211 0.0452627  -0.49237
 0.0650947 -0.0592925  -0.328889
 0.128328 0.0472173 -0.491943
  0.109909 -0.0472597   -0.43529
 0.0999782 -0.0741021  -0.330916
0.0951958 0.0017659 -0.284585
 0.127828 0.0448789 -0.489596
 0.130778 0.0443628 -0.489279
  0.13058 0.0429257 -0.489612
 0.124849 0.0451467  -0.48997
  0.101442 0.00713152  -0.306342
 0.126583 0.0432666 -0.490117
 0.112983 0.0272942 -0.383973
 0.0736805 0.00855418  -0.373086
 0.0934116 -0.0783041  -0.301785
  0.100354 -0.0742466  -0.330893
 0.0943923 -0.0755885  -0.332038
 0.124579 0.0446673 -0.488046
 0.124859 0.0450772 -0.489983
   0.100837 0.000675649   -0.281936
 0.119948  0.039842 -0.454637
 0.127558  0.044636 -0.487623
  0.110916 -0.0556284  -0.401817
  0.104979 -0.0568382  -0.402931
  0.110541 -0.0554849  -0.401841
  0.107422 -0.0556472  -0.400262
  0.110261 -0.0558949  -0.399904
 0.0917333 -0.0766876  -0.301686
 0.0904626 -0.0777665  -0.302097
 0.0914534 -0.0770976  -0.299748
  0.11534  0.025158 -0.384085
0.0867821 0.0166165 -0.338194
0.0890279  0.016883 -0.339518
0.0847341 0.0146235 -0.334618
 0.122917 0.0396579 -0.454249
  0.123676 -0.0248824  -0.504957
 0.128211 0.0452666 -0.492369
 0.106485 0.0297014 -0.475245
   0.1303 0.0425158 -0.487674
 0.124564 0.0448578 -0.488008
 0.126303 0.0428567  -0.48818
  0.064247 -0.0604117  -0.325594
 0.0630317 -0.0630648  -0.323255
 0.121673 0.0380375  -0.45477
 0.119945 0.0398523 -0.454636
 0.0916983 -0.0766258  -0.301678
 0.0928746 -0.0765787  -0.299433
 0.102632 -0.025259 -0.487376
 0.0624132 -0.0601907  -0.330406
 0.0960035 -0.0764859  -0.301026
 0.0928851 -0.0766482  -0.299446
 0.0957235 -0.0768959  -0.299089
  0.101075 -0.0650452  -0.368069
  0.102252 -0.0649991  -0.365825
  0.102542 -0.0646587  -0.367775
 0.121078 0.0385598 -0.454746
 0.119668 0.0394382 -0.452699
 0.119948 0.0398481 -0.454636
 0.0901827 -0.0781764   -0.30016
   0.10538 -0.0649064  -0.367418
  0.102262 -0.0650686  -0.365838
    0.1051 -0.0653163   -0.36548
  0.111265 -0.0215093  -0.508141
 0.122642 0.0393257 -0.452293
 0.121393 0.0376275 -0.452833
 0.122645 0.0393499 -0.452287
 0.119657 0.0395205 -0.452683
  0.116204 -0.0459565   -0.43617
  0.108646 -0.0212804  -0.479526
 0.125389 0.0372857 -0.452328
 0.110834 0.0183745 -0.349008
 0.0954284 -0.0021124  -0.497044
 0.0961231 -0.0785301  -0.299377
 0.0702371 0.00263888  -0.308766
 0.114998 0.0339511 -0.419437
0.0771316 0.0117284 -0.369574
 0.0752583 0.00811293  -0.371807
0.0966972 0.0194668 -0.492284
   0.10472 -0.0571754  -0.400975
 0.0936697 0.00716747  -0.487059
 0.116717 0.0321253 -0.419575
 0.114988 0.0339599 -0.419436
  0.115924 -0.0463664  -0.434232
 0.0701802 0.00268759  -0.308795
 0.0695701 0.00464674  -0.313186
 0.0704684 0.00447378  -0.309821
 0.109734 0.0270748 -0.382424
 0.114717 0.0335247 -0.417503
 0.114998 0.0339463 -0.419438
 0.114722 0.0336144 -0.417483
 0.104269 -0.024844 -0.490756
  0.107575 -0.0250648  -0.493712
0.0978242 0.0156572 -0.327809
0.0956232 0.0148828 -0.326533
 0.108814  0.030419 -0.479134
 0.110016 0.0274542 -0.384368
 0.117691 0.0334418 -0.417092
 0.116441 0.0317131 -0.417637
 0.117694 0.0334364 -0.417091
 0.114705  0.033612 -0.417486
    0.1021 -0.0250585  -0.487621
0.0685509 0.0038862 -0.315941
0.0689992 0.0040717 -0.314939
 0.105846 -0.065437 -0.367463
  0.105566 -0.0658469  -0.365525
 0.120438 0.0313722 -0.417132
  0.11298 0.0272455 -0.383984
 0.111732 0.0255766 -0.384517
 0.109998 0.0274537 -0.384371
 0.112983 0.0272698 -0.383978
 0.115729 0.0252348 -0.384012
    0.100637 -0.000796519    -0.282277
 0.0949085 0.00147323  -0.282624
   0.0966401 -0.000454655    -0.282782
 0.0959892 -0.0767654  -0.321176
 0.112705 0.0269196 -0.382029
 0.111452 0.0251667  -0.38258
 0.112705 0.0268891 -0.382035
 0.109715 0.0270706 -0.382428
 0.0805858 -0.0661737   -0.35217
 0.115449 0.0248248 -0.382075
 0.0934162 -0.0782212  -0.301767
  0.122991 -0.0260206  -0.508337
 0.123975 -0.025928 -0.508049
0.0984772 0.0155198 -0.329518
0.0783342 0.0137463 -0.365806
0.0783224 0.0138545 -0.361888
 0.115847 0.0322363 -0.417612
 0.0717516 -0.0156832  -0.377347
 0.0937272 0.00717209  -0.487047
 0.0717704 -0.0156863  -0.377346
 0.130714 0.0432923 -0.489515
 0.120852 0.0321497 -0.418972
0.0999944 0.0158422 -0.331937
 0.108919  0.023296 -0.354492
 0.106626 0.0181318  -0.33987
 0.104978 0.0201585 -0.349477
 0.110699  0.018007 -0.349105
 0.104958 0.0203699 -0.349435
 0.106702 0.0183479 -0.349611
 0.110008 0.0273872 -0.384383
0.0717327 -0.049298 -0.376204
 0.0706197 0.00506941  -0.306627
 0.104707 0.0199026 -0.347505
 0.0998396 -0.0661869  -0.368489
 0.0995596 -0.0665969  -0.366552
  0.10083 -0.065517  -0.36614
  0.117355 -0.0345161  -0.470746
 0.099926 0.0125504 -0.314654
 0.107675 0.0197073 -0.347118
 0.0931651 -0.0762383  -0.301384
 0.102895 0.0123551 -0.314266
 0.0737321 0.00815234  -0.372016
 0.107675 0.0196857 -0.347122
   0.100837 0.000675649   -0.281936
 0.110419  0.017597 -0.347168
 0.110625 0.0191706 -0.346805
 0.104679  0.019955 -0.347498
   0.09251 -0.0792378  -0.295279
 0.106423 0.0179379 -0.347673
 0.0963582 -0.0738901  -0.331395
 0.102091 0.0110446 -0.308796
 0.125524 0.0376532  -0.45223
 0.125804 0.0380632 -0.454168
  0.110726 -0.0564255  -0.399949
 0.105635 0.0101942 -0.314327
 0.099888 0.0125969 -0.314649
 0.101638 0.0105351 -0.314833
    0.1184 -0.0362596  -0.470964
 0.101852 0.0113821 -0.306663
   0.10111 -0.0651071  -0.368077
  0.10209 0.0110357 -0.308788
 0.102611 0.0118759 -0.312344
 0.0931425 -0.0785278  -0.299807
0.0999139 0.0123467 -0.314698
   0.12116 -0.0356687  -0.468375
 0.125709  0.043379 -0.488155
 0.102611  0.011873 -0.312344
  0.11031 0.0179292 -0.349178
  0.105355 0.00978424   -0.31239
 0.105561 0.0113578 -0.312027
0.0996133 0.0121492 -0.312719
 0.0886453 -0.0714199    -0.3448
 0.101358 0.0101251 -0.312895
  0.115154 -0.0364186  -0.469402
 0.0904126 0.00754004   -0.30789
  0.101437 0.00703908  -0.306373
  0.125969 -0.0237969  -0.502331
0.0807193 0.0066602 -0.309725
  0.106918 -0.0552727   -0.40232
 0.0726236 0.00335038  -0.312689
 0.0706492 0.00393425   -0.31476
 0.0704402 0.00406127  -0.314764
 0.0705456 0.00396501  -0.314872
 0.111577  0.027954 -0.468685
0.0764892 0.0140136 -0.362115
0.0765933 0.0139388 -0.365874
 0.113254 0.0304138  -0.48031
0.0766035 0.0140045 -0.362104
  0.073839 0.00850181  -0.372887
 0.0759187 0.00817855  -0.372297
 0.0799121 -0.0658454   -0.35204
  0.0731115 -0.00294518   -0.374454
 0.0757545 0.00797588  -0.371761
  0.0711362 -0.00279439   -0.374707
 0.0718125 -0.0156901  -0.377338
 0.0976747 -0.0753651  -0.333581
 0.0798887 -0.0665648  -0.352377
 0.0818065 -0.0660815  -0.356399
0.0859535 -0.066714 -0.358877
 0.0950007 -0.0766792    -0.3213
  0.103555 -0.0195341  -0.486086
0.0906186   -0.0679 -0.358464
 0.0939083 -0.0692389  -0.355485
  0.100655 -0.0753684  -0.333151
  0.097391 -0.0758364  -0.331657
   0.09471 -0.0705408  -0.351074
 0.0926666 -0.0714104  -0.347006
 0.120798 0.0381498 -0.452808
  0.120163 -0.0543343  -0.318656
 0.0994386 -0.0306975  -0.316649
  0.109665 -0.0601108  -0.321395
 0.0976108 -0.0614091  -0.323411
 0.0858344 -0.0580315  -0.324398
 0.0761296 -0.0504921  -0.324205
0.0699733  -0.03994 -0.322861
 0.0683024 -0.0279805  -0.320572
 0.0713721 -0.0164347  -0.317686
 0.0787142 -0.0070605  -0.314642
  0.0892115 -0.00128388   -0.311903
   0.101266 1.33782e-05   -0.309887
   0.113042 -0.00336326     -0.3089
  0.122748 -0.0109027  -0.309093
  0.128904 -0.0214548  -0.310436
  0.130575 -0.0334144  -0.312725
  0.127505 -0.0449603  -0.315612
 0.141878 0.0181571 -0.367041
 0.118333 0.0171527 -0.329085
 0.120265  0.011091 -0.306945
 0.128121 0.0243084 -0.367643
 0.102371 0.0141349 -0.308876
  0.150426 -0.0139813  -0.286586
  0.142334 -0.0148209  -0.275793
  0.152987 -0.0131685  -0.294189
 0.136319 0.0353233 -0.428836
  0.14817 0.0387101 -0.473679
 0.138075 0.0458074 -0.487019
 0.118112 0.0367388 -0.418116
  0.150069 -0.0597677  -0.329886
  0.148663 -0.0573301   -0.33943
  0.148752 -0.0577719  -0.339069
 0.128385 0.0481944 -0.491724
 0.125237 0.0125445 -0.330612
 0.125386 0.0072306 -0.331715
 0.125022 0.0121801  -0.33072
  0.144833 -0.0166056  -0.462428
 0.144512 -0.016755 -0.462552
  0.144365 -0.0171461  -0.462669
 0.112034  0.014157 -0.325451
 0.110819 0.0155373 -0.330487
 0.112347 0.0137731 -0.325855
  0.158999 -0.0164638  -0.395875
  0.161587 -0.0142303  -0.395028
  0.161496 -0.0166817   -0.39556
   0.16196 -0.0167711  -0.395512
  0.161497 -0.0166818   -0.39556
 0.158651 -0.015944 -0.399659
  0.157417 -0.0250706  -0.385417
  0.154651 -0.0333937  -0.351655
  0.157736 -0.0226516  -0.386462
 0.161458 -0.017317   -0.3957
   0.15593 -0.0126006  -0.300116
  0.157404 -0.0108663  -0.314167
  0.161478 -0.0169994   -0.39563
  0.161632 -0.0162041  -0.399283
 0.161458 -0.017317   -0.3957
  0.161633 -0.0162042  -0.399283
  0.161478 -0.0169994   -0.39563
  0.155123 -0.0309659  -0.351104
  0.155202 -0.0289954   -0.35071
 0.157522 -0.020849 -0.377101
  0.116966 -0.0624933  -0.340851
  0.112267 -0.0623928  -0.340075
  0.116888 -0.0631695  -0.340423
  0.157701 -0.0166774  -0.450819
   0.15751 -0.0169834  -0.449803
  0.158126 -0.0146835  -0.448867
  0.113269 0.00897772  -0.336374
 0.111253 0.0150517 -0.330556
 0.113657 0.0157907  -0.33486
 0.158948 -0.017098 -0.396016
  0.161633 -0.0162042  -0.399283
 0.116344 0.0128157  -0.32262
 0.116345 0.0124621  -0.32319
 0.121323 0.0115215 -0.323971
  0.144939 -0.0179907   -0.27616
   0.13984 -0.0152192  -0.276165
 0.147101 -0.026943 -0.277824
 0.161961 0.0056824 -0.462467
  0.161725 0.00812388  -0.444989
  0.162028 0.00700784  -0.453274
 0.160444 0.0179309 -0.473037
 0.157429 0.0178859 -0.429698
  0.161725 0.00802901  -0.444563
   0.16204 0.00597678  -0.445399
   0.14543 -0.0643887  -0.285999
  0.145206 -0.0644809  -0.286051
  0.155033 -0.0596127  -0.303111
  0.12186 0.0118301 -0.323576
  0.150061 -0.0638297  -0.298817
  0.156468 -0.0536422  -0.331988
  0.155802 -0.0584633   -0.31595
  0.159423 0.00374729  -0.446249
  0.162303 0.00349498  -0.445886
 0.162563 0.0017811 -0.446211
  0.159107 0.00623268  -0.445768
  0.150076 -0.0638548  -0.298851
  0.150023 -0.0641895  -0.297774
  0.154645 -0.0609491  -0.308839
 0.161744 0.0081205 -0.444988
 0.158992 0.0061448 -0.445031
  0.162026 0.00700713  -0.453261
  0.162046 0.00597626  -0.445398
  0.154292 -0.0496514  -0.344121
  0.154737 -0.0493318  -0.344044
  0.155127 -0.0484614  -0.344362
  0.158979 0.00727303  -0.453645
  0.147089 -0.0523831   -0.28325
  0.148801 -0.0415428   -0.28074
   0.15885 -0.0378543  -0.300206
  0.159091 0.00601256  -0.462905
  0.162104 0.00568458  -0.462513
   0.16204 0.00707998  -0.453269
   0.16243 0.00151284  -0.446287
  0.162313 0.00349453  -0.445887
  0.159078 0.00594868  -0.462895
  0.162325 0.00349309  -0.445883
 0.144595 -0.016709 -0.464591
  0.143862 -0.0247236  -0.464328
 0.144315 -0.017119 -0.462653
    0.157275 -0.000835623    -0.390752
    0.157166 -0.000464542    -0.393535
     0.15761 -0.000601992    -0.392719
  0.162054 0.00429995  -0.467359
   0.156227 -0.00852885   -0.335895
   0.156024 -0.00804385   -0.334317
   0.156216 -0.00913495   -0.335995
 0.147373 0.0149496 -0.464717
 0.147791 0.0219693 -0.463171
 0.148071 0.0223792 -0.465109
  0.156948 -0.0183394  -0.449215
   0.158982 -0.00974456   -0.447108
  0.158492 -0.0127118  -0.448509
  0.159298 0.00366153  -0.445532
  0.161407 -0.0131766  -0.447478
 0.161778  -0.01075 -0.446911
  0.158922 -0.0105007  -0.447271
   0.15941 0.00374743  -0.446251
  0.162424 0.00151676  -0.446287
  0.119587 -0.0644512  -0.335332
  0.124834 -0.0719341  -0.336156
  0.116622 -0.0641925  -0.335706
    0.159638 -0.000699242    -0.447159
    0.162495 -0.000949173    -0.446799
  0.159553 0.00176723  -0.446649
  0.123201 0.00419554  -0.319762
  0.123707 0.00477095   -0.32009
   0.123315 -0.00181003   -0.321539
  0.159295 0.00309845  -0.456682
  0.162465 0.00151324  -0.446283
  0.161637 0.00081494  -0.476486
  0.162003 0.00340166  -0.469338
   0.124105 0.000175393   -0.330797
    0.124244 -0.000255933    -0.330865
   0.124575 3.47078e-05   -0.330258
  0.159036 0.00456336  -0.467739
  0.161962 0.00225303  -0.471021
  0.158924 0.00258771  -0.471434
  0.161933 0.00225872  -0.471009
  0.162057 0.00439102  -0.467402
  0.116949 -0.0625571  -0.340892
  0.119881 -0.0619236  -0.344562
   0.10834 -0.0616583  -0.342648
  0.15892 0.0025217 -0.471389
   0.162294 0.000645017   -0.458872
   0.162505 -0.00291575   -0.447218
  0.162533 -0.0009486  -0.446799
  0.109575 -0.0598485    -0.3512
  0.118374 -0.0604684  -0.350763
  0.114084 -0.0597933   -0.35267
   0.161818 0.000424297   -0.472385
   0.122386 -0.00227709   -0.319167
   0.122895 -0.00242494   -0.318633
  0.123287 0.00415604  -0.317184
    0.1124 0.00658926  -0.327621
  0.123943 0.00632359  -0.329534
  0.121009 0.00568999  -0.325864
   0.159303 0.000803061   -0.458461
    0.162489 -0.000948374    -0.446799
   0.158806 -0.00982341   -0.392433
   0.158574 -0.00936751   -0.395793
   0.159095 -0.00958591   -0.394405
     0.15963 -0.000698942     -0.44716
   0.159623 -0.00266585   -0.447577
   0.162244 -0.00130102   -0.459424
  0.162473 -0.0029145  -0.447218
   0.159589 -0.00391013   -0.447845
   0.159253 -0.00111338    -0.45924
   0.161819 0.000424162   -0.472379
  0.142359 -0.0669405  -0.286828
  0.149903 -0.0635524  -0.298771
 0.121016 0.0056209 -0.325855
  0.121005 0.00605243   -0.32518
  0.116319 0.00572983  -0.325075
  0.158806 0.00068705  -0.472759
  0.156803 -0.0473244  -0.342269
  0.159225 -0.0528218  -0.325457
  0.156613 -0.0474436   -0.34225
   0.158776 0.000177556   -0.472909
    0.161788 -8.67366e-05    -0.472526
   0.161819 0.000425458   -0.472383
    0.161796 -9.35489e-05    -0.472528
  0.107782 -0.0621393  -0.342502
  0.107248 -0.0606043  -0.347139
  0.106671 -0.0610204  -0.347315
    0.161744 -0.000610351    -0.472607
  0.158293 -0.0150768  -0.480332
    0.161791 -9.35176e-05    -0.472528
  0.118864 -0.0644202  -0.332855
  0.119167 -0.0650662  -0.332426
  0.119588 -0.0579977   -0.33087
  0.116562 -0.0637206  -0.335098
  0.115778 -0.0646618  -0.333346
  0.116287 -0.0641498  -0.333163
 0.158384 0.0121865  -0.47455
  0.157134 -0.0089236  -0.479197
  0.158622 0.00105861   -0.47687
 0.156142 0.0288788 -0.471342
 0.155787 0.0229218 -0.472654
 0.148862 0.0282934 -0.428621
  0.15221 0.0342372 -0.471445
 0.147828 0.0348705 -0.474469
 0.148035 0.0384414 -0.473689
 0.152168 0.0296615 -0.472346
  0.14801 -0.057008 -0.342039
  0.151455 -0.0448834  -0.347759
  0.145224 -0.0560848  -0.348283
 0.144932 0.0413007 -0.478075
 0.144737 0.0380121 -0.478799
 0.138067 0.0457929 -0.487025
 0.137875 0.0427899 -0.487697
 0.119836 0.0387626 -0.430409
 0.155386 -0.033135 -0.397859
  0.156534 -0.0301705  -0.399131
  0.155721 -0.0325565  -0.399753
 0.119627 0.0357936 -0.430807
 0.115514 0.0333253  -0.39988
 0.111153 0.0273942  -0.36938
  0.152108 0.00886813   -0.36762
  0.161983 0.00586684  -0.444595
  0.16154 0.0024648 -0.418619
 0.159801 0.0008442 -0.392095
  0.140802 -0.0665151  -0.329606
  0.149828 -0.0606365  -0.327058
   0.13256 -0.0694504  -0.331418
  0.142357 -0.0672074  -0.286957
  0.142891 -0.0672476  -0.286909
 0.161852 0.0057303 -0.443414
  0.162038 0.00587348  -0.444608
 0.161897 0.0042351 -0.432005
  0.116058 -0.0642519  -0.335284
   0.160235 -0.00083107   -0.392388
  0.142211 -0.0669124  -0.286915
  0.144015 -0.0645001  -0.286196
  0.158819 0.00442528  -0.431799
  0.161536 0.00248015  -0.418403
 0.111201 -0.073292 -0.341584
  0.115205 -0.0742866  -0.335466
  0.115489 -0.0738057  -0.337386
    0.162723 -0.000406147    -0.446651
  0.161683 0.00801778  -0.444543
  0.162298 0.00336449  -0.444891
   0.16216 0.00324657  -0.443895
  0.157956 -0.0506637  -0.332162
  0.155744 -0.0473678  -0.342359
  0.161786 0.00811776  -0.444983
  0.10858 0.0111267 -0.305002
 0.102378 0.0142402 -0.308811
 0.110908 0.0243695 -0.369533
   0.148964 -0.00404811   -0.318307
  0.10208 0.0133291 -0.307127
 0.138179 0.0029833 -0.306073
  0.119256 0.00911804  -0.303926
    0.1503 -0.0600771  -0.327393
   0.15768 -0.0488299  -0.326073
 0.150188 -0.059635 -0.329375
 0.146031 0.0131072 -0.455987
 0.146984 0.0204664 -0.453799
 0.146631 0.0201053 -0.454453
  0.141925 0.00422578  -0.319063
  0.111924 -0.0630137  -0.339789
  0.111259 -0.0727114  -0.341949
  0.116347 -0.0719706  -0.342351
  0.137753 0.00304434  -0.305471
  0.138346 0.00239021  -0.304584
  0.139068 0.00243575  -0.305988
  0.124723 0.00768671  -0.303739
  0.119719 -0.0704904  -0.345882
  0.120847 -0.0626065   -0.34405
  0.120191 -0.0625493  -0.344133
  0.130223 0.00597484  -0.303781
  0.155966 -0.0587526   -0.31606
  0.156677 -0.0538685  -0.331781
  0.118623 -0.0695336   -0.35342
  0.120224 -0.0696491  -0.348796
  0.120755 -0.0702605   -0.34878
  0.134672 0.00424308   -0.30432
  0.136627 0.00345691  -0.304865
   0.14517 0.00352458  -0.326072
  0.145948 0.00275774  -0.325403
  0.142788 0.00355653  -0.318665
  0.141696 0.00353176  -0.315709
  0.139077 0.00245164  -0.305983
  0.138169 0.00296848  -0.306077
  0.148519 0.00159084   -0.33155
   0.149168 0.000758722   -0.330536
   0.158213 -0.00398153   -0.367295
   0.154762 -0.00657133   -0.339392
   0.155174 -0.00733813   -0.337511
  0.157957 -0.0157606  -0.347051
  0.157846 -0.0182785  -0.343933
 0.158256 -0.018901 -0.341538
  0.159302 -0.0141021  -0.313642
  0.156782 -0.0111877  -0.334554
  0.157627 -0.0137361  -0.346448
   0.122931 -0.00287228   -0.319224
   0.149803 -0.00500746   -0.315807
  0.157084 -0.0112755  -0.345635
   0.156518 -0.00930507   -0.344938
  0.154354 -0.0552692  -0.303653
   0.155636 -0.00684606   -0.343933
  0.119444 -0.0574421  -0.333354
  0.118772 -0.0644331  -0.332865
  0.119164 -0.0578521  -0.331416
   0.15835 -0.0268995  -0.349821
  0.158016 -0.0276613  -0.346271
  0.14532 0.0221849 -0.463483
   0.15847 -0.0245452  -0.349281
  0.158605 -0.0225877  -0.348811
  0.14778 0.0220634 -0.463149
 0.148244 0.0223111 -0.462517
 0.145279 0.0225699 -0.462891
   0.15839 -0.0201289   -0.34822
  0.158249 -0.0181636  -0.347708
  0.158423 -0.0282335  -0.343781
  0.116041 0.00620892  -0.324549
  0.111958 0.00706143  -0.327317
  0.119401 -0.0574297   -0.33337
  0.119959 -0.0569512  -0.333174
  0.120008 -0.0573828  -0.333776
  0.156676 -0.0378136  -0.348383
  0.157281 -0.0356047  -0.351689
  0.158015 -0.0276613  -0.346271
  0.157635 -0.0336536  -0.351281
   0.15813 -0.0312298  -0.350742
  0.158195 -0.0292564  -0.350334
  0.158354 -0.0269002  -0.349819
   0.15709 -0.0383674  -0.345963
  0.158063 -0.0279441     -0.345
  0.155112 -0.0163528  -0.294174
  0.155381 -0.0266402  -0.350192
  0.158455 -0.0245432  -0.349288
   0.15835 -0.0269001  -0.349818
  0.120317 -0.0710081  -0.345905
   0.11577 -0.0737001  -0.337769
  0.122437 0.00777847  -0.335735
   0.11131 0.00764329  -0.332114
  0.113638 0.00839901  -0.336175
    0.1555 -0.0473053  -0.343164
  0.155633 -0.0472699  -0.342317
  0.154829 -0.0478895   -0.34386
  0.155485 -0.0242842  -0.349661
  0.124333 0.00672544  -0.328982
  0.124519 0.00638164  -0.329474
  0.155478 -0.0242837   -0.34966
 0.159558 -0.022824 -0.363023
 0.158449 -0.024543 -0.349286
 0.139434 0.0281308 -0.477017
 0.132239 0.0284521 -0.476532
 0.134524 0.0285592 -0.477636
  0.140773 -0.0248988  -0.464812
 0.141391 -0.024508 -0.464639
  0.141631 -0.0239978   -0.46656
  0.124223 0.00673353  -0.331472
  0.124793 0.00668376    -0.3314
  0.160458 -0.0210863  -0.376792
 0.157496 -0.020827  -0.37717
  0.160468 -0.0210863  -0.376796
  0.156586 -0.0225652  -0.363394
  0.161417 -0.0169377  -0.393561
  0.114295 -0.0747043  -0.322059
  0.131839 -0.0731559  -0.310887
  0.131427 -0.0717209  -0.321895
  0.120856 -0.0554019  -0.343043
 0.121267 -0.055538 -0.342494
  0.121365 -0.0549158  -0.342887
 0.142423 0.0271051 -0.473167
  0.13055 0.0281411 -0.474663
 0.141323 0.0276595 -0.475387
  0.161386 -0.0174287  -0.393668
  0.116581 -0.0638075  -0.335114
  0.116301 -0.0642174  -0.333177
 0.145307 0.0221411 -0.463495
 0.144809 0.0227116 -0.463431
  0.158732 -0.0167034  -0.393899
  0.160267 -0.0197001  -0.371828
  0.161416 -0.0169376  -0.393561
   0.15737 -0.0192937  -0.373367
  0.158464 -0.0225825  -0.348824
  0.155488 -0.0223229  -0.349199
  0.158399 -0.0201286  -0.348224
  0.120642 0.00443974  -0.320087
  0.123113 0.00422411  -0.319775
  0.120362 0.00402979  -0.318149
  0.155413 -0.0198687  -0.348598
  0.160162 -0.0153641  -0.370153
  0.161651 -0.0145065  -0.393025
  0.155403 -0.0198682  -0.348596
  0.160279 -0.0172459  -0.371274
 0.132842 0.0260971    -0.466
 0.137753 0.0256686 -0.465381
 0.135229 0.0257816 -0.465212
 0.148061 0.0224724 -0.465082
 0.145598 0.0225198 -0.465461
 0.148664 0.0229261 -0.465423
  0.157296 -0.0169796  -0.371696
  0.161502 -0.0125181  -0.392613
 0.129854 0.0271228  -0.46985
 0.129713 0.0276746 -0.472318
  0.158268 -0.0149075  -0.388057
  0.161501 -0.0144857   -0.39303
  0.157146 -0.0180487   -0.45057
 0.145181 0.0227556 -0.465464
   0.1451  0.023128 -0.465405
 0.145698 0.0231848 -0.465797
   0.15889 -0.0122902  -0.392943
  0.160216 -0.0152774  -0.370831
  0.157225 -0.0150093  -0.371263
  0.145625 -0.0153014  -0.471388
  0.145999 -0.0154198  -0.470825
  0.146092 -0.0147609  -0.471146
  0.155249 -0.0179019  -0.348086
  0.154948 -0.0154415  -0.347412
  0.157962 -0.0157058  -0.347026
   0.15826 -0.0181639  -0.347709
  0.154936 -0.0154418  -0.347407
  0.160042 -0.0128049  -0.370317
   0.15983 -0.0108011  -0.370062
  0.159987 -0.0128894  -0.369657
  0.131593 -0.0206762  -0.488477
  0.136504 -0.0211048  -0.487858
  0.134118 -0.0207893  -0.488646
   0.159903 0.000401171   -0.390111
  0.162191 -0.0105045  -0.394152
   0.160183 0.000811113   -0.392048
  0.115634 -0.0743515    -0.3349
   0.12427 -0.0727059  -0.333304
  0.157038 -0.0125282  -0.370808
   0.161262 -0.00807014   -0.391707
  0.126924 -0.0221127  -0.480691
  0.139493 -0.0221304  -0.484008
  0.129309 -0.0207834  -0.487373
  0.161412 -0.0100509  -0.392104
  0.161418 -0.0100507  -0.392103
   0.124443 0.000597503   -0.332736
  0.124994 0.00064962  -0.333164
   0.124885 2.93388e-05   -0.332772
    0.15865 -0.00784218   -0.392036
 0.159826 -0.010805 -0.370029
  0.158388 -0.0074703  -0.394735
  0.156796 -0.0105341  -0.370459
  0.157634 -0.0137367  -0.346438
  0.153691 -0.0598675   -0.30209
   0.15828 -0.0561818  -0.314572
  0.154578 -0.0134701  -0.346823
  0.154592 -0.0134678  -0.346828
  0.157645 -0.0137361  -0.346439
  0.144142 -0.0243137  -0.466265
  0.153979 -0.0110046  -0.346026
   0.159427 -0.00832135   -0.369481
    0.15901 -0.00632207   -0.369076
   0.159371 -0.00840052   -0.368878
 0.111793 0.0158983 -0.332693
 0.113443 0.0163164  -0.33514
   0.156406 -0.00797957   -0.370454
    0.16064 -0.00358913   -0.390849
  0.120334 0.00394802  -0.318171
 0.119897 0.0045604 -0.318104
  0.120177 0.00497034  -0.320042
   0.160968 -0.00558558   -0.391224
   0.160975 -0.00558423   -0.391223
  0.144121 -0.0244041  -0.466292
  0.144677 -0.0247418  -0.466795
  0.141712 -0.0244831  -0.467168
   0.157948 -0.00335419   -0.391188
   0.159005 -0.00632461   -0.369058
   0.155961 -0.00595947   -0.370201
    0.15652 -0.00930661   -0.344926
    0.158745 -0.000346457    -0.472993
  0.158608 -0.0025878  -0.472515
   0.159186 -0.00823397   -0.447855
   0.153361 -0.00903096   -0.345324
   0.153378 -0.00902777    -0.34533
   0.156534 -0.00930546   -0.344926
   0.15775 -0.0244862  -0.395688
  0.158151 -0.0220612  -0.395117
  0.158463 -0.0214832  -0.397014
 0.147467 0.0145133 -0.464778
 0.147827 0.0143773 -0.464747
 0.147797 0.0148039  -0.46417
   0.152387 -0.00656256   -0.344342
   0.158304 -0.00386448   -0.368163
   0.149122 -0.00471339   -0.315328
   0.155168 -0.00352763   -0.369046
   0.159708 0.000418162   -0.390135
 0.142563 0.0265533 -0.470699
 0.141727 0.0260868 -0.468354
   0.160103 -0.00108238   -0.390396
   0.160107 -0.00108175   -0.390395
 0.141393 -0.024432 -0.464598
 0.141292 -0.025098 -0.464262
  0.144257 -0.0253567  -0.463889
 0.115287 0.0303306 -0.400156
   0.159713 0.000416756   -0.390135
    0.157297 -0.000839471     -0.39075
   0.160647 -0.00358974   -0.390848
  0.144739 -0.0172646  -0.462107
     0.1598 0.000844577   -0.392097
   0.159708 0.000418162   -0.390135
  0.157859 -0.0549365   -0.31887
 0.156516  -0.05359 -0.331656
  0.157771 -0.0507808  -0.332158
   0.159805 0.000843085   -0.392096
   0.158266 -0.00311909   -0.393157
    0.16077 -0.00333756   -0.392841
 0.118305 0.0154478 -0.336627
   0.157632 -0.00060584   -0.392717
  0.14652 0.0202187  -0.45443
 0.144019 0.0207252 -0.454173
  0.158048 -0.0548295  -0.318862
  0.12056 -0.061976 -0.344502
  0.120792 -0.0553919  -0.343029
  0.160156 -0.0211662  -0.319862
  0.161133 -0.0330471  -0.322657
  0.158946 -0.0377807  -0.300755
  0.16168 -0.017181 -0.393574
  0.161359 -0.0179142  -0.393776
 0.148116 0.0147615 -0.466756
 0.147804 0.0149662 -0.466712
 0.147702  0.015379 -0.466626
  0.143544 -0.0148583  -0.275657
   0.128296 -0.00730806   -0.275808
  0.142403 -0.0148338  -0.275786
  0.158875 -0.0142569  -0.393361
  0.120641 0.00436722  -0.320125
 0.123104 0.0043124  -0.31975
  0.161507 -0.0125188  -0.392613
  0.158867 -0.0142558  -0.393362
   0.158811 -0.00982345   -0.392432
  0.159176 -0.0120519  -0.394915
   0.158816 -0.00982486   -0.392432
  0.161401 -0.0131768  -0.447479
   0.16177 -0.0122407  -0.449293
   0.161497 -0.00760458   -0.391574
   0.161268 -0.00807065   -0.391706
   0.158339 -0.00535624   -0.391555
   0.158328 -0.00535521   -0.391557
  0.105656 -0.0714458  -0.349751
  0.105961 -0.0720004  -0.347351
  0.106132 -0.0710451  -0.349533
 0.119148  -0.06402 -0.334778
  0.119365 -0.0574303  -0.333386
   0.157948 -0.00335419   -0.391188
 0.146811 0.0205345  -0.45639
 0.146113 0.0131048 -0.455999
 0.146531 0.0201245 -0.454453
   0.159296 -0.00796019   -0.448744
   0.159153 -0.00823168   -0.447854
    0.15953 -0.00511708   -0.448109
   0.162376 -0.00536539    -0.44775
  0.159392 -0.0052394    -0.4471
  0.154765 -0.0503561   -0.34342
  0.154978 -0.0494222  -0.344575
   0.15471 -0.0495332  -0.344273
  0.156939 -0.0577532  -0.319403
  0.157345 -0.0548818  -0.328645
   0.162364 -0.00556633   -0.447795
   0.162337 -0.00505228   -0.450122
   0.162352 -0.00576727   -0.447839
   0.162338 -0.00505237   -0.450122
   0.162364 -0.00556633   -0.447795
  0.156129 -0.0217042  -0.296305
  0.156154 -0.0119314  -0.318448
   0.10956 -0.0597811  -0.351209
  0.113869 -0.0601605  -0.353273
  0.109147 -0.0602447  -0.351615
   0.159337 -0.00479052     -0.4505
    0.157284 -0.000833475     -0.39075
   0.158276 -0.00311703   -0.393155
   0.159358 -0.00581139    -0.44724
   0.162489 -0.00827492   -0.425587
   0.162373 -0.00578219   -0.446817
   0.162389 -0.00549673   -0.446754
  0.155548 -0.0474863  -0.342336
  0.162365 -0.0100607  -0.427382
  0.122931 0.00379391  -0.317837
  0.14406 0.0203402 -0.454764
    0.16239 -0.00549682   -0.446754
  0.119737 0.00471736  -0.304809
   0.135245 -0.00242593   -0.295429
   0.162253 -0.00561757   -0.445757
  0.154898 -0.0501665  -0.343343
   0.158334 -0.00535377   -0.391555
   0.158635 -0.00511916   -0.393527
   0.158952 -0.00760473   -0.394007
  0.122452 0.00771202  -0.335773
  0.122598 0.00838237  -0.336192
   0.12473 0.00728101  -0.331817
   0.159482 -0.00693804   -0.434167
   0.162372 -0.00891474   -0.420623
   0.162476 -0.00712417   -0.434364
 0.159404 -0.005369 -0.446116
  0.155999 -0.0081334   -0.33429
   0.155111 -0.00805595   -0.334402
   0.155875 -0.00826817   -0.335177
  0.155042 -0.0083133  -0.335478
    0.1562 -0.0105314  -0.335658
   0.155471 -0.00929726   -0.336026
 0.148153 0.0223485 -0.465094
 0.148217 0.0154189 -0.467076
  0.162387 -0.0057831  -0.446817
  0.162395 -0.0100356  -0.427506
   0.162355 -0.00606747    -0.44688
  0.162109 -0.0138939  -0.421821
 0.138393 -0.021576 -0.486228
  0.124733 0.00727698  -0.331702
  0.124789 0.00682182  -0.331318
  0.158685 -0.0117681  -0.396823
  0.161593 -0.0122633  -0.394611
 0.159171 -0.012052 -0.394916
  0.161511 -0.0097967  -0.394101
  0.161598 -0.0122638   -0.39461
   0.161777 -0.00719464   -0.393512
  0.161598 -0.0122632   -0.39461
  0.159141 -0.0140168  -0.395336
  0.162118 -0.0121475  -0.411234
  0.159149 -0.0140177  -0.395335
   0.124066 0.000179634   -0.330778
  0.124966 0.00661569  -0.328808
  0.162356 -0.0100378  -0.427485
  0.161954 -0.0149009  -0.411879
  0.159366 -0.0097769  -0.427861
  0.152818 -0.0172016  -0.286447
 0.146189 -0.018094 -0.276042
   0.162498 -0.00603309   -0.423383
   0.162484 -0.00304589    -0.44622
   0.162499 -0.00108155   -0.445787
  0.110844 0.00817416   -0.33207
 0.154967 -0.047793 -0.344084
  0.156025 -0.0473393  -0.343482
  0.138797 -0.0231487  -0.479195
  0.139633 -0.0226822   -0.48154
   0.162349 -0.00316649   -0.445224
   0.162485 -0.00304586   -0.446221
   0.162498 -0.00108167   -0.445786
   0.162459 -0.00368437   -0.425938
   0.162358 -0.00119986   -0.444807
   0.162511 -0.00269816   -0.433438
  0.162429 0.00138141  -0.445256
  0.162296 0.00126579  -0.444294
  0.145381 -0.0225594   -0.47501
  0.145937 -0.0228971  -0.475513
  0.142972 -0.0226383  -0.475887
  0.124513 0.00627382  -0.329462
    0.15664 -0.00935525   -0.336153
   0.159496 -0.00259034   -0.432632
   0.162323 -0.00446065   -0.419867
    0.159499 -0.000950243    -0.445167
  0.144263 -0.0171192  -0.462638
   0.14395 -0.0247068  -0.464321
    0.15953 -0.00455368   -0.433099
    0.16253 -0.00471314   -0.433502
   0.162365 -0.00656909    -0.41923
   0.162345 -0.00316634   -0.445225
  0.137107 -0.0234597  -0.477326
  0.128023 -0.0226671  -0.478471
  0.142551 -0.0626995  -0.285975
  0.145199 -0.0665075  -0.307426
   0.161367 -0.00781641   -0.393703
   0.158946 -0.00760518   -0.394008
   0.161374 -0.00781701   -0.393702
   0.161373 -0.00781595   -0.393702
  0.121272 -0.0545677  -0.344885
  0.121646 -0.0544956  -0.344824
  0.121687 -0.0549231    -0.3454
   0.159105 -0.00958716   -0.394404
   0.162297 -0.00150408   -0.423102
  0.162301 0.00336521  -0.444891
  0.162287 0.00126579  -0.444295
    0.162392 -0.000229229    -0.432923
  0.154399 -0.0489478  -0.344178
  0.154116 -0.0495333  -0.343813
  0.154278 -0.0501464  -0.343407
   0.159292 -0.00795973   -0.448745
  0.159046 -0.0043053  -0.460387
  0.117992 0.00906135  -0.338031
   0.162117 0.000698073   -0.424469
  0.162149 0.00324557  -0.443896
   0.16222 0.00175084  -0.432516
  0.162298 0.00336572  -0.444897
 0.146894 0.0205038 -0.456376
 0.147404 0.0210813 -0.456705
 0.146957 0.0135741 -0.458358
   0.161082 -0.00533271   -0.393218
   0.15712 -0.0105234  -0.335603
  0.157309 -0.0105449  -0.335813
  0.159178 0.00195464  -0.432428
  0.161931 3.9774e-06  -0.419007
 0.159268 0.0034969 -0.444259
  0.141386 -0.0244665  -0.464617
  0.140954 -0.0245941  -0.464703
    0.159368 -2.90012e-05    -0.432824
    0.16215 -0.00198662   -0.419366
  0.144519 -0.0166966  -0.464622
   0.14424 -0.0243107   -0.46624
    0.124587 -0.000432064    -0.330871
   0.12443 0.00059026  -0.332742
    0.124874 -4.11522e-06    -0.332803
   0.157868 -0.00269447   -0.396184
   0.160762 -0.00333687   -0.392842
   0.160769 -0.00333552   -0.392841
  0.161928 -0.0104658  -0.447843
  0.158647 -0.0051202  -0.393525
   0.158202 -0.00469791   -0.396506
   0.148234 -0.00240541    -0.32775
   0.149045 -0.00402728   -0.318284
   0.148052 -0.00231183   -0.327492
  0.155463 -0.0319323  -0.401708
  0.155381 -0.0331326   -0.39786
  0.117742 -0.0789982  -0.326361
  0.107699 -0.0799523  -0.328025
  0.123282 -0.0636519  -0.387055
  0.107561 -0.0605372   -0.40175
  0.131249 -0.0459087  -0.446858
  0.133657 -0.0282301   -0.50336
  0.144457 -0.0415412  -0.444116
   0.14409 -0.0296291  -0.488754
   0.14219 -0.0669322  -0.286922
  0.144103 -0.0644157  -0.286165
  0.120632 0.00440942  -0.320072
   0.12019 0.00497758  -0.320036
 0.120741 0.0050297 -0.320464
  0.123916 -0.0269116  -0.508262
  0.115984 -0.0642376  -0.335328
   0.11606 -0.0736291  -0.337784
  0.115479 -0.0738072  -0.337395
  0.158058 -0.0239067  -0.397585
 0.161458 -0.017317   -0.3957
  0.158707 -0.0195363  -0.396567
 0.161259 -0.019759 -0.396245
 0.120187 -0.062542 -0.344114
  0.158955 -0.0170988  -0.396015
   0.159504 -0.00551879   -0.448198
   0.162351 -0.00576718   -0.447839
     0.1593 -0.00796013   -0.448744
   0.162165 -0.00821026   -0.448383
    0.12415 0.000180318   -0.330804
  0.116331 0.00579762  -0.325088
   0.122471 -0.00227933    -0.31918
   0.122751 -0.00186939   -0.321117
   0.162154 -0.00820943   -0.448384
   0.162045 -0.00442487   -0.460464
    0.124896 -6.49839e-06    -0.332836
   0.146897 -0.00126149   -0.330404
  0.161622 -0.0028508  -0.472135
   0.162155 -0.00820798   -0.448383
  0.161995 -0.0101661  -0.448831
  0.161934 -0.0101575  -0.448828
   0.159073 -0.00990813   -0.449189
   0.161857 -0.00651724   -0.460452
  0.161928 -0.0101572  -0.448829
  0.158738 -0.0123378  -0.449751
   0.158854 -0.00641082   -0.460333
   0.161511 -0.00459522   -0.471094
  0.120161 -0.0615137  -0.346499
   0.161399 -0.00623005   -0.469682
   0.158373 -0.00602993   -0.470138
   0.161619 -0.00289193   -0.472205
   0.161143 -0.00950908   -0.465867
  0.161562 -0.0125811  -0.449395
   0.158378 -0.00596647   -0.470062
  0.161595 -0.0125873  -0.449392
  0.158871 -0.0142561  -0.393361
  0.159003 -0.0164642  -0.395874
  0.158736 -0.0123386  -0.449752
 0.118433 0.0159905 -0.336979
   0.158524 -0.00935344   -0.459259
  0.141671 -0.0240981  -0.466577
   0.16118 -0.0145187   -0.44986
 0.161554 -0.012584 -0.449396
  0.158729 -0.0123375  -0.449752
  0.14434 0.0207501 -0.456702
   0.15846 -0.0129223   -0.44785
  0.157166 -0.0183584  -0.449188
  0.157497 -0.0172629  -0.448908
  0.161188 -0.0145189  -0.449861
  0.158352 -0.0142722  -0.450216
   0.161169 -0.00951161   -0.465863
  0.161174 -0.0145184  -0.449861
  0.157711 -0.0166736  -0.450817
  0.160589 -0.0169267  -0.450455
  0.119176 -0.0578616  -0.331418
  0.119686 -0.0573756  -0.331262
 0.0961634 -0.0777243  -0.323222
 0.0948799 -0.0764703  -0.312169
  0.158158 -0.0146175  -0.449083
 0.160922 -0.011927 -0.462371
    0.15811 -0.00924446   -0.466249
  0.160644 -0.0145613  -0.458024
  0.157588 -0.0143586  -0.458448
   0.161147 -0.00956348   -0.465903
  0.160593 -0.0169263  -0.450454
  0.124301 0.00667138  -0.328891
  0.155765 -0.0473266  -0.342361
 0.114088 -0.059725 -0.352683
  0.118476 -0.0608394  -0.351435
  0.157518 -0.0169692  -0.449849
   0.16065 -0.0145618  -0.458023
  0.157583 -0.0142941   -0.45841
  0.160229 -0.0181923  -0.450774
  0.157504 -0.0169769  -0.449799
  0.157691 -0.0166738   -0.45082
   0.16025 -0.0181922  -0.450771
  0.160233 -0.0183116  -0.450229
  0.096535 -0.0743288  -0.323823
 0.143921 0.0209108 -0.456746
  0.14384 0.0212833 -0.456687
 0.144439 0.0213401 -0.457079
 0.106842 -0.072702 -0.344627
  0.107216 -0.0722317   -0.34481
  0.147977 -0.0103546  -0.295133
  0.113223 0.00896463  -0.336442
  0.118144 0.00839747  -0.337684
   0.15998 -0.0240913  -0.427405
  0.160581 -0.0171517  -0.449734
  0.160309 -0.0181983  -0.450764
  0.160243 -0.0183142  -0.450229
  0.145825 -0.0148606   -0.47329
  0.146385 -0.0144328  -0.473139
  0.146418 -0.0148049  -0.473731
  0.118395 -0.0604005   -0.35077
  0.161002 -0.0151093  -0.447946
  0.160381 -0.0175159  -0.448545
  0.154229 -0.0332253  -0.441031
  0.144508 -0.0166781  -0.464596
   0.14482 -0.0165856  -0.462469
  0.157254 -0.0207829  -0.437618
  0.159886 -0.0249692  -0.424642
 0.160339  -0.02093 -0.437621
  0.160374 -0.0175138  -0.448545
  0.148488 -0.0274877   -0.48506
  0.149052 -0.0516144  -0.380922
  0.153017 -0.0236345  -0.482905
  0.157613 -0.0349219  -0.399979
  0.158434 -0.0327931  -0.399411
  0.111193 -0.0732422  -0.341598
 0.155326 -0.048482 -0.344634
  0.155602 -0.0476092   -0.34394
  0.156445 -0.0399318  -0.376282
  0.157529 -0.0353438  -0.398017
  0.137851 -0.0596134  -0.384165
  0.114786 -0.0463068  -0.449246
  0.114917 -0.0434588  -0.448311
  0.110254 -0.0553011  -0.419513
  0.124091 -0.0239643  -0.507613
  0.133613 -0.0281158  -0.503345
  0.133827 -0.0251131  -0.502656
  0.140729 -0.0293284  -0.493627
  0.140921 -0.0260993  -0.492916
   0.14397 -0.0293669   -0.48865
  0.144311 -0.0258735  -0.487745
 0.149101 -0.023139 -0.483939
  0.153345 -0.0181133  -0.481689
    0.158744 -0.000348525    -0.472991
    0.161757 -0.000611842    -0.472607
    0.161789 -8.60142e-05     -0.47253
   0.158776 0.000176552   -0.472905
    0.158745 -0.000349041    -0.472987
  0.145778 -0.0148519   -0.47334
  0.157994 -0.0349501  -0.399931
  0.157618 -0.0349172  -0.399979
  0.159227 -0.0304025  -0.398791
  0.160658 -0.0267121  -0.397803
  0.157607 -0.0349162   -0.39998
   0.148225 -0.00222457   -0.327833
   0.147635 -0.00197749   -0.327352
  0.158301 -0.0333903  -0.397492
   0.122704 -0.00186041   -0.321141
 0.157714  -0.03536 -0.397994
 0.122924 0.0139421 -0.334955
  0.158293 -0.0333867  -0.397493
  0.157537 -0.0353446  -0.398016
  0.156466 -0.0398852  -0.376444
  0.156204 -0.0307455  -0.397236
  0.159093 -0.0309967  -0.396871
  0.156774 -0.0113884  -0.334679
  0.157862 -0.0112819  -0.334418
  0.153358 -0.0395072  -0.377176
  0.140098 -0.0656771  -0.345691
  0.146998 -0.0585021  -0.349742
  0.153899 -0.0468817  -0.353687
  0.134906 -0.0705564  -0.337361
  0.132181 -0.0745328   -0.32333
 0.110363 -0.052495 -0.418433
 0.105736 -0.063841 -0.389574
 0.0968017 -0.0794496  -0.329482
  0.105823 -0.0610721  -0.388347
  0.154154 -0.0462714   -0.34975
  0.154893 -0.0444231  -0.353323
  0.150732 -0.0466054  -0.354086
  0.108566 -0.0699228  -0.353741
  0.150747 -0.0466055  -0.354094
  0.154887 -0.0444227  -0.353318
  0.153913 -0.0468814  -0.353692
  0.154383 -0.0501216  -0.343408
  0.155568 -0.0424588  -0.352993
   0.15735 -0.0374681  -0.375921
  0.151781 -0.0441516   -0.35371
  0.157346 -0.0374772  -0.375893
  0.141677 -0.0240328  -0.466577
 0.154284 -0.037124 -0.376553
 0.159086 -0.030997 -0.396873
  0.157959 -0.0355059  -0.375583
 0.147653 0.0153595 -0.466654
   0.15963 -0.0290779  -0.396388
   0.12762 -0.0210944  -0.485504
  0.126783 -0.0215609  -0.483159
  0.156754 -0.0288257   -0.39675
   0.15796 -0.0354996  -0.375602
  0.159623 -0.0290761  -0.396388
   0.15495 -0.0350891  -0.376453
  0.155567 -0.0424595  -0.352989
 0.147609 0.0153681 -0.466682
  0.152499 -0.0421918  -0.353376
  0.156293 -0.0400113  -0.352547
   0.15251 -0.0421915  -0.353381
  0.155577 -0.0424593  -0.352993
  0.156784 -0.0380537  -0.352172
   0.16041 -0.0266819  -0.395787
   0.15326 -0.0397456  -0.352929
  0.158595 -0.0330893  -0.375022
 0.137048 0.0284463 -0.477805
  0.116301 -0.0641441  -0.333137
  0.116202 -0.0648074    -0.3328
  0.155605 -0.0327067  -0.375787
 0.140037 0.0257758 -0.466485
  0.141093 -0.0656439  -0.332476
  0.133261 -0.0685553  -0.334224
   0.16071 -0.0247291  -0.395324
  0.160186 -0.0266657  -0.395797
  0.158803 -0.0140265  -0.435983
  0.158916 -0.0105002  -0.447272
  0.148157 -0.0568513  -0.341464
  0.157747 -0.0244853  -0.395688
 0.159021 -0.031151 -0.374578
  0.160556 -0.0247304  -0.395334
  0.156045 -0.0307793  -0.375311
 0.145034 0.0230899 -0.465396
 0.145599 0.0225948  -0.46542
 0.145269 0.0220925  -0.46351
  0.153772 -0.0377909  -0.352552
  0.154313 -0.0353487  -0.352061
  0.157298 -0.0356091  -0.351683
  0.156793 -0.0380536  -0.352174
  0.161155 -0.0223186  -0.394757
  0.154304 -0.0353479   -0.35206
  0.159447 -0.0287644  -0.373889
  0.118754 -0.0645191  -0.332893
  0.145209 -0.0228621  -0.473039
 0.145517 -0.023512 -0.472607
 0.144047 0.0202965 -0.454776
 0.143548 0.0208669 -0.454712
  0.156464 -0.0284666  -0.374385
   0.149752 -0.00510001    -0.31555
   0.149246 -0.00457495   -0.315287
  0.161294 -0.0203562  -0.394313
  0.160926 -0.0223033  -0.394767
  0.145159 -0.0166497  -0.465013
 0.158408 -0.020116 -0.394668
 0.159726 -0.026817 -0.373451
  0.161153 -0.0203556  -0.394322
  0.157885 -0.0216026  -0.389837
  0.156748 -0.0265284  -0.373919
 0.157634 -0.033654 -0.351279
  0.150182 -0.0596763  -0.329381
  0.149665 -0.0599708  -0.330038
  0.154659 -0.0333935  -0.351656
  0.157969 -0.0312102   -0.35076
  0.157641 -0.0336539   -0.35128
  0.157349 -0.0264182  -0.396155
  0.157475 -0.0248924   -0.40105
 0.157666  -0.02584 -0.398051
  0.158931 -0.0102004  -0.448228
  0.154994 -0.0309506  -0.351135
  0.159993 -0.0243774  -0.372909
 0.130953 0.0265684  -0.46763
 0.146831 0.0129001 -0.458002
 0.146024 0.0130903 -0.456015
 0.146393 0.0135148 -0.457936
  0.157111 -0.0237581  -0.374447
   0.16046 -0.0210871  -0.376792
  0.161358 -0.0179141  -0.393776
  0.154525 -0.0618018  -0.307086
 0.157496 -0.020827  -0.37717
  0.159421 -0.0251731  -0.363573
  0.160468 -0.0210863  -0.376796
  0.161408 -0.0174276  -0.393667
   0.15645 -0.0249126  -0.363951
  0.158173 -0.0292547  -0.350336
  0.158356 -0.0269004   -0.34982
  0.155387 -0.0266407  -0.350193
  0.154532 -0.0467257  -0.347524
  0.147417 -0.0585893  -0.348197
 0.140714 -0.065507   -0.3448
  0.135703 -0.0702801  -0.336912
  0.13458 -0.071564 -0.333395
 0.131734 -0.074821 -0.322651
  0.133117 -0.0741398  -0.323226
  0.115464 -0.0786774  -0.322968
  0.106019 -0.0798658  -0.328239
  0.130461 -0.0753677  -0.322228
  0.128621 -0.0760287  -0.322045
  0.125428 -0.0769561  -0.322052
  0.130931 -0.0734044  -0.289599
 0.113429 -0.078875 -0.292789
  0.141663 -0.0240515  -0.466567
  0.141106 -0.0245298  -0.466764
  0.104381 -0.0792597  -0.324651
 0.0967933 -0.0795761  -0.329469
   0.113938 -0.00248407   -0.276428
  0.101443 0.00716964  -0.306334
  0.157798 -0.0173452  -0.448926
  0.157164 -0.0183582  -0.449188
  0.151547 -0.0318363  -0.440703
 0.0965519 -0.0795253  -0.327552
  0.160401 -0.0134921  -0.318899
  0.156194 -0.0307447  -0.397237
  0.160378 -0.0271219  -0.395866
  0.157358 -0.0264193  -0.396154
 0.160192 -0.026666 -0.395796
  0.158159 -0.0220621  -0.395116
  0.160931 -0.0223036  -0.394767
 0.144854 0.0227155 -0.463438
   0.15866 -0.0176789  -0.394116
  0.153495 -0.0599697  -0.302108
  0.134823 -0.0235669  -0.476222
  0.158654 -0.0176782  -0.394117
   0.122907 -0.00289171   -0.319246
  0.161529 -0.0128955  -0.448392
  0.161166 -0.0148107  -0.448925
  0.160793 -0.0209767  -0.429134
  0.161171 -0.0148136  -0.448918
  0.161222 -0.0194689  -0.427355
  0.160976 -0.0185243  -0.437026
  0.119774 -0.0704412   -0.34578
  0.116705 -0.0725456  -0.342059
 0.161548 -0.012894 -0.448405
  0.119948 -0.0569109  -0.333168
  0.119673 -0.0573401  -0.331233
  0.161397 -0.0131762   -0.44748
  0.161395 -0.0165975  -0.436544
  0.158365 -0.0164478  -0.436559
  0.161029 -0.0206683  -0.423477
  0.158523 -0.0129253  -0.447842
  0.155487 -0.0474363  -0.342849
  0.154107 -0.0496182  -0.343738
  0.154763 -0.0478528   -0.34385
  0.159751 -0.0284814  -0.398309
  0.157927 -0.0183798  -0.437022
   0.16057 -0.0226007  -0.423935
  0.149913 -0.0602795   -0.32703
  0.159226 -0.0304043  -0.398792
  0.156909 -0.0272845  -0.401699
   0.15708 -0.0282482  -0.398645
  0.112372 0.00652584  -0.327619
  0.110787 0.00815627  -0.332075
  0.156525 -0.0301677  -0.399132
   0.15922 -0.0304029  -0.398792
  0.156536 -0.0301687   -0.39913
  0.120322 -0.0701394  -0.348817
 0.120147 -0.069736 -0.348757
  0.120611 -0.0619344  -0.347039
  0.156298 -0.0294936  -0.401252
  0.161964 -0.0150696  -0.426436
  0.161926 -0.0104656  -0.447843
    0.16216 -0.00851281   -0.447416
  0.145524 -0.0152746  -0.471357
  0.161671 -0.0165769  -0.428245
  0.162155 -0.0085122  -0.447417
   0.162006 -0.00880239   -0.446466
  0.162076 -0.0122284  -0.435527
   0.162285 -0.00606625   -0.446864
   0.162209 -0.00636068    -0.44592
   0.162012 -0.00880308   -0.446466
  0.121366 -0.0548812  -0.342821
  0.148301 -0.0578971  -0.339087
 0.148672 -0.057572 -0.339583
  0.159073 -0.0120824  -0.435534
  0.161794 -0.0163065  -0.422448
   0.159153 -0.00855347   -0.446826
  0.120602 -0.0619302  -0.347042
  0.113401 -0.0696157  -0.355861
  0.11328 -0.069252 -0.355276
  0.118004 -0.0691214  -0.353238
  0.160673 -0.0241348  -0.397256
  0.161815 -0.0141733  -0.435975
  0.161497 -0.0182512  -0.422892
  0.160313 -0.0260718  -0.397718
  0.160313 -0.0260708  -0.397717
  0.157847 -0.0229455  -0.400625
  0.161041 -0.0217074  -0.396689
  0.129912 -0.0231383  -0.476841
  0.160308 -0.0260706  -0.397718
  0.120218 -0.0625412  -0.344224
  0.120444 -0.0621104  -0.344574
  0.157676 -0.0258413   -0.39805
  0.162317 -0.0097891  -0.434979
  0.157148 -0.0180476  -0.450594
  0.159319 -0.0096538  -0.434953
  0.162075 -0.0138929  -0.421825
 0.144054 0.0202759 -0.454764
  0.132299 -0.0234539  -0.476053
  0.158456 -0.0214819  -0.397015
 0.161036 -0.021707  -0.39669
 0.124656 0.0114387 -0.327752
  0.158464 -0.0214829  -0.397014
  0.158171 -0.0207561  -0.399291
 0.0963097 -0.0785348    -0.3249
 0.0963797 -0.0788545  -0.325722
   0.14239 -0.0622205  -0.340856
  0.136837 -0.0648867  -0.342223
 0.0963237 -0.0783795  -0.324948
 0.114306 -0.078784 -0.323117
  0.128655 -0.0688896  -0.344252
  0.142448 -0.0621756  -0.340838
  0.114141 -0.0781145  -0.321399
  0.114288 -0.0781132  -0.319488
   0.12164 -0.0778752  -0.322309
  0.113993 -0.0781423   -0.31963
 0.0963413 -0.0783434  -0.324958
  0.114299 -0.0788523   -0.32307
  0.158919 -0.0102058  -0.448214
 0.101725 0.0115475 -0.305522
  0.116589 0.00963509  -0.304161
 0.108604 0.0107728 -0.304785
 0.101723 0.0114847 -0.305566
   0.11654 0.00947812  -0.303984
  0.129809 -0.0678644  -0.346965
  0.121267 -0.0619916  -0.346957
 0.101791 0.0119073 -0.305818
   0.146869 -0.00125713   -0.330407
  0.142651 -0.0226633  -0.473358
  0.145122 -0.0228789  -0.473046
  0.142931 -0.0222533  -0.475295
 0.101755   0.01169 -0.305683
 0.101429 0.0100449 -0.304231
   0.10114 0.00915723  -0.302478
  0.159317 -0.0501057  -0.300749
  0.152235 -0.0418198  -0.280406
  0.149982 -0.0546969  -0.283414
  0.161636 -0.0382381  -0.299162
  0.151211 -0.0290896  -0.277808
   0.15532 -0.0594627  -0.303255
  0.145429 -0.0643806  -0.286008
  0.145356 -0.0644636  -0.286025
  0.158314 -0.0108134  -0.315068
 0.155294 -0.059528  -0.30318
 0.145402 -0.022469 -0.474984
  0.145854 -0.0148643  -0.473309
  0.159434 -0.0526387  -0.325665
  0.159449 -0.0526709  -0.325769
  0.162642 -0.0439728  -0.323619
 0.147809 0.0143372 -0.464783
 0.148096 0.0147651 -0.466716
  0.145768 -0.0148334  -0.473314
   0.14608 -0.0147409  -0.471187
  0.146377 -0.0144199   -0.47314
  0.160307 -0.0262375  -0.295577
  0.143074 -0.0606466  -0.343521
  0.138802 -0.0630248  -0.344642
  0.156719 -0.0471297   -0.34287
  0.161967 -0.0125901  -0.392562
  0.155993 -0.0475282  -0.343939
  0.116587 -0.0637422  -0.335114
  0.119031 -0.0641138  -0.334828
  0.156016 -0.0475221  -0.343916
  0.156428 -0.0472382  -0.343184
  0.156716 -0.0472834   -0.34225
  0.155326 -0.0484907  -0.344637
  0.116573 -0.0637609  -0.335104
  0.116015 -0.0642395  -0.335301
  0.154987 -0.0494185   -0.34458
   0.15855 -0.0127153   -0.44851
  0.154888 -0.0501211  -0.344026
 0.122929 0.0139286 -0.334969
  0.154925 -0.0500645  -0.344126
  0.157457 -0.0553955  -0.327624
  0.119972 -0.0569417  -0.333184
  0.120716 -0.0616704  -0.346417
  0.120601 -0.0619872  -0.346946
  0.147899 -0.0655784   -0.32996
 0.154815  -0.06125 -0.308929
 0.142192 -0.067141 -0.286966
  0.142685 -0.0717959  -0.308093
  0.153295 -0.0625274  -0.304609
  0.133122 -0.0741559  -0.323228
 0.164209 -0.033424 -0.321752
  0.121646 -0.0545381  -0.344808
  0.121366 -0.0549481  -0.342871
  0.148152 -0.0568511  -0.341468
  0.163588 -0.0226934   -0.31896
  0.124626 0.00626872  -0.329488
  0.143057 -0.0675581   -0.28695
   0.13017 -0.0772456  -0.290511
 0.143057 -0.067315 -0.286899
  0.129109 -0.0770428  -0.311422
  0.112732 -0.0819556  -0.293521
 0.0959225 -0.0778469  -0.321394
 0.0923373 -0.0821393  -0.295918
  0.124311 0.00667287  -0.328891
 0.124601 0.0115506 -0.327817
  0.113586 -0.0782358  -0.319585
  0.094123 -0.0801081  -0.308681
 0.0959412 -0.0777435  -0.321472
   0.144603 -0.00157405   -0.315317
   0.147692 -0.00189874   -0.329895
  0.157877 -0.0116625  -0.462753
  0.103808 -0.0782196  -0.320467
  0.132043 -0.0748042  -0.321343
  0.117776 -0.0778349  -0.319328
  0.121081 -0.0549701  -0.344995
  0.122499 -0.0772273   -0.31926
  0.125786 -0.0766202  -0.319473
  0.129496 -0.0756862  -0.320143
 0.156759 -0.028827  -0.39675
 0.157674 -0.025842  -0.39805
 0.0959298 -0.0777424  -0.321381
  0.122546 -0.0772085   -0.31927
  0.120621 0.00437597  -0.320103
   0.144917 1.49092e-05   -0.327323
 0.143774 0.0212452 -0.456678
  0.14401 0.0202477 -0.454792
  0.127923 -0.0762342  -0.322004
  0.132174 -0.0745114  -0.323337
  0.156423 -0.0165448  -0.294108
  0.157682 -0.0161558  -0.297766
  0.160623 -0.0137072  -0.318164
  0.146385 -0.0182021  -0.276047
   0.14628 -0.0178947  -0.275966
 0.157495 -0.016056 -0.297731
  0.146326 -0.0181305   -0.27603
   0.10784 -0.0621615  -0.342556
   0.15625 -0.0085411  -0.335902
   0.156628 -0.00935847   -0.336158
  0.157308 -0.0105466  -0.335814
  0.158025 -0.0113979  -0.334485
   0.151383 -0.00249754   -0.316095
  0.158528 -0.0102896  -0.316693
   0.156034 -0.00801178    -0.33529
   0.144154 -0.00413662   -0.293626
  0.154051 -0.0129371  -0.293976
  0.158296 -0.0107741  -0.315008
   0.156208 -0.00790844   -0.334315
  0.158627 -0.0103973  -0.315957
  0.156108 -0.0122867  -0.300076
  0.158489 -0.0105033  -0.315042
   0.156071 -0.00799188   -0.335302
   0.156182 -0.00783396   -0.334297
 0.142924 -0.060757 -0.343566
  0.119112 -0.0578517  -0.331404
   0.156049 -0.00880237   -0.335677
  0.157919 -0.0111802  -0.334401
   0.159144 -0.00700371   -0.446499
  0.148669 -0.0573304  -0.339431
   0.15812 -0.0148578  -0.448309
  0.157729 -0.0115705  -0.334445
  0.160576 -0.0138176  -0.317878
  0.116349 -0.0719767  -0.342362
  0.133108 0.00382712  -0.301878
 0.136464 0.0027656 -0.303176
  0.143358 -0.0149079  -0.275684
  0.133016 0.00366269  -0.301926
  0.130447 0.00434177    -0.3014
   0.123217 -0.00246594   -0.321212
  0.130342 0.00445473   -0.30134
  0.116703 0.00597903  -0.295916
  0.130118 0.00601577  -0.303757
   0.12526 0.00558502  -0.300916
  0.125445 0.00555084  -0.300927
 0.124817  0.011915 -0.327709
 0.146579 0.0125742 -0.456044
 0.146089 0.0131068 -0.456024
 0.146589 0.0125867 -0.456043
 0.146538 0.0129592 -0.455452
    0.124604 -0.000391942    -0.330834
  0.119586 0.00902031   -0.30393
  0.118337 0.00698633  -0.300928
  0.116026 0.00743606  -0.300981
   0.122764 -0.00186215   -0.321112
   0.123205 -0.00243031   -0.321147
    0.1163 -0.0641851  -0.333193
   0.11579 -0.0646713  -0.333348
  0.124731 0.00728779  -0.331797
   0.159357 -0.00581371   -0.447233
   0.10114 0.00936849  -0.302413
  0.108025 0.00853107  -0.301668
  0.134886 -0.0667871  -0.338701
  0.116016 0.00721309   -0.30106
  0.116523 0.00927573  -0.304556
  0.143275 -0.0146119  -0.275757
  0.155738 -0.0125502  -0.297852
  0.099713 0.00435573  -0.294554
  0.101146 0.00927956  -0.302513
  0.121123 -0.0549825  -0.344978
  0.120452 -0.0619734   -0.34449
  0.120843 -0.0553924  -0.343041
0.0992746 0.0062412 -0.289769
    0.11511 0.000257311    -0.27571
 0.0973987 0.00290744  -0.277192
   0.130746 -0.00519785    -0.27507
   0.14354 -0.0145991  -0.275603
  0.158127 -0.0148581  -0.448308
 0.150615 -0.013667 -0.286523
 0.135167 0.0325813 -0.429292
 0.130526 0.0413308 -0.469311
  0.13125 0.0405275 -0.465388
  0.13233 0.0416401 -0.473006
 0.131164 0.0283363 -0.475725
 0.115481 0.0305853 -0.401532
 0.134109 0.0394347 -0.462805
 0.130209 0.0268001 -0.468499
  0.119967 -0.0569978  -0.333184
  0.119687 -0.0574077  -0.331247
 0.138094 0.0381436 -0.462541
 0.133968 0.0258908 -0.465372
   0.149674 -0.00463844   -0.317783
 0.141604 0.0370741 -0.464837
 0.144372 0.0329475 -0.451777
 0.143181 0.0369376 -0.468412
  0.14113 0.0258873 -0.467301
 0.146727 0.0261906 -0.428999
 0.147902 0.0350674 -0.474475
  0.14262 0.0379402 -0.471999
 0.139925 0.0396947 -0.474585
 0.142084  0.027407 -0.474465
 0.135894  0.041149 -0.474995
 0.138332 0.0283299 -0.477623
     0.1496 -0.00436382    -0.31814
  0.119687 -0.0573406  -0.331197
 0.144725 0.0325865 -0.451561
 0.152419 0.0252471 -0.452002
 0.143511 0.0208713 -0.454694
 0.144437 0.0329671 -0.452079
 0.154571  0.016862 -0.429846
 0.156125 0.0186496 -0.452863
 0.158237 0.0116667 -0.454099
0.158218  0.01194 -0.45398
  0.15834 0.0116054 -0.454557
 0.158317   0.01155 -0.454564
 0.146573 0.0125239 -0.456037
 0.158317   0.01155 -0.454564
 0.146859 0.0129842 -0.457981
 0.158282 0.0119874 -0.456541
  0.142892 -0.0221532  -0.475279
  0.142407 -0.0226977  -0.475465
  0.142032 -0.0230541  -0.473531
  0.158654 0.00795665  -0.443405
  0.158652 0.00827816  -0.444859
 0.158135 0.0135205 -0.463464
 0.158234 0.0122966 -0.456927
  0.120834 -0.0615772  -0.346374
 0.121049 -0.054968 -0.345024
 0.146963 0.0135629 -0.458411
 0.158169 0.0125959 -0.456945
 0.158282 0.0119468 -0.456572
 0.158088 0.0136411 -0.462998
 0.156152 0.0191508  -0.45585
 0.152818 0.0265132 -0.460967
 0.152589 0.0256309 -0.454993
 0.156146 0.0202418 -0.461813
 0.145726 0.0338957 -0.460446
 0.144834 0.0331118 -0.454451
 0.145129 0.0329284 -0.454527
  0.154209 -0.0489197  -0.344161
 0.144621  0.033192 -0.454026
 0.145524 0.0339714 -0.460959
 0.144584 0.0331937 -0.454033
 0.143816 0.0212888 -0.456678
  0.108321 -0.0702491  -0.354243
  0.119052 -0.0640231  -0.334803
 0.143595 0.0208708 -0.454719
 0.143875 0.0212807 -0.456657
 0.144314 0.0329593 -0.452057
  0.121628 -0.0544512  -0.344793
  0.121352 -0.0548804  -0.342858
  0.150302 -0.0600791  -0.327389
  0.157539 -0.0557107  -0.327011
  0.143844 -0.0248134  -0.464358
 0.146053  0.034103 -0.463358
 0.145792 0.0341825  -0.46294
  0.145574 -0.0152742  -0.471372
 0.145792 0.0341825  -0.46294
 0.145134 0.0231254 -0.465375
  0.147539 -0.0571791  -0.342142
 0.146442 0.0135343 -0.457907
 0.146856 0.0129169 -0.458038
  0.14477 0.0227162 -0.463413
 0.145934 0.0335782 -0.460467
 0.145657 0.0339787 -0.460982
 0.158044 0.0139099 -0.462879
 0.158159 0.0135925 -0.463449
 0.147833 0.0143636 -0.464761
 0.158135 0.0135205 -0.463464
 0.148118 0.0148289 -0.466699
 0.158085 0.0139592 -0.465443
  0.142922 -0.0222068  -0.475285
  0.142365 -0.0226851  -0.475483
 0.147838  0.014419 -0.464762
 0.157912 0.0140693 -0.465701
 0.157969 0.0145679 -0.465848
 0.148223 0.0154067  -0.46713
 0.158084 0.0139133 -0.465477
  0.15615 0.0207371 -0.464805
 0.152969 0.0268792 -0.463965
 0.146335  0.033883 -0.463441
 0.145834 0.0341801 -0.462932
 0.145076 0.0231336 -0.465396
  0.106724 -0.0610488  -0.347308
  0.158985 0.00598246  -0.443774
 0.146544 0.0131215 -0.457993
  0.158436 0.00797571  -0.443432
  0.158978 0.00598111  -0.443776
  0.158661 0.00795605  -0.443404
  0.159275 0.00349629  -0.444259
  0.161865 0.00572918  -0.443412
  0.149194 0.00766225   -0.36763
 0.139764 0.0159054 -0.367228
 0.123557 0.0147421  -0.33507
  0.156713 -0.0276392  -0.385299
   0.159248 -0.00855543   -0.446826
  0.159097 -0.0105305  -0.447278
  0.144236 -0.0644047  -0.286144
  0.158623 0.00105852   -0.47687
     0.1588 0.000687303   -0.472764
  0.118146 0.00845387  -0.337643
  0.158988 0.00366297   -0.46972
  0.159074 0.00456004  -0.467752
  0.159057 0.00668708  -0.458709
  0.158984 0.00613589  -0.444979
  0.158778 0.00017638  -0.472905
   0.158494 -0.00432757   -0.471477
    0.15951 -0.00278754   -0.446581
  0.120731 -0.0615635  -0.346427
   0.159483 -0.00278623   -0.446581
    0.159488 -0.000815581    -0.446194
    0.159526 -0.000815612    -0.446192
  0.124894 0.00666811  -0.331361
 0.145314 0.0221206 -0.463483
    0.159491 -0.000816171    -0.446189
  0.122834 0.00381417  -0.317838
   0.159337 9.62844e-05   -0.444969
    0.159634 -0.000698897    -0.447159
  0.159399 0.00164888  -0.445673
 0.145593 0.0225553 -0.465444
  0.159412 0.00165046  -0.445679
  0.159406 0.00164988  -0.445676
 0.147327 0.0149456  -0.46471
  0.159269 0.00363385   -0.44531
  0.159285 0.00363308  -0.445311
 0.144333 0.0207106 -0.456725
 0.158947 0.0061402 -0.445026
   0.15942 0.00374755  -0.446249
  0.140827 -0.0249484  -0.464788
  0.155381 -0.0266397  -0.350195
  0.158648 0.00827678  -0.444852
  0.158645 0.00828132  -0.444876
   0.150422 -0.00540215   -0.336504
   0.152386 -0.00656256   -0.344356
  0.153932 -0.0143511  -0.340797
   0.157492 -0.00640643   -0.383049
  0.154586 -0.0134683  -0.346829
  0.144962 -0.0179768  -0.276164
  0.154935 -0.0154402  -0.347414
   0.157785 -0.00901395   -0.382615
  0.154825 -0.0278913  -0.344361
  0.158047 -0.0108959  -0.383809
  0.160388 -0.0175142  -0.448544
 0.157144 -0.018046 -0.450568
 0.112271  -0.06245 -0.340114
  0.155407 -0.0198678    -0.3486
  0.158034 -0.0136649  -0.381896
 0.158068 -0.015519 -0.383282
  0.148157 -0.0568293   -0.34147
  0.154223 -0.0498569  -0.343272
  0.155741 -0.0223488  -0.349174
  0.155503 -0.0242858  -0.349658
  0.157494 -0.0208272  -0.377167
   0.1455 -0.022466 -0.474959
 0.144338 0.0206751 -0.456743
  0.155388 -0.0266402  -0.350195
  0.154828 -0.0278915  -0.344361
  0.161133 -0.0330448  -0.322657
    0.145948 -0.000517229    -0.330383
   0.147263 -0.00167146   -0.330327
  0.142652 -0.0225873  -0.473317
  0.142552 -0.0232533  -0.472981
   0.147691 -0.00192943   -0.329914
  0.135657 0.00814357  -0.330038
  0.121651 -0.0544821  -0.344808
 0.125672 0.0125938 -0.330538
 0.125084  0.012126 -0.330794
 0.123456 0.0144266 -0.335156
  0.115185 -0.0742982  -0.335458
   0.15899 -0.0102101  -0.448233
 0.118461 0.0160228 -0.336998
 0.113419 0.0163743 -0.335131
   0.162216 -0.00636158    -0.44592
   0.123194 -0.00246377   -0.321179
 0.110812 0.0155788 -0.330501
  0.11201 0.0142107 -0.325436
  0.12266 0.0071284 -0.306622
  0.11636 0.0128305 -0.322584
 0.120815 0.0110229 -0.319115
 0.121748 0.0118735 -0.323463
  0.158527 -0.0127166   -0.44851
 0.120533 0.0109478 -0.318726
 0.120263 0.0106139  -0.31647
  0.130781 0.00738281  -0.318515
 0.125252 0.0119652 -0.327635
   0.14278 -0.0674916   -0.28708
     0.12461 -0.000413604    -0.330849
  0.134637 0.00789065  -0.327142
  0.142192 0.00119273  -0.323225
  0.144185 0.00051102  -0.327324
  0.140281 0.00136179  -0.318417
  0.147635 -0.0019353  -0.327343
   0.144937 -0.00120934   -0.318288
 0.121092 0.0109224 -0.319166
 0.120504 0.0109624 -0.318742
  0.120132 0.00497817  -0.320065
 0.120251 0.0105116 -0.316794
 0.120357 0.0039655 -0.318149
  0.122823 0.00390833  -0.317815
  0.120321 0.00441479  -0.317558
  0.142645 -0.0226218  -0.473335
  0.142213 -0.0227493  -0.473422
   0.15428 -0.0502751  -0.343428
  0.12067 0.0102694 -0.316269
 0.119813 0.0045609 -0.318079
 0.120243 0.0105159 -0.316788
  0.130115 0.00686683  -0.315624
   0.138052 0.000786029   -0.310984
 0.139304 0.0012365 -0.315488
    0.137011 -1.84576e-05     -0.30602
  0.119591 0.00459481  -0.304855
  0.150302 -0.0602441  -0.327492
  0.145118 -0.0162647  -0.464421
  0.162296 0.00126462  -0.444294
  0.159415 0.00151643  -0.444657
  0.159453 0.00349209   -0.44426
 0.159489 0.0015039 -0.444659
    0.159504 -0.000950955    -0.445166
   0.159494 -0.00291751   -0.445584
    0.16226 -0.00561798   -0.445756
 0.159404 -0.005369 -0.446116
    0.159673 -0.000961902    -0.445169
  0.159561 -0.0029274  -0.445586
   0.159394 -0.00977296   -0.427883
 0.159549 -0.005374 -0.446118
   0.159407 -0.00574094   -0.446197
  0.145771 -0.0149103  -0.471271
 0.146802 0.0206276 -0.456364
  0.144565 -0.0167053  -0.464572
  0.145126 -0.0162775  -0.464421
   0.159445 -0.00612031   -0.446281
   0.159377 -0.00976463   -0.427913
   0.159383 -0.00573986   -0.446197
    0.15936 -0.00611211   -0.446279
 0.147288 0.0149518 -0.464704
   0.124384 0.000598175   -0.332765
  0.141148 -0.0245424  -0.466746
  0.158643 -0.0159052   -0.39978
   0.15869 -0.0159416  -0.399669
  0.158411 -0.0201164  -0.394668
  0.158954 -0.0170987  -0.396015
   0.159391 -0.00524015   -0.447093
   0.159337 -0.00479102   -0.450497
   0.159375 -0.00552693   -0.447162
   0.159392 -0.00524034   -0.447093
   0.159534 -0.00511743   -0.448108
  0.159358 -0.0058135  -0.447233
   0.159337 -0.00478971   -0.450503
  0.130476 -0.0431174   -0.44605
  0.139212 -0.0297604  -0.483098
  0.137471 -0.0313557  -0.479836
   0.14436 -0.0260774  -0.487852
  0.138631 -0.0288775  -0.486737
  0.139209 -0.0218453  -0.485198
 0.140357 -0.034136 -0.466545
  0.133766 -0.0328717  -0.478159
  0.138107 -0.0233613  -0.478015
  0.129734 -0.0333459  -0.478852
  0.133572 -0.0235613    -0.4759
  0.126878 -0.0327538  -0.481542
  0.126189 -0.0315455  -0.485358
  0.127212 -0.0223845  -0.479516
  0.142087 -0.0231036  -0.473507
  0.128056 -0.0302953  -0.488852
  0.131708 -0.0293672  -0.490523
  0.128332 -0.0208638  -0.486716
  0.135835 -0.0288204  -0.489678
  0.132873 -0.0206769   -0.48881
  0.144838 -0.0166746  -0.462484
   0.15633 -0.0176773  -0.461036
  0.156282 -0.0172388  -0.463015
  0.156191 -0.0173439  -0.463491
  0.156283 -0.0172388  -0.463014
  0.145104 -0.0229687  -0.473076
 0.146349 0.0135234 -0.457963
  0.156195 -0.0177656   -0.46077
  0.119888 -0.0708873  -0.345941
  0.156155 -0.0182607  -0.460668
  0.144733 -0.0172522  -0.462054
  0.156345 -0.0177769  -0.461091
  0.131816 -0.0706501  -0.326928
  0.153297 -0.0237954  -0.462252
  0.148921 -0.0289409  -0.463973
  0.142659 -0.0391969  -0.443507
  0.140761 -0.0340218  -0.466227
  0.140447 -0.0340753  -0.466812
  0.115727 -0.0646613  -0.333335
  0.140805 -0.0249499  -0.464803
  0.140622 -0.0333844  -0.468693
  0.140326 -0.0340575  -0.466814
  0.140868 -0.0249524  -0.464809
  0.141658 -0.0309961  -0.475264
  0.140913 -0.0332069  -0.469056
  0.141074 -0.0245282  -0.466791
  0.141205 -0.0330062  -0.469045
  0.140642 -0.0333904  -0.468685
   0.15493 -0.0504246  -0.343456
  0.150532 -0.0249315  -0.472183
  0.151428 -0.0255298  -0.465986
  0.142094 -0.0309447  -0.474674
  0.141752 -0.0310538  -0.474902
  0.155912 -0.0162848  -0.469576
  0.156082 -0.0176028  -0.463636
  0.156291 -0.0171811  -0.463023
  0.156004 -0.0158091  -0.469675
  0.145123 -0.0162134  -0.464427
  0.145993 -0.0154077  -0.470772
  0.156101 -0.0158064  -0.470002
  0.141796 -0.0310144  -0.475265
  0.142071 -0.0231056  -0.473522
    0.1557 -0.0316483  -0.387261
   0.15863 -0.0129288  -0.447843
  0.158256 -0.0148892  -0.448316
  0.141955 -0.0303034  -0.477139
  0.142127 -0.0231076  -0.473527
  0.142247 -0.0301123    -0.4775
  0.142333 -0.0226834   -0.47551
   0.14254 -0.0298969  -0.477485
0.141979 -0.03031 -0.47713
   0.15064 -0.0239876  -0.475064
  0.156036 -0.0153995   -0.47241
  0.155813 -0.0156246  -0.472548
  0.156027 -0.0152003  -0.471933
  0.156019 -0.0152612  -0.471925
  0.146383 -0.0143687  -0.473146
   0.12035 0.00398601  -0.318161
  0.119851 0.00455547  -0.318097
  0.146098 -0.0148299  -0.471202
  0.156084 -0.0157012  -0.469944
  0.156019 -0.0152612  -0.471925
   0.122424 -0.00228417   -0.319173
   0.122923 -0.00285461   -0.319237
  0.142936 -0.0221881  -0.475295
    0.15936 -0.00611211   -0.446279
  0.154307 -0.0353474  -0.352064
  0.156731 -0.0294419  -0.386538
  0.153264 -0.0397461  -0.352933
  0.158154 -0.0146912  -0.448849
 0.147888   0.02195 -0.463171
  0.155133 -0.0349126  -0.383923
  0.151778 -0.0441477  -0.353717
   0.14632 -0.0502302  -0.380344
  0.136024 -0.0573077  -0.383281
  0.118505 -0.0695493  -0.353633
 0.122457 -0.060933  -0.38596
  0.105641 -0.0714807  -0.349742
  0.110149 -0.0529288  -0.416945
 0.108295 -0.070297 -0.354265
  0.113412 -0.0696235  -0.355879
  0.115365 -0.0745085  -0.335041
  0.116893 -0.0763397  -0.324972
  0.106814 -0.0727535  -0.344651
  0.114173 -0.0745685  -0.322038
  0.12925 0.0129598 -0.522984
  0.149974 -0.0106775  -0.524992
  0.139477 -0.0164532   -0.52773
  0.127422 -0.0177514  -0.529747
  0.115646 -0.0143738  -0.530733
  0.105941 -0.0068354   -0.53054
0.0997843 0.0037172 -0.529197
0.0981134 0.0156768 -0.526908
 0.101183  0.027223 -0.524021
 0.108526 0.0365971 -0.520977
 0.119023 0.0423728 -0.518238
 0.131078 0.0436711 -0.516222
 0.142854 0.0402934 -0.515235
 0.152559  0.032755 -0.515428
 0.158716 0.0222029 -0.516771
 0.160386  0.010243 -0.519061
   0.157317 -0.00130293   -0.521947
F
 13  96 510
 13 148 333
 13 333 504
 13 504  96
 13 510 148
  36   41 2289
36 42 41
  36 2289   42
  41   42 2189
  41 1160 2289
  41 2189 1160
 42  65 620
42 82 65
42 83 82
  42  620 2189
  42 2289   83
 65  82 250
 65 250 625
  65  625 2189
  65 2189  620
  80   81 2289
80 82 81
 80  96 489
 80 489  82
 80 518  96
  80 2289  518
81 82 83
  81   83 2289
 82 489 250
 96 504 489
 96 515 510
 96 518 515
117 331 799
117 594 331
117 799 594
 130  207 1202
130 216 207
 130 1002 2679
 130 1202 1002
 130 2679  216
131 132 207
131 143 223
131 207 216
 131  216 2679
131 223 132
 131 2678  143
 131 2679 2678
132 140 148
132 141 140
132 142 141
132 147 207
132 148 336
132 212 147
132 223 142
132 336 212
140 141 188
140 188 317
140 316 331
140 317 316
140 331 333
140 333 148
141 142 223
 141  223 2677
 141 2677  188
 143 2678  223
147 212 990
147 990 998
147 998 207
148 510 515
148 515 518
148 518 336
149 336 520
149 520 527
 149  527 2289
 149 1208  336
 149 1238 1208
 149 2289 1238
175 177 391
 175  246 2675
175 391 427
175 427 459
175 459 799
175 799 246
 175 2675  177
 177 2674  391
 177 2675 2674
181 182 183
181 183 284
181 284 315
181 315 701
181 701 182
 182  188 2676
182 317 188
182 701 317
 182 2676  183
 183 2675  284
 183 2676 2675
 188 2677 2676
 207  998 1202
 212  336 1208
 212 1208  990
 223 2678 2677
 246  284 2675
246 315 284
246 799 315
250 489 594
250 594 793
250 793 625
315 317 701
315 331 317
315 799 331
316 317 331
331 493 504
331 504 333
331 594 493
336 518 520
352 353 354
352 354 451
352 369 353
352 371 369
352 389 371
352 391 389
352 451 463
352 463 391
353 358 424
353 369 417
353 417 358
353 424 439
353 438 354
353 439 438
354 438 625
354 625 723
354 723 793
354 793 451
 358  417 1832
 358 1703  424
 358 1832 1834
 358 1834 1703
 369  371 2673
369 405 415
369 415 417
 369 2671  405
 369 2672 2671
 369 2673 2672
 371  389 2673
 374  415 2671
374 417 415
 374 1713 1832
 374 1832  417
 374 2671 1713
 389  391 2673
391 463 427
 391 2674 2673
 405 2671  415
 424 1703 1875
 424 1875  439
427 463 459
438 439 625
 439 1701 2189
 439 1875 1701
 439 2189  625
451 459 463
451 793 459
459 594 799
459 793 594
489 493 594
489 504 493
518 527 520
 518 2289  527
625 793 723
 987  990 1267
987 995 990
 987 1190  995
 987 1242 1273
 987 1254 1242
 987 1267 1268
 987 1268 1254
 987 1273 2230
 987 2227 1190
 987 2230 2227
988 989 990
 988  990 1208
 988 1208 1238
 988 1238  989
 989 1238 2288
 989 1267  990
 989 2257 1267
 989 2288 2290
 989 2290 2257
990 995 998
 995  996 1198
 995  997 1202
 995 1190  996
 995 1198  997
 995 1202  998
 996 1190 1191
 996 1191 2681
 996 2681 1198
 997 1002 1202
 997 1198 2680
 997 2680 1002
1002 2680 2679
1052 1053 2217
1052 1082 2683
1052 1083 1082
1052 1188 1053
1052 1236 1083
1052 2181 1236
1052 2217 2181
1052 2682 1188
1052 2683 2682
1053 1188 1191
1053 1191 2234
1053 2234 2217
1056 1068 2137
1056 1160 2183
1056 2130 1160
1056 2137 2130
1056 2183 1068
1065 1082 1083
1065 1083 2181
1065 1230 1082
1065 2181 1230
1068 2174 2175
1068 2175 2137
1068 2183 2174
1082 1130 2683
1082 1230 1130
1083 1236 2181
1127 1130 1230
1127 1155 1172
1127 1172 2683
1127 1230 1155
1127 2683 1130
1155 1230 1732
1155 1732 1172
1160 2129 2132
1160 2130 2129
1160 2132 2219
1160 2184 2183
1160 2187 2184
1160 2189 2187
1160 2219 2289
1172 1732 1748
1172 1748 1845
1172 1845 2683
1177 1768 1777
1177 1777 1788
1177 1788 1806
1177 1806 2141
1177 1814 1823
1177 1823 2684
1177 2141 1814
1177 2684 1768
1188 2681 1191
1188 2682 2681
1190 2227 2234
1190 2234 1191
1198 2681 2680
1230 1550 1732
1230 1591 1550
1230 2177 1591
1230 2181 2177
1238 2289 2288
1242 1254 1273
1254 1268 2230
1254 2230 1273
1267 2230 1268
1267 2257 2290
1267 2290 2230
1434 1545 2367
1434 1973 1545
1434 2128 2137
1434 2137 1973
1434 2141 2142
1434 2142 2128
1434 2367 2141
1523 1737 2177
1523 1740 1737
1523 1746 1740
1523 1768 1746
1523 1777 1768
1523 1788 1777
1523 1806 1788
1523 2142 1806
1523 2177 2142
1545 1973 2171
1545 2171 2367
1550 1591 1726
1550 1726 1732
1591 2177 1726
1613 2132 2148
1613 2148 2215
1613 2215 2293
1613 2219 2132
1613 2293 2219
1700 1701 1702
1700 1702 1831
1700 1831 1986
1700 1873 1991
1700 1986 1873
1700 1991 1992
1700 1992 2186
1700 2186 2187
1700 2187 1701
1701 1875 1702
1701 2187 2189
1702 1703 1834
1702 1704 1831
1702 1834 1704
1702 1875 1703
1704 1705 1838
1704 1706 1831
1704 1707 1706
1704 1832 1705
1704 1834 1832
1704 1838 1707
1705 1713 2671
1705 1832 1713
1705 2670 1838
1705 2671 2670
1706 1707 1821
1706 1814 2171
1706 1821 1814
1706 2171 1831
1707 1838 2670
1707 2669 1821
1707 2670 2669
1726 1737 1732
1726 2177 1737
1732 1737 1740
1732 1740 1748
1740 1744 1748
1740 1746 1744
1744 1746 2683
1744 2683 1748
1746 1768 2683
1748 2683 1845
1768 2684 2683
1806 2142 2141
1814 1821 1823
1814 2141 2367
1814 2367 2171
1821 2669 1823
1823 2669 2684
1831 2171 1986
1873 1986 2176
1873 1987 1991
1873 2176 1987
1973 2137 2175
1973 2174 2171
1973 2175 2174
1986 2171 2176
1987 2174 2186
1987 2176 2174
1987 2186 1991
1991 2186 1992
2128 2129 2130
2128 2130 2137
2128 2131 2129
2128 2142 2131
2129 2131 2148
2129 2148 2132
2131 2142 2177
2131 2177 2181
2131 2181 2148
2148 2181 2216
2148 2216 2215
2171 2174 2176
2174 2183 2184
2174 2184 2186
2181 2217 2216
2184 2187 2186
2215 2216 2281
2215 2231 2293
2215 2281 2231
2216 2217 2234
2216 2234 2236
2216 2235 2281
2216 2236 2235
2219 2288 2289
2219 2290 2288
2219 2291 2290
2219 2293 2291
2227 2230 2281
2227 2235 2236
2227 2236 2234
2227 2281 2235
2230 2231 2281
2230 2290 2291
2230 2291 2293
2230 2293 2231
2669 2670 2671
2669 2671 2682
2669 2682 2684
2671 2672 2673
2671 2673 2675
2671 2675 2678
2671 2678 2681
2671 2681 2682
2673 2674 2675
2675 2676 2678
2676 2677 2678
2678 2679 2680
2678 2680 2681
2682 2683 2684
