22
r_foot 
V
 0.217748 0.0113251 -0.551474
  0.217275 0.00688624  -0.555993
  0.21811 0.0145548 -0.547877
 0.220569 0.0446902 -0.534495
 0.220259 0.0438069 -0.534488
 0.220259 0.0435614  -0.53411
 0.219046 0.0267152 -0.539678
 0.219236 0.0190533 -0.543864
 0.219851 0.0264952 -0.539368
 0.236617 0.0194762 -0.551211
 0.235057 0.0163313 -0.553222
 0.218795 0.0142145 -0.547568
 0.218588 0.0192957 -0.544133
 0.237006 0.0215087  -0.54987
 0.236987 0.0269111 -0.546295
 0.237394 0.0217593 -0.550306
 0.218174 0.0154772 -0.547526
 0.218541 0.0195151 -0.544463
 0.235257 0.0334443  -0.54188
 0.237346 0.0272092 -0.546687
 0.220266 0.0322049 -0.536657
 0.231198 0.0392673 -0.538062
 0.235582 0.0338272 -0.542213
 0.220705 0.0393946  -0.53433
 0.226114 0.0425017 -0.535439
 0.237334 0.0223205 -0.551145
 0.221048 0.0436706 -0.533554
 0.219168 0.0271697 -0.539864
 0.219156 0.0267471 -0.539738
 0.219578 0.0324149 -0.537052
  0.217288 0.00238516  -0.561203
  0.216776 0.00290804  -0.561317
 0.217472 0.0088528 -0.554201
 0.221634 0.0445192 -0.534012
  0.21961 0.0331819  -0.53712
 0.235321  0.016165 -0.555121
  0.217152 0.00615705  -0.557507
  0.216699 0.00312781  -0.561671
  0.217991 0.00224069  -0.561673
  0.223567 0.00511828  -0.560106
 0.218227 0.0022801 -0.562224
 0.218134 0.0082603  -0.55334
  0.218177 0.00854597  -0.553222
  0.227594 0.00785116  -0.558495
  0.226814 0.00713434  -0.559492
  0.218191 0.00285354  -0.562991
 0.232762 0.0127072 -0.555518
 0.230854 0.0104804 -0.557455
 0.220044 0.0395308  -0.53476
 0.234662 0.0148493 -0.554757
  0.227769 0.00830607  -0.559929
 0.219951  0.038366 -0.535423
 0.23022  0.04114 -0.53818
 0.221599 0.0449904 -0.534845
 0.234245 0.0366836 -0.541415
 0.236869 0.0294516 -0.546343
  0.188927 0.00691989  -0.533519
 0.188898 0.0075428 -0.534365
 0.189498 0.0074151 -0.534258
0.0843559 0.0218995 -0.525936
0.0844191 0.0220141 -0.525533
0.0843609 0.0222208 -0.526038
0.0834112 0.0261132 -0.536972
 0.083571 0.0194251 -0.534885
0.0836485  0.018645 -0.533839
0.0839003  0.020217 -0.529124
0.0838806 0.0206699 -0.529542
0.0838653  0.020429  -0.52968
0.0855371  0.025558 -0.522225
0.0849264 0.0301536 -0.528915
0.0854369 0.0256514 -0.522588
  0.196088 0.00797371    -0.5393
  0.200919 0.00838702  -0.543477
0.0838458 0.0186826 -0.530146
0.0837834 0.0192766 -0.530773
0.0838256 0.0186695 -0.530446
  0.203599 0.00822548  -0.545443
   0.21485 0.00704733  -0.555072
0.0835574  0.020241 -0.534211
0.0836313 0.0195499 -0.533245
0.0835926 0.0201381 -0.533992
0.0842698 0.0261412 -0.529062
 0.084007 0.0292141 -0.533496
0.0841833  0.024945 -0.528836
 0.214857 0.0069048 -0.554853
0.0838284 0.0175324 -0.531303
0.0837964 0.0175455 -0.530444
0.0838168 0.0181822 -0.530873
  0.214825 0.00683949  -0.554945
  0.214851 0.00704729  -0.555068
  0.216138 0.00742724  -0.555303
0.0838579  0.024719 -0.531321
0.0837961 0.0241339 -0.531703
0.0844908 0.0120079 -0.530166
0.0838841 0.0161638 -0.532409
0.0839521 0.0156182 -0.532645
0.0852414  0.025237  -0.52311
0.0851534 0.0205817 -0.520503
0.0853827 0.0252243 -0.522472
 0.084102 0.0144979 -0.532927
0.0840766 0.0146561 -0.533073
0.0848976 0.0249389 -0.524556
0.0844866 0.0273638 -0.528731
0.0845918 0.0244357 -0.525212
0.0842483 0.0268425 -0.529759
0.0842131 0.0265797 -0.529724
0.0839006 0.0179222 -0.529722
0.0838524 0.0179774 -0.530381
0.0838955 0.0178678 -0.529851
0.0833613 0.0216683 -0.538479
0.0840623  0.014342 -0.533528
0.0840534 0.0149529 -0.533548
0.0838431 0.0208235 -0.529585
0.0839543 0.0200039 -0.528652
  0.188942 0.00702335  -0.533151
  0.188942 0.00679451  -0.533638
   0.18933 0.00697117  -0.533241
0.0836048 0.0200205 -0.533386
0.0835825 0.0201928 -0.533697
 0.084503 0.0129711  -0.52553
0.0840858 0.0153857 -0.529648
0.0842975 0.0235921 -0.527124
0.0842231 0.0225968 -0.527244
 0.084258 0.0229906  -0.52715
0.0838203 0.0197679 -0.530211
0.0838425 0.0195869 -0.529964
 0.083833 0.0197871 -0.530061
  0.189255 0.00885299  -0.532756
  0.189275 0.00841947  -0.532113
  0.189794 0.00860633  -0.532871
0.0837881 0.0230892  -0.53115
0.0839684 0.0206062 -0.528683
0.0839825 0.0205605 -0.528477
0.0839697 0.0170072 -0.529258
0.0839822 0.0162294 -0.529945
  0.188848 0.00799839  -0.532085
  0.189253 0.00815444  -0.532515
  0.188546 0.00820253  -0.532525
0.0838019 0.0170064 -0.537598
0.0841237 0.0143521 -0.533277
0.0840969 0.0145381 -0.533367
0.0854554 0.0194361 -0.520021
0.0855934 0.0252034 -0.521433
  0.198121 0.00988923   -0.53924
  0.196233 0.00941874  -0.537714
0.0840455 0.0199604 -0.527717
0.0847049 0.0161082 -0.521995
0.0840932 0.0201852 -0.527408
0.0839318 0.0240957 -0.530306
0.0838253 0.0241624 -0.531248
0.0838212 0.0240231 -0.531207
  0.204976 0.00964985  -0.544769
   0.20598 0.00917693   -0.54534
0.0839037 0.0175132 -0.529841
  0.189373 0.00845955  -0.532113
   0.21594 0.00824084  -0.553822
0.0843418 0.0222935 -0.526214
0.0842637 0.0228701 -0.527042
0.0842476 0.0225614 -0.527004
0.0848806 0.0301865 -0.528902
0.0845871 0.0299219  -0.53306
0.0839768 0.0292327 -0.533496
  0.215973 0.00833326  -0.553851
0.0839829 0.0161681 -0.529596
 0.083998  0.015969 -0.529779
0.0837912 0.0236084 -0.531678
0.0833854  0.026116 -0.536969
0.0842909 0.0220945 -0.526479
0.0844804 0.0232243 -0.525789
0.0844345 0.0235406 -0.526189
 0.215895 0.0077945 -0.553762
  0.216397 0.00751088  -0.554777
 0.216411 0.0079787 -0.554708
  0.215918 0.00827861  -0.553905
0.0841026 0.0160168 -0.528823
0.0841045 0.0158332  -0.52897
  0.08504 0.0246067 -0.523648
0.0850694 0.0244422 -0.523376
0.0836453  0.019224 -0.533755
0.0840548 0.0168143 -0.528375
0.0840419 0.0167049 -0.528508
 0.189839  0.018095 -0.526731
  0.18987 0.0175831 -0.525859
  0.19056 0.0179334 -0.526627
0.0837601 0.0189348 -0.531306
 0.083811 0.0183929 -0.530831
 0.189841 0.0171666 -0.525846
  0.19012 0.0172722 -0.526134
  0.18987 0.0175683 -0.525878
0.0843259 0.0240736 -0.527295
0.0842264 0.0244777 -0.528229
0.0842776 0.0240027 -0.527582
0.0839214 0.0200129 -0.529064
0.0837975 0.0172973 -0.532373
 0.083967 0.0159945 -0.530783
0.0838975 0.0165151 -0.531403
 0.203237 0.0248706 -0.531887
0.0844783 0.0267728 -0.528287
0.0844403  0.026703 -0.528468
0.0837631 0.0169859 -0.537611
0.0847327 0.0131035 -0.534838
0.0843049 0.0134761 -0.534548
0.0838977 0.0192241 -0.529387
0.0839187 0.0192501 -0.529103
 0.203402 0.0244725 -0.531746
  0.21723 0.0335985 -0.535657
 0.203939 0.0254123 -0.532327
 0.217369  0.033312 -0.535918
0.0838115 0.0235184 -0.531126
0.0841371  0.021062 -0.527219
0.0840434 0.0217434 -0.528257
 0.190012 0.0172962 -0.526281
0.218459 0.033627 -0.53647
 0.217225 0.0337249 -0.535847
  0.21724 0.0336922 -0.535638
0.0844987 0.0248582 -0.526718
0.0843544 0.0266826  -0.52894
0.0842566 0.0253662 -0.528606
0.0836137 0.0186816 -0.534968
0.0838422 0.0167355 -0.532704
0.0836406 0.0180515  -0.53444
 0.217473 0.0332711 -0.535522
0.0842331 0.0241109 -0.527963
 0.189925  0.015782 -0.526858
 0.189905  0.016222 -0.527542
 0.190434  0.016161 -0.527515
0.0836171 0.0188716 -0.534517
0.0836476 0.0185449 -0.534217
 0.083317 0.0216678 -0.538497
 0.083764 0.0263855 -0.537428
0.0837563  0.021236  -0.53938
 0.083871 0.0247114 -0.531143
0.0840873  0.015256 -0.529742
0.0840356 0.0153941 -0.530422
  0.20253 0.0225852 -0.532552
 0.204488 0.0238391 -0.533442
 0.211675 0.0279849 -0.535333
 0.218053 0.0320993 -0.536653
0.0860519 0.0289996 -0.524341
0.0856027 0.0286643 -0.524518
0.0839561 0.0204458 -0.528868
0.0839609 0.0205978 -0.528719
0.0839481 0.0187279 -0.529604
0.0838771  0.018512 -0.529805
 0.218562 0.0330604 -0.536399
  0.21806 0.0320819 -0.536662
 0.218064 0.0321897 -0.536855
0.0847011 0.0241176 -0.525013
0.0848775 0.0246415 -0.524442
 0.202633 0.0226817 -0.532147
 0.218089 0.0320356 -0.536668
 0.189999 0.0158023 -0.526891
0.0843842 0.0268165 -0.528829
0.0842332 0.0223012 -0.526992
 0.190143  0.015916 -0.526511
0.0844189 0.0211847 -0.525256
0.0844561  0.022023 -0.525271
0.0844536 0.0274174 -0.529282
  0.08548  0.025343 -0.522242
  0.196283 0.00898337  -0.537703
  0.189315 0.00700309   -0.53325
 0.203309 0.0083084 -0.544724
0.0845784 0.0234944 -0.525599
   0.18943 0.00799728  -0.532146
 0.083915 0.0179974 -0.529385
0.0839521 0.0175467   -0.5292
0.0837364 0.0193362 -0.531464
0.0836334 0.0205565 -0.533019
0.0837105 0.0202772 -0.532732
0.0838777 0.0175912 -0.530326
0.0838355 0.0202822 -0.530002
0.0838612 0.0207234 -0.529813
0.0851276 0.0246002 -0.523212
0.0851485 0.0250601 -0.523322
0.0835952 0.0192218 -0.534603
  0.206208 0.00917366  -0.545731
   0.18929 0.00706742  -0.533281
   0.19977 0.00848553  -0.542329
  0.203211 0.00833439  -0.544643
0.0839227 0.0177774 -0.529574
  0.216037 0.00782274   -0.55408
0.0839613 0.0194934 -0.528623
0.0835508 0.0204662 -0.534213
0.0835505  0.021428 -0.533786
0.0844708 0.0244849 -0.526641
 0.084611  0.023027 -0.524864
0.0845169 0.0246036 -0.526429
  0.189431 0.00800047   -0.53215
  0.189266 0.00795744   -0.53204
   0.18943 0.00799852  -0.532151
  0.189315 0.00841259  -0.532174
0.0838376 0.0237419 -0.530945
  0.215392 0.00687267  -0.554723
  0.214944 0.00712162  -0.554774
0.0852681  0.025543 -0.523239
0.0851762 0.0253378 -0.523496
  0.214858 0.00688731  -0.554847
  0.215548 0.00703523  -0.554809
  0.215115 0.00689021  -0.554546
   0.21619 0.00747997  -0.554374
0.0839711 0.0160848 -0.530445
 0.083863 0.0169701 -0.531379
 0.083914 0.0164485 -0.531071
  0.215948 0.00707253  -0.554757
   0.21547 0.00681151  -0.555131
  0.216034 0.00717186  -0.554688
  0.216276 0.00719546  -0.555011
 0.216091 0.0076356 -0.554371
0.0839208 0.0175343 -0.529669
0.216414 0.007911 -0.55433
  0.215877 0.00780526  -0.553783
 0.215951 0.0082479 -0.553803
0.190229 0.017219 -0.52587
 0.190136 0.0159273 -0.526517
 0.202605 0.0227064 -0.532161
0.0843259 0.0232519 -0.526816
0.0839533 0.0155515 -0.533015
0.0836325 0.0182495 -0.535737
0.0839834 0.0153311 -0.533163
 0.084549 0.0244825 -0.526026
 0.084678 0.0235178 -0.524778
0.0847263 0.0237927  -0.52489
 0.189964 0.0158234 -0.526484
 0.189994 0.0157196 -0.526938
 0.190136 0.0159333 -0.526505
0.0839314 0.0157541  -0.53329
0.0845097  0.027027 -0.528346
 0.203469 0.0245202 -0.531814
 0.211702 0.0281032 -0.534932
0.0845225  0.022414 -0.525065
0.0846665 0.0229038 -0.524472
 0.217976 0.0334113 -0.535584
 0.218253 0.0323632 -0.536272
 0.218053  0.032199 -0.536254
0.0838636 0.0201565 -0.529681
 0.218057 0.0320782  -0.53666
 0.218316 0.0326418 -0.536319
 0.218435 0.0327338 -0.536202
0.0839026 0.0160474 -0.533364
 0.218612  0.032655 -0.536546
 0.218401 0.0331296 -0.536024
0.0856169 0.0251948 -0.521453
 0.218653 0.0333897 -0.536211
 0.217966 0.0334115 -0.535882
 0.218009  0.033771 -0.535819
  0.21747 0.0332714 -0.535552
0.0840343  0.023959 -0.529345
0.0841677 0.0233327 -0.527983
0.0841449 0.0238758 -0.528441
 0.217225 0.0335739 -0.535675
0.0836574 0.0197068 -0.532621
0.0836454 0.0198089 -0.532752
0.0840374 0.0201656 -0.527982
0.0840768 0.0205491 -0.527547
0.0843446  0.023499 -0.526831
0.0847418 0.0236881 -0.524477
0.0836928 0.0174186  -0.53343
0.0837042  0.017997 -0.533641
0.0840618 0.0153214 -0.529868
0.0839961 0.0158651  -0.53029
0.0850897 0.0158303 -0.521609
0.0845086 0.0229513 -0.525453
0.0845483 0.0230527 -0.525267
0.0839853 0.0197655 -0.528363
 0.083853 0.0194998 -0.529716
0.0836798 0.0197889 -0.532083
0.0838563 0.0184706 -0.530091
0.0842949 0.0218144 -0.526479
0.0845989 0.0233457 -0.525252
0.0838658 0.0244979 -0.531063
0.0844643  0.012949 -0.525522
0.0850607 0.0132944 -0.524217
0.0846722 0.0161065 -0.521969
0.0840391  0.016952 -0.528445
0.0839664 0.0176927 -0.528953
0.0839764 0.0172666 -0.529009
0.0838866 0.0192326 -0.529736
0.0839041 0.0186331 -0.529407
0.0837627 0.0184965  -0.53158
0.0837994 0.0181171  -0.53122
0.0846187 0.0249273 -0.526369
0.0836473  0.018244 -0.535431
0.0839434 0.0197654 -0.528818
0.0839038 0.0196131 -0.529251
0.0838641 0.0162303 -0.533124
0.0839277 0.0158209 -0.532845
  0.188912 0.00695968  -0.533502
  0.188556 0.00747921  -0.533334
 0.188519 0.0083505 -0.534649
  0.188894 0.00753883  -0.534367
0.0837794 0.0181947 -0.531534
  0.188987 0.00702534  -0.533148
  0.188871 0.00690756  -0.533526
0.0844308 0.0234464 -0.526227
0.0844377 0.0230066 -0.525747
0.0838485 0.0170419 -0.531596
0.0837808 0.0177913 -0.531974
   0.18922 0.00883459  -0.532776
  0.188598 0.00905293  -0.533865
  0.188558 0.00820123   -0.53253
0.0842592 0.0223327 -0.526831
0.0837757  0.026424 -0.537465
0.0833875 0.0261183 -0.536986
   0.1899 0.0158063 -0.526809
 0.189356 0.0163302 -0.526744
 0.189319 0.0171942 -0.528048
 0.189895 0.0162453 -0.527515
 0.083861 0.0166376 -0.529278
0.0837052 0.0194654 -0.531959
0.0838437 0.0190983 -0.530034
0.0840628 0.0147646 -0.532763
  0.18983 0.0181005 -0.526726
 0.189389 0.0181134 -0.527591
 0.189426 0.0172501 -0.526289
 0.189862 0.0175264 -0.525898
0.0847022 0.0161127 -0.521993
 0.084389 0.0234448  -0.52651
0.0845189 0.0226224 -0.525206
0.0836874 0.0181339 -0.533881
0.0861007  0.028997 -0.524345
  0.189256 0.00832729  -0.532153
0.0842589 0.0265473 -0.529466
0.0842992 0.0266259 -0.529253
0.0837226 0.0192711 -0.531731
0.0841434 0.0206474 -0.527074
0.0841772 0.0208257 -0.526812
0.0850674 0.0252492 -0.523946
 0.189216 0.0070105 -0.533231
  0.189126 0.00802769  -0.532096
  0.188456 0.00745464  -0.533321
0.0840561 0.0221552 -0.528317
0.0837789 0.0173371 -0.532874
  0.188559 0.00818077  -0.532526
0.0843315 0.0211522  -0.52583
0.0851011 0.0250484 -0.523606
0.0835722  0.021142 -0.533498
0.0835711 0.0208061 -0.533625
 0.189951 0.0158002 -0.526382
 0.189268 0.0163229 -0.526742
  0.18994 0.0157836 -0.526864
0.0841284 0.0244815 -0.528925
0.0840619 0.0243124 -0.529326
0.0839951 0.0168296 -0.529027
0.0838046 0.0176751 -0.531598
0.0841044   0.02217 -0.527917
0.0841927 0.0210092 -0.526404
 0.189351 0.0172568 -0.526261
 0.189271 0.0163161 -0.526724
 0.190076 0.0159445 -0.526601
0.0835342 0.0214755 -0.533572
 0.190242 0.0172084 -0.525841
0.0840037 0.0156327 -0.530607
 0.083852 0.0178218  -0.53057
0.0844073 0.0236222 -0.526494
0.0843188 0.0207394 -0.525719
0.0844563 0.0119848 -0.530172
0.0847231 0.0131296 -0.534817
 0.085056 0.0111803 -0.529707
0.0842402 0.0206327 -0.526338
0.0845776 0.0157375 -0.537218
0.0843274  0.021675 -0.526244
0.0838353 0.0232154 -0.530755
 0.083834 0.0184832 -0.530394
0.0862308 0.0247027 -0.520347
0.0841734  0.023716 -0.528154
0.0858483 0.0300443 -0.526511
0.0854488 0.0305485 -0.528888
0.0839894 0.0204123 -0.528412
0.0840057 0.0158163 -0.530139
 0.084025 0.0201588 -0.528034
0.0839895 0.0204011 -0.528402
0.0839843   0.02006 -0.528407
0.0840123 0.0153063 -0.530595
0.0837572 0.0179316   -0.5323
0.0836438 0.0190753 -0.533442
0.0836616 0.0187006 -0.533507
0.0840929    0.0219 -0.527882
0.0841718 0.0215327 -0.527324
0.0837388 0.0177935 -0.533012
0.0837218 0.0178987 -0.533299
0.0841376 0.0228258 -0.527957
0.0838233 0.0230525  -0.53078
0.0838706  0.019807 -0.529609
0.0839248 0.0158509 -0.532934
 0.083769 0.0181321 -0.531798
0.0839237 0.0182506 -0.529404
0.0835775 0.0206006 -0.533576
 0.084066 0.0198659 -0.527907
0.0846864 0.0161049    -0.522
0.0837399 0.0186161 -0.531892
0.0836737 0.0194474 -0.532412
0.0834123 0.0261139 -0.536972
0.0851686 0.0158395  -0.52164
0.0836918 0.0193298 -0.532199
 0.190888 0.0155235 -0.500106
 0.189083 0.0101765  -0.52651
   0.1911 0.0252333 -0.504189
 0.191004 0.0326501 -0.511669
 0.190616  0.036646 -0.521409
 0.189994  0.036612 -0.531926
 0.189234 0.0325531 -0.541618
 0.188451 0.0250882 -0.549009
 0.187764  0.015353 -0.552976
  0.187278 0.00482913  -0.552913
  0.187067 -0.0048805  -0.548831
  0.187163 -0.0122974   -0.54135
  0.187551 -0.0162932  -0.531611
  0.188173 -0.0162594  -0.521094
  0.188933 -0.0122006  -0.511401
   0.189716 -0.00473534    -0.50401
  0.190402 0.00499944  -0.500043
  0.09435 0.0145845 -0.520927
 0.096155 0.0199318 -0.494523
0.0963661 0.0296408 -0.498607
0.0962704 0.0370584 -0.506086
0.0958823 0.0410544 -0.515826
0.0952608 0.0410203 -0.526343
0.0945007 0.0369614 -0.536035
0.0937177 0.0294962 -0.543427
 0.093031  0.019761 -0.547393
  0.092545 0.00923741  -0.547331
   0.0923339 -0.000472162    -0.543248
  0.0924297 -0.00788912   -0.535768
 0.0928178 -0.0118849  -0.526028
 0.0934393 -0.0118511  -0.515511
  0.0941993 -0.00779269   -0.505819
   0.0949823 -0.000327343    -0.498427
 0.0956691 0.00940772  -0.494461
  0.188516 0.00404028  -0.539185
 0.189543 0.0074229  -0.53443
  0.188631 0.00778974  -0.534473
0.0844102 0.0164135 -0.529227
0.0840262 0.0162948 -0.529063
0.0840093 0.0164322 -0.529203
0.0842296 0.0175121  -0.53132
0.0838364 0.0173578 -0.531354
0.0838288 0.0175308 -0.531296
0.0842589 0.0191433 -0.529848
0.0842417 0.0195397 -0.529993
0.0842434 0.0190807 -0.530062
   0.18956 0.00417064  -0.538983
  0.189554 0.00412156  -0.539057
  0.201391 0.00836328  -0.543805
  0.190016 0.00730252  -0.534587
0.0847168 0.0236125 -0.527122
0.0843159 0.0236311 -0.527098
0.0843513 0.0238359 -0.526982
 0.084648 0.0232017 -0.527368
 0.084616 0.0229825 -0.527484
0.0842472 0.0232203 -0.527344
 0.219532 0.0304141 -0.558353
0.220673 0.026318  -0.5611
 0.219223  0.028183 -0.559823
0.0850853 0.0235698 -0.524816
0.0846905 0.0237626 -0.524862
0.0846825 0.0235886 -0.524793
  0.217203 0.00668698  -0.556823
  0.212121 0.00756614  -0.552752
  0.205802 0.00305758  -0.555611
   0.188759 0.000348902   -0.546577
  0.215514 0.00708166  -0.555392
  0.213746 0.00879249   -0.55215
  0.215935 0.00834743  -0.553983
   0.21645 0.00806474  -0.554571
  0.21778 0.0117899  -0.55105
 0.202416 0.0097727 -0.542808
0.0846617 0.0229914 -0.527158
0.0846886 0.0231721 -0.527066
0.0842877 0.0231908 -0.527042
0.0844519 0.0199086 -0.527756
0.0843601 0.0199946 -0.528684
0.0843868 0.0197494 -0.528378
 0.084852 0.0243757 -0.526724
0.0847952 0.0240687 -0.526883
0.0844501 0.0243944   -0.5267
0.0840614 0.0187136 -0.533524
0.0840739 0.0185225 -0.533501
 0.083673 0.0185411 -0.533478
  0.190187 0.00871346  -0.533028
  0.195995 0.00951643  -0.537707
0.0843808 0.0160985 -0.530225
0.0843832  0.016168 -0.530052
 0.083979 0.0161172 -0.530201
 0.190402 0.0107261 -0.531183
 0.190551  0.012349 -0.529989
  0.189388 0.00887621  -0.532827
 0.190527 0.0123309 -0.529967
0.0848985 0.0272145 -0.528566
0.0849037 0.0270644 -0.528411
0.0845008 0.0270832 -0.528387
 0.189452 0.0123592 -0.529863
  0.188911 0.00898927  -0.533022
0.0841766  0.019157 -0.530966
0.0837685 0.0190522 -0.531121
0.0837767 0.0191756 -0.530943
 0.217937 0.0339324 -0.536083
 0.219896 0.0381684 -0.535579
 0.201269 0.0302626 -0.528996
  0.20389 0.0253645 -0.532297
0.0846485 0.0225342 -0.527021
0.0846199 0.0226719 -0.527291
0.0846561 0.0223143 -0.526854
 0.223574 0.0255638 -0.561681
 0.223119 0.0289872   -0.5594
 0.225878 0.0206702 -0.564989
 0.191417 0.0252521 -0.524284
 0.191009 0.0182486 -0.526667
 0.084152 0.0174799 -0.533496
0.0837502 0.0174986 -0.533472
0.0837611  0.017404  -0.53333
 0.190383 0.0252169 -0.524186
 0.189617 0.0181325 -0.526934
  0.19105 0.0181498 -0.526502
  0.19142 0.0252177 -0.524283
 0.084262 0.0178304 -0.530409
0.0838733 0.0176564 -0.530333
0.0838612  0.017849 -0.530385
 0.226993 0.0279236 -0.560213
 0.227139 0.0296851  -0.55905
 0.228033 0.0279229 -0.560243
 0.112318 0.0253104 -0.556324
 0.114764  0.026299 -0.558137
 0.112769 0.0263918  -0.55802
0.0847952 0.0240687 -0.526883
0.0847522 0.0238173 -0.527006
0.0843943 0.0240873 -0.526859
0.0844739  0.020044 -0.527575
0.0844543 0.0199416 -0.527741
 0.084075 0.0200625 -0.527552
 0.189585 0.0123088 -0.529802
 0.190877 0.0164056  -0.52758
 0.189754 0.0162975 -0.527674
 0.204776 0.0165464 -0.538185
 0.191027 0.0162564 -0.527357
 0.084634 0.0246756 -0.528345
0.0842331 0.0246942 -0.528321
0.0842389 0.0248887 -0.528411
 0.190552 0.0123425 -0.529979
 0.219169 0.0271493 -0.539874
 0.218132  0.032254 -0.536857
0.0848359 0.0274355 -0.529122
0.0844641   0.02741 -0.528878
 0.084433 0.0274543 -0.529099
0.0843031 0.0181348 -0.529594
0.0838673  0.018414 -0.529961
0.0839033 0.0181534 -0.529571
0.0848668 0.0220383 -0.525274
0.0848501 0.0218536 -0.525292
0.0844659  0.022057  -0.52525
0.0848117 0.0211885 -0.525264
0.0848284  0.022055  -0.52553
 0.084756 0.0213982 -0.525729
0.0842067 0.0200547 -0.530382
0.0838068 0.0200733 -0.530358
0.0837814 0.0198683 -0.530696
 0.084359 0.0155998 -0.532669
0.0843637 0.0155257 -0.533041
0.0843908 0.0153164 -0.533181
0.0843646 0.0176538 -0.528972
0.0844108 0.0179638 -0.529419
0.0843529  0.017528 -0.529223
 0.084111  0.019051 -0.532097
0.0837101 0.0190696 -0.532073
0.0837281 0.0187884 -0.531955
0.0846598 0.0227958 -0.527069
0.0842382 0.0182808 -0.530471
0.0838383 0.0182993 -0.530447
 0.083841 0.0181321 -0.530508
 0.227617 0.0449127 -0.538146
 0.228752 0.0419133 -0.537529
 0.231795 0.0395608 -0.539331
 0.234295 0.0367941 -0.541227
 0.224298 0.0465045 -0.536709
 0.221427 0.0451513 -0.534561
0.0846268 0.0243123  -0.52818
0.0847184 0.0236248 -0.527121
0.0846575  0.023993 -0.527781
0.0842057 0.0200547 -0.530382
0.0842311 0.0202225 -0.530083
0.0838068 0.0200733 -0.530358
0.0847179 0.0240331 -0.527366
0.0847594 0.0241841 -0.527189
0.0843586 0.0242027 -0.527166
0.0842342 0.0202833  -0.53001
0.0842197 0.0197443 -0.530239
0.0842315  0.019767 -0.530073
0.0850455 0.0232267  -0.52483
0.0846696 0.0234414 -0.524776
0.0846436 0.0232454 -0.524806
 0.116127 0.0405931 -0.546302
 0.113634 0.0407091 -0.546155
 0.114085 0.0417905 -0.547851
0.0839684 0.0194086 -0.534901
0.0840189 0.0188489 -0.534538
0.0839907 0.0191824 -0.534617
 0.084183 0.0176438 -0.532164
  0.08417 0.0180284  -0.53194
0.0841407 0.0177726 -0.533051
 0.084912 0.0223383 -0.525134
0.0848838 0.0221836 -0.525236
0.0845112 0.0223569  -0.52511
0.0842594 0.0201346 -0.529703
0.0842652 0.0204104 -0.529704
0.0854625  0.025216 -0.524004
0.0855739 0.0250375 -0.523351
0.0855821 0.0253191 -0.523519
 0.203571 0.0421492 -0.529328
 0.220356 0.0442141 -0.534395
0.0846649  0.026014 -0.529064
0.0842815 0.0262701 -0.529102
 0.084264 0.0260327  -0.52904
 0.084208 0.0234353 -0.531089
0.0842221 0.0233127 -0.530905
0.0838223 0.0233313 -0.530881
  0.21853 0.0335873 -0.536603
0.0842773 0.0168159 -0.531339
0.0838947 0.0166401  -0.53121
0.0838755 0.0168346 -0.531315
 0.218599 0.0329433 -0.536774
 0.204554 0.0164933 -0.538078
0.0844818  0.014658 -0.532819
0.0845024 0.0145111 -0.532898
0.0840956   0.01453 -0.532874
0.0842261 0.0236769 -0.531023
0.0838272 0.0236955 -0.530999
0.0838582  0.023762 -0.530747
0.0846285 0.0245196 -0.528281
0.0846261 0.0243564 -0.528192
0.0842263  0.024375 -0.528168
  0.217336 0.00276323  -0.562518
0.0842191 0.0169278 -0.532773
0.0841971  0.017163 -0.532838
0.0838172 0.0169465  -0.53275
 0.216194 0.0074692 -0.555286
0.0843832  0.016168 -0.530052
0.0843833 0.0162971 -0.529863
0.0839813 0.0161867 -0.530028
0.0851444 0.0244955 -0.525106
0.0852857 0.0246347 -0.524452
0.0853015 0.0249201  -0.52458
0.0849485 0.0245399 -0.526253
0.0849153 0.0245787 -0.526473
0.0845457 0.0245586 -0.526229
 0.105291 0.0135541 -0.571118
 0.116288  0.012299 -0.572265
   0.11643 0.00658073  -0.565345
0.0840989 0.0181183 -0.533913
  0.111988 0.00559204  -0.563346
  0.107826 0.00402136  -0.558782
  0.116891 0.00684076   -0.56397
  0.126449 0.00731543  -0.567515
  0.116895 0.00668818  -0.564016
 0.116291 0.0123295 -0.572239
0.0847433 0.0212964 -0.525779
0.0847684 0.0215124 -0.525693
0.0843676  0.021531  -0.52567
  0.136231 0.00606251   -0.56709
 0.158689 0.0105568 -0.574604
 0.143318 0.0123422  -0.57299
 0.107295 0.0143192 -0.570667
 0.110292 0.0138864 -0.571038
0.0842533 0.0184199 -0.530171
0.0842526 0.0181585 -0.530318
0.0838527 0.0181771 -0.530294
   0.20159 0.00980254  -0.576309
  0.201075 0.00865154  -0.577058
    0.200611 -0.000667422    -0.566209
  0.201062 0.00848677  -0.577212
0.0842536 0.0181584 -0.530318
0.0842567 0.0179712 -0.530389
0.0838559 0.0179898 -0.530365
  0.148315 0.00126403  -0.562238
0.0840234 0.0192566 -0.533713
0.0840445 0.0190518 -0.533481
0.0840307 0.0194891 -0.533312
  0.143143 0.00387312  -0.565136
  0.205651 0.00879798  -0.577089
  0.201065 0.00863026  -0.577075
 0.203867 0.0098094 -0.576369
0.0847898 0.0217306 -0.525639
0.0844153  0.021963 -0.525541
0.0843899 0.0217492 -0.525616
 0.085013 0.0247472  -0.52602
 0.085066 0.0243641 -0.525447
0.0846642 0.0243828 -0.525424
0.0842463 0.0170725 -0.531625
0.0842339  0.017254 -0.531606
0.0838445 0.0170912 -0.531601
0.0844452 0.0218914  -0.52833
0.0844515 0.0220669 -0.528344
0.0840463 0.0219099 -0.528306
0.0845449 0.0238497 -0.528473
0.0845208 0.0238931 -0.528678
 0.084145 0.0238683 -0.528449
0.0842866 0.0237999 -0.530536
0.0842571 0.0237435  -0.53077
0.0838867 0.0238185 -0.530512
0.0844674 0.0222531 -0.528288
0.0841026 0.0225559 -0.528099
0.0840676 0.0222717 -0.528265
    0.20041 -0.00118475   -0.564559
0.0842524 0.0243671 -0.531139
0.0838525 0.0243858 -0.531115
0.0838678 0.0245455 -0.531067
  0.147437 0.00190411  -0.561666
0.0843537 0.0178096 -0.529058
0.0839661 0.0176595 -0.528949
0.0839538 0.0178282 -0.529035
0.0841446 0.0177932 -0.532916
0.0837428 0.0178119 -0.532892
0.0837381 0.0177986 -0.533063
0.0845337 0.0237892 -0.528241
0.0845344 0.0244691 -0.528935
0.0843135 0.0165068  -0.53118
0.0843783  0.015879  -0.53023
0.0843783 0.0160582 -0.530424
0.0840869  0.018342 -0.533461
 0.083686 0.0183607 -0.533438
 0.235891 0.0394966 -0.557593
 0.236472 0.0305707 -0.563525
 0.235529 0.0270535  -0.56583
 0.235553 0.0411046 -0.556513
 0.237959  0.031842 -0.547587
 0.236885 0.0305602 -0.563621
 0.238271 0.0235358 -0.553123
 0.110483 0.0331257 -0.551093
 0.108648 0.0409411 -0.545861
 0.237158 0.0296785 -0.546118
 0.237478 0.0222996 -0.551135
 0.235606 0.0163992 -0.557689
0.0843117 0.0159462 -0.533388
0.0848029  0.027407 -0.529302
0.0848369 0.0266774  -0.52849
0.0848798 0.0267652 -0.528308
0.0846502 0.0268238 -0.529783
0.0847481 0.0272544   -0.5295
0.0843462 0.0272731 -0.529476
0.0846598 0.0265287 -0.529489
0.0846502 0.0268239 -0.529782
0.0846223 0.0265688 -0.529766
 0.232756 0.0225006 -0.568766
  0.23516 0.0161848 -0.555029
 0.230852  0.010999 -0.561025
0.0847187 0.0207208 -0.525743
0.0846404 0.0209877 -0.526448
  0.08464 0.0206154 -0.526314
0.0837943 0.0171817 -0.532814
 0.224498  0.032258 -0.557271
 0.226212 0.0312639 -0.557978
  0.22552 0.0262492 -0.561282
 0.226231 0.0165543 -0.572526
  0.23072 0.0107317 -0.558358
  0.221229 0.00453967  -0.564815
0.0857472 0.0252064 -0.522689
0.0857092  0.025205 -0.522855
0.0853393 0.0252254 -0.522665
0.0846776  0.025663 -0.528724
0.0846641 0.0254037  -0.52863
0.0842768 0.0256816   -0.5287
  0.226309 0.00708159  -0.560511
 0.219095 0.0125714 -0.574966
 0.084415 0.0151335 -0.533425
0.0840092 0.0151524 -0.533401
0.0840319 0.0149846 -0.533513
0.0848081 0.0236037 -0.526517
0.0848328 0.0234283 -0.526251
0.0848472 0.0235205 -0.526215
 0.212415  0.010044 -0.576455
   0.210421 0.000553697   -0.566679
0.0842904 0.0201695  -0.52941
0.0843123  0.020201 -0.529182
0.0839124 0.0202196 -0.529158
0.0843637 0.0195042 -0.528611
0.0843456 0.0197589 -0.528812
0.0843037 0.0195998 -0.529262
0.0844457  0.024258 -0.529474
 0.084447 0.0239408  -0.52927
0.0855087 0.0250244  -0.52363
0.0855181 0.0245252  -0.52323
 0.206747 0.0100899 -0.576264
  0.210155 0.00954193  -0.576723
 0.214555 0.0107762 -0.576028
 0.214752 0.0126122 -0.574817
 0.221391 0.0171444    -0.572
 0.223876 0.0151017 -0.573424
  0.22595 0.0232009 -0.568114
 0.228079 0.0180299 -0.571601
 0.232019 0.0468251 -0.552628
 0.231212 0.0208624 -0.569812
 0.228909 0.0496281 -0.550683
 0.228082 0.0317967 -0.562477
  0.22794  0.030132 -0.563576
 0.234373 0.0434322 -0.554942
 0.233656 0.0237782 -0.567948
 0.216142 0.0547873 -0.546904
 0.205129 0.0560895 -0.545732
 0.204224 0.0492362 -0.532888
0.0842989 0.0238241 -0.530432
0.0843195 0.0240622 -0.530388
0.0842207 0.0240099 -0.531225
 0.213784 0.0525363  -0.54833
 0.205126  0.056098 -0.545726
 0.181976 0.0498776 -0.531208
 0.162747 0.0580472 -0.543243
0.0850923 0.0237439 -0.524886
 0.204004 0.0546443 -0.546658
 0.120504 0.0599798 -0.540777
 0.084464 0.0242897 -0.529341
0.0844985 0.0243783 -0.529132
0.0840976  0.024397 -0.529109
0.0844724 0.0147223 -0.532791
0.0844205 0.0150995  -0.53346
0.0845059 0.0144853 -0.532971
  0.21748 0.0482328  -0.53495
0.0840246 0.0196815 -0.532716
0.0841265 0.0194383 -0.531988
0.0840851  0.019777 -0.532106
0.0838315  0.018681 -0.530354
0.0842314 0.0186624 -0.530378
 0.084427 0.0157865 -0.529774
0.0840437 0.0156002 -0.529698
0.0840241 0.0158052  -0.52975
0.0843753 0.0160791 -0.530388
0.0839735 0.0160978 -0.530364
0.0839647  0.016112 -0.530541
0.0842882  0.016603 -0.531497
0.0844083 0.0157011 -0.530381
 0.213786 0.0468618 -0.532915
 0.205645 0.0482612 -0.532163
 0.225167 0.0518471 -0.549107
0.0849641 0.0249064 -0.526415
0.0845869 0.0248716 -0.526202
0.0845612 0.0249252 -0.526391
0.0843659 0.0176409 -0.528973
0.0842296 0.0245817 -0.531456
0.0842267 0.0241501 -0.531267
0.0842692 0.0245567 -0.531089
 0.230844 0.0481703 -0.551702
 0.234188 0.0394548 -0.542358
0.0842123 0.0184749 -0.530758
0.0842216 0.0186096 -0.530553
0.0838124 0.0184935 -0.530735
0.0846297 0.0241606 -0.528046
0.0842478 0.0240369 -0.527809
0.0842298 0.0241792 -0.528022
0.0852086 0.0246688 -0.524885
0.0848582 0.0248378 -0.524685
0.0848048 0.0246876 -0.524861
0.0842469 0.0179201 -0.530583
0.0842419 0.0181134 -0.530531
 0.083846 0.0179387  -0.53056
0.0838312 0.0202411  -0.53006
0.0857904 0.0256134 -0.522821
0.0858413 0.0256206 -0.522609
0.0854325 0.0256397 -0.522585
  0.22757 0.0360178 -0.554865
 0.226817 0.0401687 -0.556893
 0.221796 0.0474528 -0.551924
 0.153512 0.0512315 -0.529498
 0.148202  0.053446 -0.532365
 0.141087 0.0552648 -0.534504
0.0840783 0.0186685 -0.534358
 0.152557 0.0501615 -0.529492
0.0849332 0.0224244 -0.525046
0.0845324  0.022443 -0.525022
0.0845633 0.0225507 -0.524889
 0.204244  0.048435 -0.532125
0.0842173 0.0181078 -0.530945
0.0842248 0.0176098 -0.531275
0.0838239 0.0176285 -0.531251
0.0844989  0.021832 -0.527865
0.0841334 0.0216031 -0.527471
 0.084099 0.0218506 -0.527841
0.0843895 0.0203858 -0.528426
0.0843605 0.0205789  -0.52873
0.0843422 0.0204393 -0.528896
0.0844237 0.0239347 -0.529455
0.0840239 0.0239534 -0.529432
0.0840711 0.0239484 -0.529051
 0.084728 0.0240488 -0.527309
0.0844379 0.0198645 -0.527891
0.0844198 0.0198127 -0.528055
 0.084038 0.0198831 -0.527867
 0.120629 0.0558713 -0.533007
 0.120365  0.060003 -0.540761
 0.131408 0.0563094 -0.535221
 0.141101 0.0552381 -0.534551
 0.115411 0.0548251 -0.530823
 0.120632 0.0558996 -0.532991
 0.120363 0.0599764 -0.540775
  0.10973 0.0525241 -0.527408
 0.109277  0.059715 -0.540637
0.0847341 0.0264033 -0.528912
0.0843322  0.026422 -0.528888
0.0843513 0.0266235 -0.528927
 0.114257 0.0588206 -0.541369
 0.084234  0.024605 -0.531434
0.0838576 0.0247306 -0.531267
0.0838342 0.0246236  -0.53141
 0.120944  0.054447 -0.532641
0.0842382 0.0173391 -0.531378
 0.084184 0.0192396 -0.530821
 0.131609 0.0548503 -0.534751
0.0842637 0.0247302 -0.531234
0.0843947 0.0157286 -0.530685
0.0843776 0.0158832 -0.530756
0.0839918 0.0157474 -0.530661
0.0841605 0.0188923 -0.531353
0.0841597 0.0185899 -0.531554
0.0837598 0.0186085  -0.53153
 0.180731 0.0427129 -0.524749
 0.186079 0.0421052 -0.525237
0.0842069 0.0176398 -0.531602
0.0841857 0.0177741 -0.531932
 0.173528  0.043275 -0.524029
 0.163249 0.0434996 -0.522632
 0.180737  0.042755 -0.524679
 0.163303 0.0422141 -0.522384
0.0842276 0.0245383 -0.528258
0.0842677 0.0245269 -0.531091
0.0845685  0.023314 -0.528006
0.0845039 0.0221817 -0.527937
 0.084052 0.0188863 -0.533513
0.0836605 0.0187322   -0.5335
0.0846387 0.0248701 -0.528434
 0.186594 0.0407604 -0.525114
 0.185713 0.0421836 -0.525194
  0.18559  0.041019 -0.525116
 0.186935 0.0419003 -0.525222
 0.193691  0.044736 -0.528452
 0.186933 0.0418923 -0.525236
0.0842174 0.0186318 -0.530557
0.0841507 0.0178317 -0.532673
0.0837488 0.0178504  -0.53265
 0.194384 0.0451335 -0.528507
 0.189386 0.0403367 -0.524857
0.0839779  0.018663 -0.534985
0.0840438 0.0182511 -0.535754
0.0843833 0.0162971 -0.529863
 0.084378 0.0165594 -0.529633
0.0839814 0.0163158  -0.52984
0.0847307 0.0207768 -0.525668
0.0843308 0.0207954 -0.525645
0.0843545 0.0208974  -0.52551
0.0845024 0.0225373 -0.528123
0.0841282  0.022753  -0.52799
0.0841036 0.0225559 -0.528099
 0.084471 0.0239298 -0.529075
0.0846804 0.0234099 -0.527255
0.0842796 0.0234285 -0.527231
0.0851564 0.0236968  -0.52451
0.0850818 0.0235206 -0.524803
0.0850717  0.022907  -0.52449
 0.157475 0.0482929 -0.526833
 0.161651 0.0439918 -0.522888
0.0844667 0.0153624 -0.529668
 0.162242  0.043679 -0.522662
 0.161232 0.0444315 -0.523116
0.0846517 0.0251746 -0.528557
0.0842498 0.0251933 -0.528534
0.0842632 0.0254224 -0.528606
 0.153028 0.0499238   -0.5293
0.0839475  0.020751 -0.534104
0.0835466 0.0207697  -0.53408
0.0835482 0.0206125 -0.534151
 0.160291 0.0434253 -0.523383
 0.161999  0.043719 -0.522804
 0.161277 0.0443534 -0.523209
  0.16136 0.0425434 -0.522466
 0.163307 0.0422346 -0.522476
  0.19166 0.0346798 -0.523819
 0.191693 0.0330817 -0.523699
 0.084351 0.0156735 -0.532641
0.0843754  0.015464 -0.532691
0.0839706 0.0154828 -0.532667
0.0842604 0.0169069 -0.531595
0.0838576 0.0169256 -0.531572
0.0838734  0.016752 -0.531523
 0.190393 0.0390427 -0.524416
  0.19168 0.0330957 -0.523533
 0.191622 0.0348381 -0.523899
0.0852621  0.024819 -0.524709
0.0841965 0.0230318 -0.531034
0.0841533  0.023628 -0.531709
 0.084167  0.023246 -0.531413
0.0844027 0.0197803 -0.528217
0.0840038 0.0197989 -0.528194
0.0840209 0.0198313 -0.528031
0.0842819 0.0162899 -0.532769
0.0842622 0.0164838 -0.532746
 0.083878 0.0163087 -0.532746
 0.191219 0.0370166 -0.524195
 0.191232 0.0369848 -0.524198
0.0844789 0.0204776  -0.52761
0.0844877 0.0201369 -0.527464
0.0845407 0.0206143 -0.527113
0.0845157 0.0144601 -0.533584
0.0844828 0.0146729 -0.533597
0.0841079 0.0144791  -0.53356
0.0847921 0.0267912 -0.528864
 0.190385 0.0389948 -0.524545
0.0853143  0.024944 -0.524534
 0.085379 0.0250734 -0.524304
0.0849742 0.0250923  -0.52428
 0.220741 0.0447958 -0.534543
 0.214009 0.0467687  -0.53305
0.0853851 0.0248199 -0.524086
0.0849802 0.0248388 -0.524062
0.0850455 0.0249562  -0.52383
  0.22633 0.0270418 -0.560779
0.0842965 0.0166214 -0.531234
0.0843128 0.0164699 -0.531128
0.0839109 0.0164886 -0.531105
 0.085106  0.023197 -0.524461
0.0847041 0.0232157 -0.524437
0.0847217 0.0233835 -0.524441
 0.084261 0.0170063 -0.531392
 0.221458 0.0319982 -0.557357
0.0848287 0.0266923 -0.528557
0.0848112 0.0267597 -0.528719
0.0844258 0.0267111 -0.528533
0.0846482 0.0257729 -0.529004
0.0842463 0.0257916 -0.528981
0.0845466   0.02293 -0.527973
0.0841624 0.0232176 -0.527964
0.0841457 0.0229487  -0.52795
0.0845399 0.0210496  -0.52725
0.0844801 0.0214433 -0.527877
0.0840802 0.0214619 -0.527854
0.0841631  0.018443 -0.531617
0.0841116 0.0190335 -0.532073
0.0841672 0.0181576 -0.531816
0.0841644 0.0232951 -0.531462
0.0841556 0.0234898 -0.531629
0.0837655 0.0233137 -0.531438
  0.188014 0.00132528  -0.544737
    0.187916 -0.000848086    -0.549422
    0.18867 0.000228401   -0.546914
  0.189023 0.00109627  -0.544719
0.0847491 0.0272543   -0.5295
0.0848099 0.0274095 -0.529253
0.0844081 0.0274282 -0.529229
    0.187899 -0.000838155    -0.549451
   0.194527 -0.00113461   -0.557559
0.0845951 0.0250539  -0.52886
0.0846672 0.0255082 -0.528676
0.0847025  0.026607 -0.529251
0.0847138 0.0210963 -0.525917
   0.186674 -0.00184293   -0.551686
0.0841524  0.017323 -0.532907
0.0841016 0.0180015 -0.533691
0.0841582 0.0174216 -0.533463
  0.189016 0.00112842  -0.544738
   0.184058 -0.00248471     -0.5541
   0.182726 -0.00253737   -0.554594
   0.189826 -0.00161189   -0.559301
   0.172199 8.05553e-05    -0.56342
   0.189782 -0.00171714   -0.559269
   0.182753 -0.00255897   -0.554637
    0.18539 -0.00228228   -0.553169
   0.182732 -0.00261176   -0.554566
0.0844244 0.0201424 -0.528033
0.0842028 0.0172662 -0.532398
0.0841208 0.0178995 -0.533335
0.0843022 0.0160845 -0.532807
0.0838983 0.0161033 -0.532783
0.0839228 0.0158731 -0.532832
   0.185415 -0.00224191   -0.553148
 0.084615 0.0229826 -0.527484
0.0845744 0.0227055 -0.527647
0.0842151 0.0230012  -0.52746
0.0845281 0.0227343 -0.528014
0.0849105 0.0249628  -0.52451
0.0845038 0.0145236 -0.533395
0.0844624 0.0148127 -0.533593
0.0845285 0.0143733 -0.533554
   0.186659 -0.00175966   -0.551721
0.0847544 0.0208788 -0.525534
0.0843784 0.0210162 -0.525385
    0.208583 -9.42529e-05    -0.563894
  0.212607 0.00105022   -0.56332
0.0844492 0.0218722 -0.525268
0.0853024 0.0252239 -0.522831
0.0841077  0.019379 -0.531952
0.0837218 0.0192795 -0.531752
0.0837069 0.0193977 -0.531929
0.0840707 0.0197359 -0.532385
0.0840828 0.0197677 -0.532171
0.0836709 0.0197545 -0.532362
0.0843745 0.0168255 -0.529409
0.0839736 0.0168441 -0.529385
0.0839761 0.0165781 -0.529609
0.0840326 0.0183459 -0.535729
 0.083571 0.0193831 -0.534971
0.0836297 0.0183647 -0.535705
0.0840242 0.0186306 -0.534991
0.0836279 0.0185172 -0.535159
0.0836213 0.0186493 -0.534967
0.0842971 0.0165229 -0.531436
0.0842753 0.0167333 -0.531547
0.0838942 0.0165416 -0.531412
0.0841209 0.0239117 -0.528654
0.0851103 0.0241025 -0.525034
0.0844829 0.0222022 -0.525212
0.0845134 0.0245974 -0.526449
0.0848748 0.0247372 -0.526826
0.0849117 0.0248639 -0.526691
0.0845098 0.0248826 -0.526667
   0.176872 -0.00271179   -0.554631
   0.181898 -0.00254774    -0.55466
   0.181899 -0.00214947   -0.553633
  0.176871 -0.0026448  -0.554638
0.0843565 0.0155873 -0.533092
0.0843373 0.0157353 -0.533313
0.0839517 0.0156062 -0.533068
   0.16791 -0.0027787  -0.554243
   0.157827 -0.00280031   -0.551789
  0.176883 -0.0022577  -0.553561
   0.157639 -0.00305393   -0.553054
  0.156573 -0.0029864   -0.55317
   0.157822 -0.00279357   -0.551807
   0.156404 -0.00276951   -0.553227
   0.155883 -0.00281994   -0.553572
0.0841572 0.0183262 -0.531848
0.0837563  0.018345 -0.531824
0.0837666 0.0181663 -0.531798
0.0844453 0.0217421 -0.528278
0.0840454 0.0217607 -0.528254
0.0840583  0.021626 -0.528099
    0.15578 -0.00255525   -0.552062
0.0849235 0.0223969 -0.525088
0.0850139 0.0230081 -0.524888
0.0849197 0.0226036  -0.52523
   0.155542 -0.00261924   -0.554034
   0.15196 -0.0004404  -0.558886
0.0843694 0.0171245 -0.529237
0.0839686 0.0171432 -0.529214
    0.15462 -0.00193982    -0.55323
   0.155501 -0.00267617   -0.554048
 0.084505 0.0221391 -0.527936
0.0841051 0.0221577 -0.527912
0.0841231  0.022328 -0.527842
  0.147977 0.00142307  -0.561416
  0.08414 0.0210682 -0.527226
0.0854454 0.0375789 -0.536588
0.0837722 0.0294077 -0.542006
0.0838909 0.0264213 -0.537499
0.0837031 0.0181379  -0.53338
0.0841442 0.0283066 -0.535863
0.0843561 0.0241376 -0.530117
0.0843885 0.0241746 -0.529869
0.0839886 0.0241932 -0.529845
 0.190063 0.0310585 -0.525904
 0.190294 0.0340696 -0.526422
 0.190353 0.0310416 -0.526376
  0.08381 0.0226642 -0.538968
0.0838809 0.0264217 -0.537498
0.0844709 0.0152413  -0.52984
0.0841157 0.0208798 -0.547669
0.0846251 0.0254791 -0.528943
0.0842242 0.0254978  -0.52892
 0.084144 0.0185411   -0.5319
0.0837432 0.0185598 -0.531876
 0.084363 0.0167363 -0.538075
0.0846694 0.0146678  -0.53667
0.0840554 0.0192134  -0.53892
 0.0879516 0.00807276  -0.542644
 0.088879 0.0121379 -0.553597
 0.0869703 0.00873435  -0.540009
 0.0864496 0.00872824  -0.537236
0.0844265 0.0201516 -0.528039
0.0840439 0.0202497  -0.52787
0.0840266 0.0201702 -0.528016
0.0849063 0.0130901 -0.534859
0.0842353 0.0239934   -0.5311
0.0842581 0.0240068 -0.530893
0.0838583 0.0240254 -0.530869
 0.0943373 0.00368871  -0.548442
 0.0971194 0.00647968  -0.557481
0.0852692 0.0245842 -0.524505
0.0848653  0.024603 -0.524482
0.0849066 0.0247033 -0.524337
 0.0916938 0.00533653  -0.546937
0.0895828 0.0068163 -0.545078
 0.084885 0.0245115 -0.526611
 0.084852 0.0243757 -0.526724
0.0844831 0.0245303 -0.526587
 0.226715 0.0304911 -0.558504
 0.0998892 0.00156764  -0.550319
  0.100597 0.00168458   -0.55116
 0.0988768 0.00178272  -0.549817
0.0850193 0.0230568 -0.524885
0.0850455 0.0232267  -0.52483
  0.103236 0.00283833  -0.555458
  0.106493 0.00376541  -0.559279
  0.106881 0.00389699  -0.559929
  0.101775 0.00184073  -0.550507
0.0839253 0.0163759 -0.530976
  0.107468 0.00411333  -0.558235
   0.10649 0.00376416  -0.559282
  0.106953 0.00382764   -0.55992
   0.10739 0.00404454  -0.558337
 0.0990054 0.00153314  -0.549088
  0.101813 0.00223978  -0.550421
0.0842704 0.0197775  -0.52966
0.0848961 0.0268976 -0.528324
0.0844932 0.0269163   -0.5283
 0.0956413 0.00300965  -0.548871
 0.0988945 0.00183791  -0.549833
  0.099289 0.00197056  -0.548519
0.0847035 0.0231194  -0.52694
0.0847193 0.0262248 -0.528869
0.0843184 0.0262435 -0.528845
0.0894115 0.0067489 -0.545005
 0.0937727 0.00408528  -0.548109
 0.0956369 0.00300213  -0.548871
0.0841812 0.0198497  -0.53072
0.0839957  0.020562  -0.53329
0.0840128 0.0205308 -0.533025
 0.083613 0.0205494 -0.533002
 0.084895  0.023295 -0.525787
0.0849509 0.0230447 -0.525287
0.0849521 0.0234782 -0.525542
0.0851079 0.0240903 -0.525031
 0.084744 0.0238487 -0.524618
 0.084705  0.024109 -0.525007
0.0842016  0.018101 -0.531223
 0.084227 0.0175757 -0.531295
0.0842177 0.0181636 -0.530896
 0.0879134 0.00805382   -0.54263
 0.0863789 0.00865991  -0.537309
 0.0864251 0.00600089  -0.523657
 0.0864992 0.00880972  -0.537275
 0.0872728 0.00796446  -0.537316
0.0850151 0.0122821  -0.53338
0.0859987 0.0078544 -0.530533
0.0849074 0.0115417 -0.531423
0.0847816 0.0130541 -0.534854
0.0850832 0.0116235 -0.531161
0.0848983 0.0245652  -0.52658
0.0849222 0.0249049 -0.526647
0.0839679 0.0200862 -0.533505
0.0839538 0.0204666 -0.534231
0.0839826  0.020181 -0.533739
0.0844889 0.0201523 -0.527457
  0.08409 0.0201709 -0.527433
 0.084106 0.0203008 -0.527316
0.0839472 0.0156923 -0.532617
 0.085044 0.0228005 -0.524586
0.0846422 0.0228192 -0.524563
0.0846711 0.0229592 -0.524471
0.0843953  0.017246 -0.529031
0.0844436 0.0166843 -0.528481
 0.084431 0.0169654 -0.528578
0.0839692 0.0192226 -0.538824
0.0836602 0.0228271 -0.539001
0.0841515 0.0166989 -0.538129
0.0845281 0.0227343 -0.528014
0.0854413 0.0251826 -0.524082
0.0855045 0.0252618 -0.523838
0.0850986 0.0252807 -0.523814
0.0850697 0.0118104 -0.527113
 0.0860161 0.00690289  -0.523499
0.0861121  0.007667  -0.51844
 0.0869046 0.00606848  -0.523674
 0.0870379 0.00678299  -0.518045
0.0863478 0.0110322 -0.514512
0.0852625 0.0157849 -0.521569
0.0863219 0.0110312 -0.514507
 0.085108  0.013621 -0.523537
0.0850699 0.0126028 -0.525082
0.0839755 0.0193806 -0.534844
0.0835888 0.0192588 -0.534639
0.0835746 0.0193993  -0.53482
0.0855409 0.0186346 -0.520303
0.0852356 0.0157844 -0.521565
0.0857496  0.020474 -0.520018
0.0868201 0.0159522 -0.512969
0.0873504 0.0104849 -0.513862
0.0873808 0.0105758 -0.513877
0.0842932 0.0259191 -0.528762
0.0856587 0.0198874 -0.520228
 0.085119 0.0157524  -0.52146
0.0850792 0.0135371 -0.523892
 0.085056 0.0157405 -0.521515
0.0842094 0.0183226 -0.530907
0.0838095 0.0183411 -0.530884
0.0849228  0.011702  -0.52707
  0.11608 0.0416977 -0.547969
0.0856628 0.0255017 -0.523299
0.0853041 0.0255767 -0.523097
0.0852549 0.0255207 -0.523275
0.0848165 0.0212893 -0.525264
0.0844156  0.021308  -0.52524
0.0844282 0.0214805 -0.525231
0.0839761 0.0165781 -0.529609
0.0846593 0.0206248 -0.526164
0.0842594 0.0206434 -0.526141
 0.084287 0.0206802 -0.525939
  0.106928 0.00400903  -0.559857
0.0844428 0.0202311 -0.527893
 0.084789  0.023428 -0.526533
 0.084286 0.0198603  -0.52946
0.0842705 0.0197853  -0.52963
0.0838862 0.0198789 -0.529437
0.0946565 0.0171109 -0.568458
0.0840822 0.0194167 -0.532365
0.0836737 0.0194134 -0.532504
0.0836823 0.0194353 -0.532341
 0.088046 0.0227519  -0.56454
0.0844719 0.0247559 -0.526802
0.0843586 0.0242027 -0.527166
0.0853911 0.0286931 -0.560525
0.0847272 0.0376312 -0.554583
0.0874214 0.0479205 -0.547842
0.0841369 0.0176575 -0.533535
0.0868988 0.0464662 -0.548788
0.0891194 0.0502279 -0.546358
 0.086949 0.0247682  -0.56317
0.0893386 0.0213921 -0.565475
0.0920778 0.0533677  -0.54436
 0.092479 0.0186136 -0.567405
0.0956875 0.0558455 -0.542819
0.0962435 0.0164236 -0.568962
 0.101909 0.0168361 -0.568848
  0.09982 0.0576822 -0.541718
0.0974512 0.0261757 -0.562533
0.0983972 0.0210658 -0.565946
  0.08555 0.0306272 -0.528902
 0.086205 0.0293928 -0.524928
0.0849811 0.0233311 -0.525273
0.0844033 0.0168073 -0.528973
 0.084366 0.0170318 -0.529256
0.0843921  0.016742 -0.529231
0.0846761 0.0300006  -0.53311
 0.084384 0.0200325 -0.528428
0.0844236 0.0201409 -0.528063
0.0863547 0.0279741 -0.523022
0.0841564 0.0178893 -0.532418
0.0841622 0.0179615 -0.532172
0.0837555  0.017908 -0.532395
0.0839562 0.0241562 -0.530093
0.0856306 0.0305662 -0.528932
0.0858138 0.0301785 -0.526929
 0.086089 0.0294484 -0.524934
0.0839897 0.0192402 -0.534662
0.0885009 0.0326945 -0.521404
0.0876311  0.026958 -0.517918
 0.087211 0.0208868 -0.514265
0.0863416 0.0264717 -0.521734
0.0861919 0.0262975 -0.521501
0.0844133 0.0159569   -0.5298
0.0841642 0.0239513 -0.531745
0.0837653 0.0239699 -0.531722
0.0837552 0.0236995 -0.531698
0.0878862 0.0421183 -0.533878
0.0885113 0.0327785 -0.521378
0.0891422 0.0349384 -0.522469
0.0841085 0.0185274 -0.534108
0.0840546  0.018632 -0.533864
0.0843676  0.021531  -0.52567
0.0902119 0.0372574 -0.523011
 0.084022 0.0197664 -0.533287
0.0840663 0.0194341 -0.532375
0.0901722 0.0372699  -0.52298
0.0884468  0.032795  -0.52138
0.0941476 0.0478449 -0.529997
0.0917247 0.0394487 -0.523081
 0.093415 0.0411686 -0.522846
0.0933598 0.0411932 -0.522798
0.0965537 0.0432786 -0.522167
 0.107332 0.0255424  -0.55603
 0.104839 0.0256584 -0.555883
0.0842145  0.017124 -0.532394
0.0842304 0.0169275 -0.532393
0.0838276 0.0169463 -0.532369
 0.100787 0.0449663 -0.521268
0.0844423 0.0217249  -0.52828
0.0845899 0.0208106 -0.526824
 0.085637 0.0251959 -0.523172
0.0852311 0.0252148 -0.523148
0.0852724 0.0252391 -0.522977
0.0841564 0.0178893 -0.532418
 0.100155 0.0506481 -0.528484
0.0996059 0.0431315 -0.521206
0.0992168 0.0444241 -0.521579
0.0963933 0.0432675 -0.522106
0.0845464 0.0206484 -0.527077
0.0841465  0.020667 -0.527054
0.0841663 0.0207775 -0.526924
0.0843495 0.0202693 -0.528808
0.0839496 0.0202879 -0.528785
0.0839562 0.0201266 -0.528699
 0.101805 0.0453777 -0.521306
 0.100911 0.0443128 -0.520767
 0.100788 0.0449329 -0.521279
0.0841384 0.0193035 -0.531491
0.0837386 0.0193221 -0.531467
0.0837283 0.0192726 -0.531654
 0.106155 0.0410571 -0.545714
 0.106108 0.0421616 -0.547381
  0.10257 0.0460221 -0.521735
 0.105435 0.0491263 -0.524392
 0.103705 0.0451827 -0.521657
 0.103693  0.044972 -0.521984
 0.110283 0.0512159  -0.52714
0.0848738 0.0247372 -0.526826
0.0843271 0.0163572    -0.531
0.0843625 0.0161102  -0.53063
0.0839606 0.0161289 -0.530607
0.0845665 0.0244949 -0.526063
0.0844228 0.0239348 -0.529455
0.0839587 0.0239001 -0.529935
0.0840229 0.0239534 -0.529432
 0.102612 0.0441454 -0.521225
0.0843302 0.0157803 -0.532926
 0.084455 0.0221367  -0.52834
0.0845374 0.0228072  -0.52798
0.0842482 0.0167292 -0.532394
0.0842727 0.0164555  -0.53241
0.0838698 0.0164742 -0.532386
0.0859757 0.0224136 -0.520112
0.0843177  0.023842  -0.53028
0.0839188 0.0238606 -0.530256
0.0839587 0.0239001 -0.529935
0.0841387  0.019253 -0.531753
0.0841465 0.0194191 -0.531308
0.0841812 0.0198497  -0.53072
0.0837814 0.0198683 -0.530696
0.0857748 0.0224377 -0.520018
0.0841757 0.0181666 -0.531543
0.0849897 0.0248529 -0.526226
0.0846101 0.0247659 -0.525997
0.0878172  0.015893 -0.512066
0.0882193 0.0212437 -0.513687
 0.088186 0.0213008 -0.513548
0.0935433 0.0546299 -0.543565
0.0848669 0.0273913 -0.528901
0.0844844 0.0273342 -0.528694
0.0840547 0.0192472  -0.53302
0.0836489 0.0191885  -0.53319
0.0836538 0.0192659 -0.532997
 0.226951 0.0230003 -0.563475
0.0841217 0.0192609 -0.531775
0.0840498 0.0191698 -0.533213
0.0840456 0.0191046 -0.533368
0.0836447 0.0191233 -0.533344
0.0843934 0.0153202 -0.532698
0.0840285 0.0150153 -0.532728
0.0839885  0.015339 -0.532674
 0.120643 0.0559059 -0.532955
 0.115395   0.05482 -0.530823
 0.107145 0.0575838 -0.541989
 0.101668  0.053555 -0.544505
0.0993004 0.0478171 -0.548242
0.0841608 0.0189136 -0.531331
0.0845252 0.0244478 -0.528973
0.0841253 0.0244664 -0.528949
 0.084184 0.0176438 -0.532164
0.0841975 0.0173447 -0.532363
0.0837956 0.0173634 -0.532339
  0.127534 0.00944629  -0.565407
 0.116563 0.0122152 -0.567523
  0.116661 0.00867204  -0.563156
 0.159369 0.0102681 -0.570015
0.0841015 0.0180245 -0.533727
0.0836997 0.0180432 -0.533704
0.0837149 0.0178916 -0.533598
0.0850557 0.0239781  -0.52525
0.0850195 0.0241543 -0.525577
0.0846538 0.0239968 -0.525227
0.0849927 0.0243407 -0.525856
0.0849684 0.0244762 -0.526087
0.0845909 0.0243594 -0.525832
 0.113659 0.0092419 -0.563411
  0.111266 0.00735714  -0.560516
  0.116666 0.00870109  -0.563134
  0.11656 0.0122114 -0.567524
 0.116833 0.0080203  -0.56303
 0.084164 0.0173853 -0.533354
   0.13849 0.00764869  -0.564488
0.0842733 0.0201358 -0.529605
0.0838915 0.0201881 -0.529386
 0.127974 0.0087789 -0.565312
  0.138502 0.00765466   -0.56446
 0.147483 0.0039634 -0.560838
0.0837555  0.017908 -0.532395
0.0843199 0.0192424 -0.529096
 0.084292 0.0192007 -0.529416
0.0843215 0.0159073 -0.532834
0.0842248 0.0236696 -0.531039
0.0841733 0.0240857 -0.531731
  0.147179 0.00337398   -0.56082
  0.147491 0.00397085  -0.560833
  0.151732 0.00214706  -0.557184
  0.147551 0.00396814  -0.560878
  0.147199 0.00351993  -0.560707
0.0854468 0.0246794 -0.523676
0.0855681 0.0249907 -0.523208
0.0856179 0.0254056 -0.523423
 0.085211 0.0254246 -0.523399
 0.084105 0.0181192 -0.533404
  0.151795 0.00208638  -0.557131
  0.172175 0.00291968  -0.562429
  0.147582 0.00398596  -0.560863
  0.201334 0.00832168  -0.572483
  0.200212 0.00181998  -0.564326
    0.168484 -0.000175458    -0.552482
  0.199826 0.00180126   -0.56431
0.0842557 0.0207041  -0.52984
0.0842801 0.0206464 -0.529568
0.0842776 0.0207996 -0.529613
    0.155752 -0.000285344    -0.551797
0.0843352 0.0184947 -0.529811
0.0843502 0.0182413 -0.529425
 0.084302 0.0186147 -0.529431
    0.156556 -0.000477448    -0.551332
    0.157858 -0.000546292    -0.551205
0.0840999 0.0192105 -0.532174
0.0839294 0.0178906 -0.529328
   0.178436 7.60385e-05   -0.552938
  0.188275 0.00114388  -0.557828
0.0844183  0.016757 -0.528782
0.0840174 0.0167757 -0.528759
0.0840313 0.0167234 -0.528601
  0.201496 0.00183356  -0.564566
0.0844079 0.0242021 -0.529732
0.0840435 0.0242881 -0.529466
 0.084008 0.0242208 -0.529708
0.0846961 0.0216565 -0.526268
0.0846835 0.0220023 -0.526518
0.0846726 0.0217838 -0.526496
0.0837821 0.0176625 -0.532141
  0.206754 0.00233792  -0.565069
  0.201335 0.00819571  -0.572566
  0.201492 0.00179475  -0.564598
   0.18925 0.00108228  -0.558483
  0.205628 0.00222544  -0.564986
  0.199862 0.00164347   -0.56433
0.0847588 0.0266576 -0.528966
  0.201685 0.00759334  -0.572976
 0.113577 0.0123794 -0.567329
   0.20133 0.00832436  -0.572482
  0.203949 0.00759997  -0.573035
  0.205293 0.00843912  -0.572517
0.0842659 0.0193203 -0.529734
0.0838354  0.024012 -0.531076
 0.143412 0.0101331 -0.569656
0.0839481 0.0205939 -0.534174
0.0837567 0.0235083 -0.531606
0.0843321 0.0158544 -0.532543
0.0839282 0.0158732  -0.53252
0.0841913 0.0193377 -0.530706
0.0841844 0.0192269 -0.530838
0.0837845 0.0192455 -0.530814
0.0843472  0.027273 -0.529476
0.0842579 0.0179015 -0.530416
0.0842342 0.0184663 -0.530413
0.0842499 0.0178484 -0.530594
0.0856739 0.0255242 -0.523263
0.0857906 0.0252053 -0.522496
0.0858428 0.0256329 -0.522611
0.0841824 0.0177411  -0.53203
 0.222318 0.0142312 -0.569157
 0.227167 0.0177152 -0.566984
 0.227306  0.014888 -0.564132
0.227622 0.011892 -0.56022
 0.227069 0.0175465 -0.567094
0.0843872 0.0171679 -0.528954
0.0844082 0.0170228 -0.528737
0.0840084 0.0170414 -0.528713
0.0842192  0.018246   -0.5308
0.0838164 0.0181265 -0.530921
0.0838193 0.0182646 -0.530776
0.0842151 0.0230012  -0.52746
 0.222103 0.0155416 -0.568282
  0.21681 0.0114473 -0.570847
0.0842608 0.0230099 -0.527135
  0.22756 0.0118637 -0.560228
0.220232 0.012921 -0.56997
  0.218955 0.00621561  -0.563482
 0.226992 0.0174999 -0.567123
  0.210784 0.00936947  -0.572055
  0.212042 0.00923073  -0.572182
 0.212997 0.0100487 -0.571667
0.0845622  0.023199 -0.527988
 0.214735 0.0101125 -0.571659
0.0844343 0.0149964 -0.532751
  0.209204 0.00904855  -0.572223
   0.20684 0.00788078   -0.57293
0.0841382 0.0193114 -0.531467
  0.196753 0.00223577  -0.558705
   0.20972 0.00302988  -0.564895
  0.213725 0.00421491   -0.56444
 0.084129 0.0187698 -0.531979
  0.218029 0.00593997  -0.563594
  0.207783 0.00731479  -0.555892
  0.222734 0.00843375  -0.562229
 0.227696  0.012111 -0.560154
0.0844582 0.0216074 -0.528123
0.0847242 0.0222556  -0.52635
0.0847548  0.021881  -0.52596
0.0847608 0.0222099 -0.526066
 0.218271 0.0480661 -0.546619
 0.215589  0.050642 -0.544836
 0.210544 0.0514399 -0.544166
 0.207365 0.0521085 -0.543633
 0.207091  0.051766 -0.543852
 0.209757  0.051691 -0.543986
0.0846717 0.0239879 -0.527656
0.0842963 0.0240183 -0.527463
0.0842708 0.0240066 -0.527632
 0.216565  0.045911 -0.536465
 0.213106 0.0511845 -0.544407
 0.221081 0.0491413 -0.545985
0.0839729 0.0193644 -0.534995
 0.228439  0.041358 -0.540634
 0.227362  0.045956 -0.548273
 0.224171 0.0427225 -0.550326
 0.232397 0.0373391 -0.543613
 0.231659 0.0415116 -0.551339
  0.23175 0.0413253 -0.551465
 0.231636 0.0410748 -0.551624
 0.232332 0.0372472 -0.543664
 0.231276 0.0415706 -0.551257
0.0842296  0.023209 -0.530782
0.0842201 0.0230339 -0.530804
0.0849037 0.0270101 -0.528368
0.0848855 0.0273459 -0.528754
0.0841907 0.0230602 -0.531103
0.0841746 0.0231743 -0.531313
0.0837918 0.0230788 -0.531079
 0.212408 0.0385675  -0.53562
 0.230022 0.0398714 -0.541744
  0.23238  0.037074 -0.543859
 0.218698 0.0296956 -0.541998
 0.226864 0.0421892 -0.539944
 0.219858  0.045003 -0.537406
0.0843303 0.0178719 -0.529352
 0.201701 0.0419102 -0.532096
 0.212693 0.0462721 -0.535801
 0.205057 0.0519443 -0.543681
 0.205338 0.0466814 -0.534754
 0.203999 0.0467159 -0.534628
0.0842727 0.0164555  -0.53241
0.0838911 0.0162453 -0.532423
   0.1203 0.0557638 -0.538779
 0.205061 0.0519891 -0.543662
 0.205338 0.0466776 -0.534741
0.0842109 0.0175978 -0.531604
  0.08381 0.0176164  -0.53158
0.0838223 0.0174249 -0.531577
0.0845439  0.021043 -0.527244
 0.106786 0.0266702 -0.557667
 0.204098 0.0524351 -0.543325
 0.162594 0.0538038 -0.541251
 0.190107 0.0330831 -0.524553
0.0840667 0.0186281  -0.53352
0.0840322 0.0190083 -0.533826
0.0842475 0.0170553 -0.531626
0.0842514   0.01713 -0.531414
0.0840896 0.0193582 -0.532277
0.0836888 0.0193769 -0.532253
   0.0837 0.0192291  -0.53215
0.0840648 0.0193433 -0.532737
 0.083664  0.019362 -0.532713
0.0845262 0.0204849 -0.527206
0.0841263 0.0205035 -0.527183
0.0842832 0.0161939 -0.533266
0.0842912  0.016147 -0.533094
0.0846018 0.0251782 -0.528896
0.0842242 0.0254978  -0.52892
0.0842009 0.0251969 -0.528873
0.0835958 0.0205806 -0.533266
0.0844984 0.0206516 -0.527486
0.0845373 0.0210016 -0.527255
0.0841374 0.0210203 -0.527232
 0.193248  0.042963 -0.530857
  0.15235 0.0489068 -0.531266
 0.185052 0.0395516 -0.526948
 0.176926 0.0478355 -0.532838
 0.204005 0.0467159 -0.534634
 0.193331 0.0430427 -0.530799
 0.163041 0.0408058 -0.524173
 0.152429 0.0489058   -0.5313
 0.180464  0.040057 -0.526454
0.0843661 0.0159852 -0.530828
0.0843512 0.0160947 -0.530963
0.0839632 0.0160039 -0.530805
 0.172703 0.0406284 -0.525578
0.0836501  0.018905 -0.533489
 0.150291 0.0497847 -0.532407
  0.16181 0.0410188 -0.524196
 0.160953 0.0414936  -0.52448
 0.084523 0.0223094 -0.527866
 0.157545 0.0451465 -0.527941
0.0854504 0.0249373 -0.523854
0.0850921 0.0250248 -0.523656
0.0840995 0.0206702 -0.527463
0.0839707 0.0174783 -0.528982
 0.157087 0.0454459 -0.527374
 0.152403  0.048912 -0.531302
 0.157692  0.045182 -0.527761
 0.152088 0.0490634  -0.53063
 0.147505 0.0507799 -0.533675
 0.152322 0.0488492 -0.531284
 0.143643 0.0518474 -0.534994
 0.143612 0.0518491 -0.535002
 0.138264 0.0528596 -0.536084
0.0843247  0.024068 -0.530339
0.0842232 0.0174063 -0.531601
  0.13075 0.0535176  -0.53629
 0.085067 0.0243641 -0.525447
0.0851232 0.0244519 -0.525193
0.0847204 0.0244707 -0.525169
0.0857473 0.0255844 -0.522985
0.0853825 0.0256324 -0.522797
0.0853404 0.0256034 -0.522961
  0.13073 0.0534802 -0.536292
0.0842409 0.0203532 -0.529968
0.0842498 0.0205601 -0.529879
0.0838411 0.0203718 -0.529944
0.0846951 0.0259005 -0.528786
 0.120455 0.0530615 -0.534092
0.0844433 0.0242695 -0.529489
 0.117277 0.0557081 -0.538717
 0.120454 0.0530565 -0.534096
 0.117428 0.0533897 -0.534251
 0.114853 0.0518266 -0.531632
 0.110657 0.0501843 -0.529021
 0.120537 0.0534265 -0.533611
0.0854413 0.0251826 -0.524082
0.0850364 0.0252014 -0.524059
 0.120667  0.053203 -0.533464
 0.120452 0.0530519 -0.534097
  0.12029 0.0556256 -0.538856
 0.114351 0.0566114 -0.538036
  0.11728 0.0557214 -0.538708
0.0843327 0.0162263  -0.53116
0.0839483 0.0161134 -0.530939
 0.189381 0.0403663 -0.524814
 0.186936  0.041903 -0.525215
 0.186596 0.0407856 -0.525173
0.0847057 0.0231223 -0.526923
0.0843048 0.0231409 -0.526899
0.0843331 0.0232773 -0.526783
  0.18869 0.0377558 -0.526888
 0.187598 0.0387255 -0.527027
  0.18512 0.0395771 -0.526934
0.0843687 0.0159633   -0.5308
0.0844395 0.0153466 -0.530457
 0.185141 0.0395367 -0.526109
 0.180412 0.0400353  -0.52646
0.0840544 0.0199602 -0.527718
0.0843727 0.0170043 -0.529291
 0.180406 0.0400095 -0.526462
 0.163089 0.0409997 -0.523978
 0.163176 0.0408735 -0.523416
 0.161774 0.0409142 -0.524233
 0.160589 0.0418654 -0.524876
 0.161137 0.0413602  -0.52444
  0.16018 0.0420841 -0.524296
 0.160144 0.0420673 -0.524289
0.0842382 0.0173391 -0.531378
0.0842505 0.0171425 -0.531405
0.0838487 0.0171612 -0.531381
0.0842826 0.0186748 -0.529672
0.0838827 0.0186934 -0.529648
0.0838787 0.0185289 -0.529757
0.0850714 0.0234227   -0.5248
0.0842467  0.018664  -0.53017
0.0848152 0.0219444 -0.525564
0.0841622 0.0179615 -0.532172
 0.084167 0.0180292 -0.531974
0.0837613 0.0179801 -0.532148
0.0840577 0.0182971 -0.534652
0.0840403 0.0184701 -0.534795
0.0836548 0.0183158 -0.534628
0.0847364 0.0234389  -0.52689
0.0843355 0.0234575 -0.526867
 0.108102 0.0420688 -0.547499
0.0843561  0.020108 -0.528723
 0.224127 0.0322266 -0.557281
 0.222097 0.0249554 -0.546485
 0.224411  0.025534 -0.547183
 0.224131 0.0321945 -0.557302
 0.224957 0.0258048  -0.54725
0.0842863 0.0184549 -0.530133
 0.220275 0.0234428 -0.546604
0.0844066 0.0156144 -0.530631
0.0844362 0.0153067 -0.530635
0.0843182 0.0174574 -0.529791
0.0842949 0.0178538 -0.529869
0.0843044  0.017596 -0.529896
 0.218977 0.0293113 -0.559067
 0.219456 0.0214732 -0.547548
 0.219455 0.0214744  -0.54755
 0.219855 0.0199127 -0.548917
 0.216379 0.0148205 -0.551545
 0.219454 0.0214767 -0.547553
 0.219878 0.0196524 -0.549174
0.0841684 0.0190336 -0.531144
0.0844763  0.020455 -0.527637
 0.202707 0.0283453 -0.533838
 0.224819 0.0257663  -0.54734
 0.203698 0.0181704 -0.540509
  0.19033 0.0332284 -0.526407
 0.189584 0.0363291 -0.526681
 0.232242  0.037039 -0.543761
 0.232078 0.0388668 -0.547395
  0.22863 0.0312414 -0.545477
   0.2323 0.0367622 -0.543882
  0.23163 0.0410751 -0.551628
 0.224946 0.0258163  -0.54724
0.0846269 0.0266297 -0.529786
0.0842493 0.0268425 -0.529759
0.0846486 0.0240183 -0.527833
 0.224668 0.0324033 -0.557179
 0.201723 0.0128914 -0.543787
 0.203686 0.0181673 -0.540503
 0.084321 0.0176494 -0.529606
0.0843089 0.0178639 -0.529656
0.0839583 0.0205817 -0.533599
 0.083971 0.0207875 -0.533649
0.0848872 0.0273154 -0.528718
0.0844956 0.0272332 -0.528543
 0.189141 0.0139081 -0.532171
 0.189618 0.0198429 -0.528876
 0.189953 0.0245387 -0.527207
0.0849642 0.0225321 -0.524913
0.0843207 0.0200017 -0.529086
0.0843151 0.0201927 -0.529144
0.0840907 0.0181126 -0.533896
 0.084088 0.0180934 -0.534062
0.0836852 0.0181122 -0.534038
0.0846972 0.0239996 -0.527487
0.0849672 0.0248385 -0.526172
0.0841281  0.019254 -0.531678
 0.187537 0.0386969  -0.52706
 0.189604 0.0362486 -0.526698
 0.185508 0.0396021 -0.526229
 0.185361 0.0395174 -0.526986
  0.18897 0.0120055 -0.533628
0.0846167 0.0241731 -0.525553
 0.188756 0.0117431 -0.533303
   0.1889 0.0136974  -0.53182
 0.189409  0.019682 -0.528483
 0.188934 0.0136907 -0.531815
 0.189115 0.0139206 -0.532189
 0.189731 0.0244389  -0.52678
  0.19035  0.031041 -0.526375
0.0840765 0.0204736 -0.527613
 0.190112 0.0346735 -0.526525
 0.084351 0.0156735 -0.532641
 0.227683 0.0122586 -0.559856
 0.225784 0.0155692 -0.555676
 0.223979 0.0188149 -0.551871
0.0845163 0.0218682 -0.527904
 0.227426 0.0153191 -0.563809
0.0851232 0.0244519 -0.525193
0.0847612 0.0245671 -0.525013
 0.084224 0.0183661 -0.530644
  0.22712 0.0179789 -0.566808
   0.2237 0.0253938 -0.561797
  0.22388 0.0189218 -0.551664
0.0839501 0.0214085 -0.533813
0.0839721 0.0211234 -0.533521
 0.083963 0.0214558 -0.533598
0.0843075 0.0199319  -0.52922
0.0839076 0.0199505 -0.529197
0.0845603  0.021464 -0.527229
0.0841833 0.0213186  -0.52696
0.0841604 0.0214826 -0.527206
   0.181946 0.000256159   -0.552989
   0.180989 0.000183856   -0.552954
0.0840424  0.019906  -0.53278
0.0840308 0.0203394 -0.532774
   0.183365 0.000463879   -0.552725
 0.185183 0.0010448 -0.551471
  0.187279 0.00279686  -0.547838
 0.186292 0.0017256 -0.549983
0.0855544  0.025299 -0.523633
0.0851486 0.0253179 -0.523609
  0.187902 0.00404642  -0.545248
0.0843191 0.0159802 -0.532488
 0.084238 0.0167417  -0.53273
0.0840735 0.0193948 -0.532528
 0.221312 0.0189687 -0.550433
0.0842788 0.0175624 -0.530354
  0.08427 0.0175583 -0.530502
0.0856793 0.0252202 -0.523001
 0.223504 0.0189656 -0.551517
  0.22322 0.0256554 -0.561611
 0.224014 0.0188417 -0.551857
 0.223729  0.025415 -0.561784
0.0840617 0.0196951 -0.532557
0.0836619 0.0197137 -0.532533
0.0838534 0.0184384 -0.530148
    0.182053 -0.000510116    -0.552603
   0.181971 0.000258668   -0.552985
0.0837757 0.0231929 -0.531289
 0.185179 0.0010629 -0.551452
0.0842631 0.0165561 -0.532397
0.0841793 0.0241569 -0.531703
0.0842021   0.02436 -0.531595
0.0838022 0.0243786 -0.531572
0.0838591  0.017025 -0.531368
0.0838342 0.0246236  -0.53141
0.0838454  0.016748  -0.53237
0.0844729 0.0247559 -0.526802
  0.188554 0.00822695  -0.537781
0.0848626 0.0220146 -0.525293
0.0839856 0.0205672 -0.533464
0.0842457  0.018664  -0.53017
0.0838625 0.0185924 -0.529946
0.0847172 0.0211196 -0.525895
0.0843434  0.021315 -0.525755
0.0843173 0.0211382 -0.525872
  0.188163 0.00667561  -0.539356
  0.188659 0.00902157  -0.536789
  0.188417 0.00702934  -0.539604
  0.187807 0.00433127  -0.543548
  0.188062 0.00474989  -0.543776
 0.188425 0.0087012 -0.536511
 0.085164 0.0245484 -0.525036
0.0841168 0.0178729 -0.533621
 0.084951 0.0227293 -0.525105
0.0849888  0.022898  -0.52497
 0.084587 0.0229167 -0.524947
0.0846651 0.0210038 -0.526245
0.0842906 0.0210561 -0.526039
0.0842652 0.0210224 -0.526221
0.0838241 0.0183847  -0.53062
0.0848924 0.0224562 -0.525322
0.0849237 0.0226228 -0.525212
0.0845228 0.0226414 -0.525189
0.0850855  0.023827 -0.524982
0.0846826 0.0238458 -0.524959
 0.084317 0.0240517 -0.527343
0.0844387 0.0149657 -0.533537
0.0857119 0.0255578 -0.523121
0.0837815 0.0177597 -0.532007
0.0840547 0.0192472  -0.53302
    0.154744 -0.000547147    -0.552328
    0.155836 -0.000305764    -0.551737
    0.155256 -2.64686e-05    -0.552409
    0.154741 -0.000580706    -0.552344
0.0845024 0.0225373 -0.528123
    0.156545 -0.000410801     -0.55125
   0.176979 7.70511e-05   -0.552875
   0.157932 -0.00128728   -0.550962
   0.157943 -0.00128054   -0.551016
 0.084295 0.0162265 -0.532446
0.0839135 0.0160207  -0.53246
   0.176987 9.57513e-05   -0.552863
    0.181018 -0.000593743    -0.552555
    0.18099 0.000180315   -0.552956
 0.086915 0.0220569 -0.546803
0.0867633 0.0291869 -0.542059
0.0875258 0.0199593 -0.528184
0.0900755 0.0209308 -0.514324
0.0878876 0.0277723 -0.556406
0.0868832 0.0219685 -0.546865
0.0874746 0.0353001 -0.551405
0.0876505 0.0343158 -0.538693
0.0884412 0.0370983 -0.536883
 0.0889134 0.00661623  -0.523762
0.0894086 0.0107145 -0.514427
0.0899101 0.0157135  -0.51291
  0.089769 0.00872925  -0.537167
 0.0891721 0.00758391  -0.529614
0.0845501  0.022748 -0.525081
0.0891935 0.0072845 -0.518568
 0.228086 0.0336913 -0.556422
  0.08989 0.0151672 -0.551511
 0.0893573 0.00798143  -0.537402
  0.089756 0.00874003  -0.537244
 0.0891889 0.00670917  -0.523671
 0.0902518 0.00882298  -0.539531
0.0837341 0.0176762 -0.533511
 0.0911044 0.00842911  -0.541734
 0.0898815 0.00871457  -0.537254
0.0912042 0.0083951 -0.541817
 0.0924505 0.00761032   -0.54377
0.0956657 0.0101509  -0.55508
 0.0943794 0.00647938  -0.545524
 0.084155 0.0236809 -0.531721
 0.0942751 0.00654522  -0.545423
 0.0969257 0.00520121  -0.546929
 0.084454 0.0199397 -0.527744
  0.100207 0.00392351  -0.548087
0.0839748 0.0159019 -0.530732
  0.102229 0.00753681  -0.557063
0.0842458 0.0166544 -0.532734
0.0838429 0.0166732  -0.53271
0.0838583 0.0165026 -0.532722
 0.084846 0.0221722 -0.525476
0.0848924 0.0224562 -0.525322
0.0844915 0.0224748 -0.525298
0.0840529 0.0182193 -0.535455
  0.101664 0.00401403  -0.549548
  0.101142 0.00386406  -0.548804
  0.100407 0.00390014  -0.548216
  0.101254 0.00389917  -0.548883
  0.101819 0.00335745  -0.549713
  0.100428 0.00320939  -0.547977
0.0840148 0.0205218 -0.532984
  0.103909 0.00508357  -0.553389
  0.107882 0.00625824  -0.558112
  0.108071 0.00587142  -0.558044
  0.101958 0.00344701  -0.549572
  0.107862 0.00627093  -0.558096
 0.084384 0.0162486 -0.529915
 0.103729 0.0106878 -0.562172
 0.0996595 0.00829855  -0.556467
  0.107939 0.00624765  -0.558094
0.0837804 0.0241755  -0.53168
 0.103685 0.0139411 -0.566016
0.0845696 0.0233552  -0.52802
0.0845735 0.0235774 -0.528112
0.0841688 0.0233739 -0.527996
0.0838208 0.0186283 -0.530529
0.0946022 0.0177526 -0.563234
0.0923172 0.0125137 -0.553374
0.0907344 0.0215224 -0.560628
0.0889448 0.0168052  -0.55038
0.0889467 0.0104096 -0.513892
0.0894963 0.0157381 -0.512209
0.0889379 0.0104073 -0.513919
 0.0887202 0.00669606  -0.518274
 0.0891525 0.00666486  -0.523674
0.0846642 0.0243828 -0.525424
 0.0886316 0.00607934  -0.523764
 0.106187  0.012144 -0.564878
 0.105662 0.0135173 -0.566353
 0.107388   0.01211 -0.567334
 0.108607 0.0129826  -0.56679
 0.104755 0.0130072 -0.566665
0.104792 0.026763 -0.55755
 0.106188 0.0121105   -0.5649
 0.105654 0.0134787 -0.566377
 0.106182 0.0121203 -0.564892
 0.111127  0.011376 -0.565525
 0.111591 0.0125947 -0.567131
 0.110386 0.0116772 -0.567705
0.0843174 0.0160019 -0.532484
0.0838091 0.0234539 -0.531065
0.0844121 0.0160049 -0.528838
 0.084465 0.0158105 -0.528994
0.0881653 0.0396456 -0.548544
0.0874746 0.0353009 -0.551404
0.0890084 0.0426825 -0.546555
   0.11667 0.00869312  -0.563084
  0.107952 0.00617002  -0.558122
0.0846303 0.0222852 -0.527031
 0.113576 0.0124026 -0.567315
 0.114811 0.0251944 -0.556471
  0.113659 0.00923607  -0.563415
 0.113577 0.0124087  -0.56731
 0.084234  0.024605 -0.531434
 0.117425 0.0533154 -0.534307
 0.103782 0.0108162  -0.56209
  0.108508 0.00985181  -0.562862
 0.110553 0.0314689 -0.548593
 0.112208 0.0531679 -0.534258
 0.103699 0.0139764 -0.565993
 0.103782 0.0108121 -0.562093
 0.107356 0.0526324 -0.534477
 0.107206 0.0550176 -0.538892
 0.103699 0.0139722 -0.565996
 0.102408 0.0143314 -0.565722
0.0985941 0.0186471 -0.562754
0.0960729 0.0169561 -0.563804
 0.103001 0.0139105 -0.566027
0.0840759 0.0146918 -0.533573
0.0988984 0.0526364 -0.540236
0.0930966 0.0190325 -0.562344
0.0993941 0.0456079 -0.544908
0.0975449 0.0239665 -0.559199
0.0954144 0.0506676 -0.541443
0.0926952 0.0483239  -0.54292
0.0896396 0.0438473 -0.545801
0.0949306 0.0382403 -0.523438
0.0946379 0.0450634 -0.531868
0.0957236 0.0400877 -0.524781
0.0842672 0.0183954 -0.529984
0.0947676 0.0449515 -0.531945
0.0904224 0.0405562 -0.534667
0.0948156 0.0452271 -0.532368
0.0979896 0.0453385 -0.532948
0.0947551 0.0448474 -0.531785
 0.100831 0.0443365 -0.531798
 0.084828 0.0214608 -0.525255
0.0844417 0.0217401 -0.525257
 0.101424  0.040951 -0.526748
0.0957128 0.0401234 -0.524756
 0.102162 0.0426375 -0.529397
0.0970938 0.0400999  -0.52327
0.0989294 0.0417628 -0.523708
0.0989295 0.0399785 -0.524952
 0.101132 0.0421096  -0.52267
 0.101324 0.0436291 -0.524388
 0.102387 0.0427125 -0.522734
 0.102443 0.0455408   -0.5261
 0.103293 0.0435175 -0.523281
 0.102078 0.0471547 -0.528238
0.0836888 0.0181313 -0.533873
 0.100365 0.0479226 -0.530204
 0.100253  0.048172 -0.530045
0.0840858 0.0180554  -0.53424
0.0836839 0.0180741 -0.534216
0.0974881 0.0520661 -0.540575
 0.100342 0.0480651 -0.530111
0.0974198    0.0471 -0.531859
 0.106033 0.0465858  -0.52594
 0.110542 0.0501219 -0.529126
  0.11062 0.0501259 -0.529107
 0.107202 0.0550365 -0.538878
0.0845428 0.0245485 -0.528906
0.0841636 0.0247602 -0.528854
 0.084143 0.0245671 -0.528883
0.110568 0.050141 -0.52912
0.0838707 0.0198039 -0.529606
 0.102516 0.0428034  -0.52205
  0.10239 0.0427301 -0.522728
 0.110921 0.0502477 -0.528508
  0.10356 0.0436883 -0.522855
 0.103591 0.0437257 -0.522781
 0.101172 0.0419849 -0.522699
0.0845048 0.0202822  -0.52734
0.0843365 0.0180157 -0.529207
0.0839356 0.0180344 -0.529183
0.0932726 0.0360201 -0.523206
0.0844451 0.0159023 -0.529234
0.0844081 0.0161411 -0.529591
0.0840072 0.0161597 -0.529567
0.0972033 0.0400788 -0.523269
0.0932948 0.0359562 -0.523188
0.0917887 0.0322808 -0.521663
0.0840813  0.018048 -0.534463
0.0914489 0.0327808 -0.521033
0.0899226 0.0211094 -0.513844
0.0918241 0.0322682 -0.521732
0.0913818  0.032777 -0.521183
0.0918011 0.0323064 -0.521676
0.0908488 0.0268192 -0.518172
0.0899517   0.02077 -0.514411
0.0840432  0.015921 -0.529211
0.0843665 0.0160933 -0.530565
0.0899351 0.0211432 -0.513796
0.0903576 0.0207676 -0.514361
0.0853114 0.0246845 -0.524361
 0.109232 0.0552961 -0.538764
 0.109798 0.0544038 -0.536971
0.0849888  0.022898  -0.52497
0.0846174 0.0230755 -0.524861
 0.109805 0.0544386 -0.536948
 0.114832  0.054732 -0.536895
0.0845744 0.0227055 -0.527647
0.0845372 0.0224294 -0.527806
0.0841745 0.0227241 -0.527624
 0.109798 0.0544169  -0.53696
 0.109232 0.0552952 -0.538765
 0.115271 0.0557104 -0.538656
 0.110032 0.0562508 -0.538154
 0.112247 0.0555661  -0.53867
 0.107206 0.0550143 -0.538894
0.0843585 0.0238815 -0.529958
 0.115273 0.0556886 -0.538674
0.0850944 0.0237844 -0.524918
 0.115273 0.0556902 -0.538673
 0.084461 0.0203515 -0.527746
0.0840622   0.02037 -0.527723
 0.106053 0.0548156 -0.538993
0.0845512 0.0214869 -0.527284
0.0841727  0.023596 -0.528089
0.0842995 0.0240537 -0.530551
0.0839259 0.0240865 -0.530315
 0.117276 0.0557006 -0.538722
0.0845456 0.0229301 -0.527973
 0.101394 0.0508624 -0.541482
 0.106034 0.0548089 -0.538997
0.0846905 0.0210375 -0.526063
 0.107702 0.0558782 -0.538316
0.0844466 0.0155815 -0.529722
 0.110662  0.011646 -0.567733
 0.110572 0.0138658  -0.57106
 0.107293 0.0143092 -0.570674
 0.110665 0.0116567 -0.567726
  0.201269 0.00760686  -0.572955
  0.201173 0.00979853    -0.5763
  0.14332 0.0123597 -0.572978
0.0847783 0.0209976 -0.525409
0.0851246 0.0233648 -0.524465
  0.206849 0.00781354  -0.572975
  0.201173 0.00973587  -0.576342
  0.201267 0.00758938  -0.572967
0.0842876 0.0187068 -0.529595
 0.226323 0.0214735 -0.564468
0.0842956 0.0194052 -0.529364
0.0843009 0.0195631 -0.529296
0.0838967 0.0194237  -0.52934
 0.228176 0.0295876 -0.559144
0.0848162 0.0219443 -0.525564
0.0844452 0.0221908 -0.525452
 0.228177 0.0279058 -0.560251
 0.228137 0.0295675 -0.559121
 0.227885 0.0351594 -0.555448
 0.084408 0.0161527 -0.529619
0.0840516 0.0220855  -0.52832
 0.180622 0.0415387 -0.524687
 0.180498 0.0400929 -0.525641
 0.185584 0.0410287 -0.525164
 0.172802 0.0406824 -0.524794
 0.180498 0.0400871 -0.525645
0.0843277 0.0158542 -0.532856
 0.185455 0.0395188 -0.526161
 0.185374 0.0394252  -0.52677
 0.185455 0.0395188 -0.526161
 0.185142 0.0395576 -0.526127
 0.185061 0.0394785 -0.526779
0.0846112 0.0211441 -0.526709
0.0846294 0.0210215 -0.526526
0.0842295 0.0210401 -0.526502
 0.186518 0.0408224 -0.525207
 0.185584 0.0410237 -0.525167
 0.185455 0.0395188 -0.526161
 0.187514 0.0387095 -0.526205
0.0844501 0.0243944   -0.5267
 0.185709 0.0421281 -0.525131
 0.180738 0.0426163 -0.524563
 0.185584 0.0410283 -0.525162
  0.17348 0.0420552 -0.523937
0.0845832    0.0213 -0.526984
 0.180645 0.0418548 -0.524708
0.0839741  0.020133 -0.533964
 0.084075 0.0146769 -0.532795
   0.181963 0.000306669   -0.552953
    0.181019 -0.000585916    -0.552616
    0.182035 -0.000519861      -0.5526
    0.183339 -0.000288852    -0.552287
    0.182034 -0.000514489    -0.552597
   0.181899 -0.00219387   -0.553588
   0.181898 -0.00212016   -0.553658
    0.182031 -0.000528546    -0.552606
    0.177011 -0.000717772    -0.552591
   0.180986 0.000225256   -0.552925
0.0842786 0.0185103  -0.52978
   0.176883 -0.00222185   -0.553584
   0.167997 -0.00237706   -0.553122
    0.177011 -0.000714443    -0.552589
    0.168525 -0.000932052    -0.552207
0.0851468 0.0238299 -0.524642
    0.177012 -0.000727066    -0.552588
0.0844271 0.0162762 -0.529087
0.0846833 0.0262514 -0.529126
0.0846968 0.0264811 -0.529214
0.0842949 0.0264998 -0.529191
 0.083832 0.0172727 -0.531582
   0.181904 -0.00259013   -0.554669
   0.182581 -0.00212687   -0.553572
   0.181899 -0.00210749    -0.55367
 0.188571 0.0394888 -0.525031
 0.188557 0.0376918 -0.526095
0.0841675 0.0181476 -0.531822
 0.187781 0.0385502 -0.526189
 0.189351 0.0383303 -0.524866
 0.189385 0.0362181 -0.525961
 0.189812 0.0349503 -0.525874
 0.190003 0.0363402 -0.524651
 0.189946 0.0341899 -0.525853
0.0856502 0.0252178 -0.523134
0.0841745 0.0227241 -0.527624
 0.190262 0.0330569 -0.524579
 0.190091 0.0310551 -0.525901
 0.189897 0.0257325 -0.524978
0.0842113 0.0211627 -0.526685
 0.085073 0.0229405 -0.524494
0.0847329 0.0232587 -0.526806
 0.084573 0.0237064 -0.528189
0.0845611 0.0238002 -0.528329
0.0841721 0.0237251 -0.528165
0.0848426 0.0217214  -0.52528
0.0835858 0.0205858 -0.533441
 0.189905 0.0365719 -0.524592
 0.190194 0.0330564 -0.524556
  0.187615 0.00207723  -0.545036
   0.18705 0.00221034  -0.547457
  0.188082 0.00496025  -0.539374
0.0842261 0.0266483 -0.529762
   0.18778 0.00348799  -0.546192
  0.187148 0.00237935  -0.547144
  0.187876 0.00432181  -0.543551
  0.186754 -0.0001076  -0.549137
0.0845323 0.0215845 -0.527494
  0.188081 0.00473998  -0.543775
0.0847532 0.0266048 -0.528951
   0.185209 0.000417643   -0.550775
   0.185321 0.000485349   -0.550778
0.0844083 0.0267785 -0.528696
   0.185703 -0.00115627   -0.551276
  0.186615 0.00210406  -0.549348
   0.183629 -0.00199491   -0.553267
   0.184704 -0.00170182     -0.5525
0.0843508 0.0194174 -0.528743
0.0843279 0.0192822 -0.529009
 0.083952  0.019436 -0.528719
   0.182586 -0.00209098   -0.553601
0.0842742 0.0176378 -0.530357
    0.186554 -0.000341574    -0.549623
   0.187262 0.000740537   -0.547615
0.0840642 0.0243083 -0.529317
0.0847417 0.0234683 -0.526875
 0.190044 0.0310561 -0.525913
0.189028 0.013556 -0.53011
0.0842472 0.0232203 -0.527344
 0.188794  0.010956 -0.532036
0.0838997 0.0240723 -0.530527
  0.188077 0.00494956  -0.539376
  0.187403 0.00202717  -0.545004
  0.188634 0.00818128   -0.53255
 0.188969  0.012876 -0.530584
 0.189468 0.0171611 -0.528078
 0.189426 0.0172493 -0.526287
 0.189994 0.0258467 -0.524969
 0.163166 0.0408795 -0.523411
 0.180504 0.0405069 -0.525876
 0.163282 0.0422405 -0.522512
 0.161426 0.0411984 -0.523489
 0.161254 0.0411688 -0.523465
0.0837596  0.018911  -0.53133
0.0849909 0.0244854 -0.526121
 0.161415 0.0425832 -0.522637
  0.157808 -0.0026724  -0.551882
   0.157926 -0.00129234    -0.55097
   0.155866 -0.00249104   -0.552103
   0.156092 -0.00115002   -0.551189
0.0839595 0.0201903 -0.534223
    0.15469 -0.00189564    -0.55324
    0.154801 -0.000593828    -0.552381
  0.151376 0.00148222  -0.557063
   0.155861 -0.00113687   -0.551133
0.0844322 0.0167048 -0.528624
0.0849752 0.0250922  -0.52428
 0.083928 0.0193008 -0.528985
  0.151247 0.00017313  -0.557933
  0.151294 0.00152258  -0.557137
   0.14758 0.00181496  -0.561223
  0.147167 0.00336028  -0.560776
0.0844915 0.0224748 -0.525298
  0.14273 0.0042043 -0.563772
  0.139105 0.00676819  -0.564198
  0.136055 0.00635652  -0.565642
  0.128969 0.00874088  -0.565446
  0.133641 0.00809631  -0.565184
  0.126608 0.00759872  -0.566049
   0.11445 0.00643146  -0.563163
  0.113594 0.00737065  -0.561797
0.0844153  0.021963 -0.525541
0.0843706 0.0174597 -0.529006
  0.112253 0.00694646  -0.560959
0.0840385 0.0183832 -0.535284
0.0836453 0.0182671 -0.535399
0.0836357  0.018402  -0.53526
0.0845635 0.0247416 -0.528878
  0.107434 0.00420849  -0.558343
 0.108149 0.0056203 -0.558069
  0.104183 0.00447448  -0.553393
  0.101828 0.00221538   -0.55039
  0.101932 0.00344061  -0.549581
0.0839298 0.0162451 -0.531136
0.0844039 0.0168025 -0.528959
 0.085436 0.0244674 -0.523574
   0.10432 0.00331875  -0.554563
 0.107829 0.0043216 -0.558673
 0.112641 0.0058665 -0.562037
0.0848015 0.0211525 -0.525307
0.0844017 0.0211711 -0.525283
0.0843313 0.0162368 -0.531174
  0.147796 0.00168977  -0.561051
  0.147337 0.00197297  -0.561417
 0.085875  0.025341 -0.522243
0.0845788 0.0248844 -0.528867
0.0846018 0.0251782 -0.528896
0.0838509 0.0205787 -0.529855
 0.131374 0.0548789 -0.534863
 0.120658 0.0532198 -0.533472
 0.131463 0.0536539 -0.535677
 0.117081 0.0538513 -0.531277
 0.115077 0.0520011 -0.531025
 0.142986 0.0535469 -0.533891
 0.142351  0.052292 -0.534652
 0.152109 0.0491004 -0.530643
0.0858828 0.0256099 -0.522425
0.0854739  0.025629 -0.522401
 0.156654 0.0472429 -0.526929
 0.157216 0.0453743 -0.527283
0.0841475  0.019419 -0.531308
0.0837477 0.0194376 -0.531285
 0.152841 0.0500475 -0.529447
0.0837914 0.0193563 -0.530683
 0.084208 0.0235104 -0.531148
 0.084178  0.024903 -0.528843
 0.160325 0.0434048 -0.523436
   0.182726 -0.00255244   -0.554595
 0.160213 0.0421041 -0.524296
0.0842737 0.0240212 -0.530759
0.0838748 0.0240397 -0.530735
 0.152611 0.0501577 -0.529579
 0.152992 0.0499202 -0.529257
0.0846869 0.0206616 -0.525962
  0.14078 0.0538483 -0.534219
 0.147669 0.0521293  -0.53212
0.0849095 0.0229324 -0.525475
 0.115886  0.053435 -0.530566
 0.120949 0.0544421 -0.532632
 0.110878 0.0503062  -0.52853
 0.110507 0.0512424 -0.527374
 0.110702 0.0513678 -0.527544
0.0841602 0.0238189 -0.528306
 0.106345 0.0467826 -0.525393
 0.110321 0.0511012 -0.527185
 0.110701 0.0513723  -0.52754
 0.106407 0.0479857 -0.524533
0.0840729 0.0181305 -0.534553
 0.083671 0.0181492 -0.534529
0.0842565  0.024712 -0.531291
 0.103589 0.0437214 -0.522776
 0.103694 0.0449526 -0.521963
0.0850996 0.0252806 -0.523815
 0.101241  0.043022 -0.521342
 0.101337  0.042179 -0.521668
 0.103583 0.0437452 -0.522773
0.0836384 0.0184888 -0.534772
0.0840041 0.0168211 -0.528936
0.0839814 0.0163158  -0.52984
0.0839863 0.0171865  -0.52893
 0.110686 0.0505536  -0.52869
 0.0943642 0.00418456  -0.546964
  0.096211 0.00331711  -0.547647
 0.0993921 0.00316944  -0.547835
0.0961824 0.0032207 -0.547614
 0.0993911 0.00316915  -0.547835
0.0961585 0.0033112  -0.54765
 0.0992956 0.00205129  -0.548573
0.0836829 0.0197863 -0.532148
 0.0993949 0.00315101  -0.547806
0.100395 0.003219 -0.54804
 0.102022 0.0021044 -0.550274
  0.100768 0.00189983  -0.549205
0.0854969 0.0250059  -0.52368
0.0994111 0.0034083  -0.54765
  0.100401 0.00320303  -0.548016
 0.0898034 0.00808933  -0.539601
  0.087333 0.00812142  -0.537285
 0.0878175 0.00816119  -0.539731
 0.0893165 0.00802913  -0.537402
 0.0868986 0.00715895  -0.530608
0.0859135 0.0255533  -0.52225
 0.0906863 0.00768191  -0.541722
 0.0887665 0.00761978  -0.542089
 0.0920785 0.00686127  -0.543688
 0.0903376 0.00655313  -0.544263
0.0940663 0.0057406 -0.545387
 0.0923637 0.00527541  -0.545918
 0.0966782 0.00448509  -0.546751
 0.0994098 0.00341895  -0.547664
 0.0996402 0.00417058  -0.547819
 0.0996508 0.00418496  -0.547785
  0.100376 0.00321649  -0.548081
0.0970898 0.0051426 -0.546974
  0.091271 0.00724403  -0.542464
 0.0893118 0.00801762  -0.537404
 0.0886727 0.00693075  -0.529728
 0.0869378 0.00612856  -0.523652
 0.0886399 0.00604919  -0.523752
 0.0886901 0.00675198  -0.518335
0.0844191 0.0165339  -0.52929
 0.0870826 0.00688212  -0.518114
0.0838116 0.0171427  -0.53237
0.0873586 0.0105001 -0.513837
0.0889262 0.0104272  -0.51393
0.0878482 0.0158417 -0.512197
0.0894561 0.0157567 -0.512293
0.0840481 0.0182483 -0.535423
 0.088227  0.021216 -0.513689
0.0899292 0.0211368 -0.513789
0.0886101 0.0271891 -0.517381
0.0904454 0.0272446 -0.517576
0.0837661 0.0180478  -0.53195
0.0837467 0.0194377 -0.531285
0.0842633 0.0185738  -0.52997
0.0838734 0.0201544 -0.529582
0.0844385 0.0168875 -0.528405
0.0894482  0.032875 -0.520939
0.0914316 0.0327827 -0.521056
0.0848673 0.0229861 -0.525774
0.0900318 0.0348306 -0.521906
0.0929414 0.0363586 -0.522491
0.0906086 0.0363869 -0.521974
0.0889616 0.0330382 -0.520816
0.0910425 0.0368826 -0.522438
0.0946408 0.0385039 -0.522694
0.0940779 0.0403183  -0.52238
0.0968549  0.040301 -0.522514
0.0924754 0.0388105 -0.522551
0.0970651 0.0421608 -0.521828
 0.100975 0.0422369 -0.521927
0.0996154 0.0431581 -0.521338
 0.101091 0.0430972 -0.521437
0.0845662 0.0207589 -0.526947
 0.101149 0.0420438 -0.522685
 0.101132 0.0436533 -0.521053
0.0995996 0.0431605 -0.521336
 0.101084 0.0430906 -0.521424
 0.103825 0.0448803 -0.521846
0.0839011 0.0195817 -0.529272
  0.10371   0.04368 -0.522658
0.0840308 0.0184984 -0.535183
0.0991681 0.0444899 -0.521454
0.0996137 0.0431663 -0.521339
 0.100761 0.0449737 -0.521192
0.0841399 0.0177799 -0.533087
0.0854504 0.0249373 -0.523854
  0.101977 0.00340306  -0.549559
0.0841373 0.0224481 -0.527782
  0.100471 0.00394396  -0.548127
0.0839719  0.017023 -0.529267
 0.221791 0.0251092 -0.546564
F
 10  14 510
10 16 14
 10  36 830
10 50 36
 10 509  50
 10 510 509
 10 825  16
 10 830 825
 14  15 510
14 16 15
15 16 20
 15  19 511
15 20 19
 15 511 510
 16 825  20
19 20 23
 19  22 495
19 23 22
 19 495 511
 20 823  23
 20 825 823
 22  23 672
 22  25 495
22 53 25
 22 672 939
 22 939  53
 23 823 939
 23 939 672
 25  53 669
 25 497 495
 25 669 673
 25 673 497
 36  50 830
 40  41 853
 40  45 508
 40 507  41
 40 508 507
 40 853  45
 41 507 869
 41 869 853
44 45 48
 44  48 508
 44 508  45
 45 843  48
 45 853 860
 45 860 843
47 48 50
 47  50 509
 47 508  48
 47 509 508
 48 830  50
 48 843 830
 53 939 669
 98 104 446
 98 143 104
  98  373 1378
 98 446 373
  98 1378  143
104 106 442
104 143 160
104 160 162
104 162 106
104 442 446
106 162 442
111 200 202
111 202 456
111 357 200
111 408 357
111 456 408
113 167 450
113 408 446
113 446 714
113 450 408
 113  714 2147
 113 1455 1650
 113 1650  167
 113 2147 1455
143 240 160
 143  514 1448
 143 1378 1449
 143 1448  240
 143 1449  514
151 725 726
 151  726 1277
 151  803 2008
 151 1277  803
 151 1454 2147
 151 2006 2117
 151 2008 2006
 151 2117 1454
 151 2147  725
 160  240 1456
 160 1245  162
 160 1456 1245
 162  167 2008
162 998 442
 162 1245 1414
 162 1414  167
 162 2008  998
167 229 450
 167 1414  229
 167 1454 2117
 167 1455 1454
 167 1650 1455
 167 2006 2008
 167 2117 2006
 200  229 1259
200 357 229
 200 1259  202
 202  524 1336
 202 1259 1331
 202 1331  524
 202 1336  456
229 357 408
229 408 450
 229 1414 1259
 240  514 1466
 240 1448  514
 240 1466 1456
371 373 408
371 408 456
 371  456 1363
 371 1363 1364
 371 1364 1369
 371 1369  373
373 446 408
 373 1369 1378
 442  998 1629
 442 1514  446
 442 1629 1514
446 725 714
446 726 725
446 797 726
 446 1252 1442
 446 1442 1525
 446 1514 1629
 446 1524  797
 446 1525 2278
 446 1629 1252
 446 2278 1524
 456  524 1363
 456 1336  524
495 497 513
495 513 511
497 498 514
497 514 513
497 673 914
497 914 498
498 515 514
498 897 515
498 914 929
498 929 897
506 507 523
506 523 772
506 767 507
506 772 767
507 508 525
507 524 523
507 525 524
507 767 869
508 509 525
509 510 526
509 526 525
510 511 527
510 527 526
511 513 528
511 528 527
 513  514 1449
 513 1378  528
 513 1449 1378
 514  515 1466
515 897 959
515 959 988
515 988 991
 515  991 1484
 515 1421 1456
 515 1423 1537
 515 1426 1423
 515 1456 1466
 515 1467 1421
 515 1484 1426
 515 1537 1467
 523  524 1331
 523 1268 1420
 523 1269 1268
 523 1279 1301
 523 1301  772
 523 1331 1269
 523 1406 1279
 523 1420 1422
 523 1422 1406
 524  525 1363
 525  526 1364
 525 1364 1363
 526  527 1369
 526 1369 1364
 527  528 1369
 528 1378 1369
669 890 930
669 930 673
669 938 890
669 939 938
673 895 914
673 930 895
 714  725 2147
 726  797 1277
744 745 748
 744  748 1301
 744 1279 1424
 744 1301 1279
 744 1424  745
745 746 748
745 751 746
745 768 751
 745 1424  768
746 751 776
746 772 748
746 776 772
 748  772 1301
751 757 776
751 767 757
751 768 767
757 767 776
767 768 869
767 772 776
768 777 869
768 824 861
768 861 882
768 868 881
768 881 777
768 882 868
 768 1410  824
 768 1424 1410
777 881 869
 797 1524 2418
 797 2418 2508
 797 2508 1277
 803  804 2008
 803 1277 2508
 803 2508  804
 804  998 2008
 804 1442  998
 804 2278 1442
 804 2418 2278
 804 2508 2418
819 822 823
819 823 824
819 824 822
821 824 830
821 830 894
821 894 824
822 824 893
822 893 939
822 939 823
823 825 824
824 825 830
824 841 889
824 851 885
824 885 861
824 887 851
824 888 893
824 889 887
824 890 938
824 894 841
824 895 930
824 902 895
824 930 890
824 938 888
824 985 902
 824 1410 1415
 824 1415 1423
 824 1423 1426
 824 1426  985
830 841 894
830 843 841
841 843 889
843 851 887
843 853 851
843 860 853
843 887 889
851 853 885
853 861 885
853 869 882
853 882 861
868 869 881
868 882 869
888 938 939
888 939 893
895 902 914
897 902 961
897 914 902
897 929 914
897 960 959
897 961 960
902 985 961
 959  960 1551
 959 1551  988
 960  961 1551
 961  985 1551
 985  988 1551
985 992 988
 985 1426  992
988 992 991
 991  992 1484
 992 1426 1484
 998 1252 1629
 998 1442 1252
1245 1415 1417
1245 1417 1414
1245 1456 1415
1259 1268 1269
1259 1269 1331
1259 1410 1268
1259 1413 1419
1259 1414 1413
1259 1419 1410
1268 1410 1420
1279 1406 1424
1406 1422 1424
1410 1413 1414
1410 1414 1415
1410 1419 1413
1410 1422 1420
1410 1424 1422
1414 1417 1415
1415 1418 1421
1415 1421 1423
1415 1456 1418
1418 1456 1421
1421 1467 1537
1421 1537 1423
1442 2278 1525
1454 1455 2147
1524 2278 2418
