24
l_shoulder_2 
V
 0.154619 0.0219592  0.116226
 0.156027 0.0512874   0.12238
 0.145425 0.0259994  0.110211
 0.137846 0.0338885  0.106049
 0.133034 0.0444271  0.104374
 0.131723 0.0560099  0.105438
 0.134112 0.0668742  0.109083
 0.139837 0.0753646  0.114753
 0.148027 0.0801905  0.121584
 0.157435 0.0806156  0.128535
0.166629 0.076576 0.134551
 0.174208 0.0686859  0.138712
  0.17902 0.0581483  0.140388
 0.180331 0.0465651  0.139322
 0.177942 0.0357014  0.135677
 0.172217 0.0272102  0.130008
 0.164027 0.0223849  0.123178
 0.190504 0.0595297 0.0752177
 0.189097 0.0302011 0.0690627
 0.179904 0.0342414 0.0630483
 0.172324 0.0421312  0.058886
 0.167512 0.0526688 0.0572098
 0.166201 0.0642518  0.058276
  0.16859 0.0751157 0.0619209
 0.174315 0.0836072 0.0675897
 0.182505 0.0884322 0.0744204
 0.191913 0.0888578 0.0813724
 0.201106 0.0848179 0.0873868
 0.208686 0.0769286  0.091549
 0.213498 0.0663898 0.0932246
 0.214809 0.0548068 0.0921599
  0.21242  0.043943 0.0885147
 0.206694 0.0354525 0.0828451
 0.198505 0.0306266 0.0760144
F
 1  3 20
1 4 3
 1 14  4
 1 17 14
 1 19 34
 1 20 19
 1 34 17
 3  4 21
 3 21 20
 4  5 21
4 6 5
 4 14  6
 5  6 22
 5 22 21
 6  7 24
6 8 7
 6 11  8
 6 14 11
 6 23 22
 6 24 23
 7  8 24
 8  9 25
 8 10  9
 8 11 10
 8 25 24
 9 10 26
 9 26 25
10 11 28
10 27 26
10 28 27
11 12 28
11 14 12
12 13 30
12 14 13
12 29 28
12 30 29
13 14 30
14 15 31
14 17 15
14 31 30
15 16 33
15 17 16
15 32 31
15 33 32
16 17 33
17 34 33
19 20 32
19 32 34
20 21 22
20 22 23
20 23 27
20 27 29
20 29 32
23 24 26
23 26 27
24 25 26
27 28 29
29 30 31
29 31 32
32 33 34
