26
l_upper_arm 
V
0.125914 0.199558 0.103679
0.168386  0.13498 0.124339
0.178486 0.127838 0.120727
 0.126041  0.206518 0.0953295
 0.121102  0.205424 0.0998489
0.172395 0.124193 0.126277
0.118153 0.209151 0.092943
0.119503 0.195376 0.104103
0.189435 0.122611 0.105637
  0.19075  0.138327 0.0875678
 0.142045  0.207646 0.0659072
 0.195901  0.125925 0.0908047
 0.117117  0.211586 0.0816156
 0.143214  0.207049 0.0593801
 0.196447  0.127868 0.0834973
 0.135857   0.21048 0.0600774
 0.126642  0.211432 0.0609687
 0.141153  0.203188 0.0540648
 0.193874   0.12469 0.0779594
 0.198241 0.0755491  0.109366
 0.159085 0.0921613   0.12692
 0.184234 0.0702867  0.122484
0.0832783  0.191364 0.0896507
0.150859 0.085737 0.124101
0.167831 0.059041 0.121802
 0.198445 0.0669495 0.0817866
 0.187903 0.0920234 0.0653175
 0.114061  0.193945 0.0324523
 0.192457 0.0611059 0.0760499
0.0680069  0.175761 0.0807278
0.0671478  0.168087  0.079919
  0.15864 0.0484004   0.10772
 0.176489 0.0825714 0.0597062
0.0864761  0.136024 0.0889389
 0.110264   0.18057 0.0253084
 0.184594 0.0551048 0.0737963
 0.124755 0.0805056  0.101446
 0.103054   0.18314 0.0236073
 0.158712 0.0453806 0.0980358
0.0778596  0.169799 0.0488238
 0.120096 0.0796954 0.0927434
 0.168136 0.0461707 0.0805272
0.0999615  0.176027 0.0211885
0.101206 0.166599  0.02144
 0.150586 0.0848093 0.0523592
0.0934728  0.113853 0.0702521
 0.121581 0.0756488 0.0771668
  0.11505 0.0830555 0.0736554
0.0921938  0.118311 0.0603911
 0.129691 0.0864498 0.0532572
 0.120712 0.0833319 0.0624901
 0.104314  0.114028 0.0487237
F
28 23 17
28 17 16
28 38 23
23  7 13
23  5  7
 9 10  3
 9 12 10
12  9 20
 9  3 20
15 12 20
15 20 26
10 12 15
10 14 11
10 15 14
10  4  3
10 11  4
27 19 15
27 15 26
27 18 19
27 35 18
27 26 29
24 21  8
24 23 30
24  8 23
24 31 34
24 30 31
24 25 21
21  6  2
21  2  8
21 25 22
21 22  6
 3  6 22
 3 22 20
6 3 2
2 1 8
15 19 14
19 18 14
5 1 4
5 4 7
1 5 8
1 3 4
1 2 3
 8  5 23
23 13 17
23 38 30
14 18 16
14 16 11
18 35 28
18 28 16
 7  4 11
 7 11 16
 7 16 17
 7 17 13
40 49 31
40 52 49
40 43 52
40 30 38
40 38 43
40 31 30
35 27 44
33 27 29
33 45 44
33 44 27
33 29 36
52 44 50
35 38 28
35 44 43
35 43 38
45 33 36
45 36 50
49 46 31
49 51 48
49 52 51
49 48 46
51 52 50
52 43 44
45 50 44
41 34 46
41 48 47
41 46 48
46 34 31
37 24 34
37 32 24
24 32 25
51 50 42
51 47 48
51 42 39
51 39 47
37 41 32
47 39 32
47 32 41
37 34 41
50 36 42
36 39 42
36 32 39
32 36 22
32 22 25
22 29 20
22 36 29
20 29 26
