28
l_forearm 
V
  0.067637    0.23644 0.00452805
 0.051913   0.23945 0.0188833
 0.0153862   0.212285 -0.0316007
 0.0734806   0.232627 0.00166519
0.0479786  0.237582 0.0249082
 0.0226157   0.209644 -0.0373025
0.00848395   0.212265 -0.0243356
0.0289716  0.204867 -0.040638
0.00369417     0.2093  -0.017274
-0.0109811     0.1914 -0.0445872
0.0413049  0.227512 0.0359421
  0.0826225    0.219485 -0.00171351
 0.0350086   0.197286 -0.0418661
0.000716251    0.203393  -0.0102504
-0.00220252    0.177038  -0.0631262
-0.0209967   0.182662  -0.037837
0.00816251   0.177473 -0.0615511
0.0754852  0.222116 0.0322455
-0.0180536   0.173966 -0.0601239
 0.081291  0.219614 0.0276702
 0.0466266   0.189221 -0.0354481
0.0871637  0.206937 0.0012393
0.0412216  0.215341 0.0433498
-0.0186702   0.176286 -0.0233573
0.0636408  0.213282 0.0488444
-0.00286196     0.15988  -0.0681648
-0.0298981   0.165133  -0.043525
 0.0192784   0.166163 -0.0562073
0.0928276   0.20071 0.0258421
0.0484934  0.172513 -0.032332
0.000665097    0.179224  0.00434574
0.0421611  0.196984 0.0498031
 0.0897331   0.187736 0.00644682
-0.000787508     0.145672   -0.0628598
  0.088013   0.183233 0.00597536
 0.0209685   0.151146 -0.0502201
-0.0159158   0.158297 -0.0166425
0.0385624  0.189487 0.0469501
  0.075888   0.172324 -0.0037943
0.0904586  0.188416 0.0346494
0.0697661  0.192436 0.0535079
-0.0237728   0.144286 -0.0388614
 0.0170282   0.143516 -0.0466269
-0.0132885   0.147412 -0.0202293
0.0809064  0.184988 0.0461087
-0.0126324   0.136839 -0.0462607
 0.0590672   0.156023 -0.0114701
0.0202199  0.163476 0.0238623
 0.0103331   0.138249 -0.0343781
-0.00236439    0.140716   -0.022806
0.0224314  0.148713 0.0102776
  0.0371685    0.143765 -0.00460434
F
 4  1 20
 4 20 12
12 20 29
30 22 33
30 21 22
22 21 12
22 12 29
33 22 29
12 21 13
12  8  4
12 13  8
 2 18  1
 2  5 18
4 6 1
4 8 6
1 6 3
1 3 2
2 3 7
2 7 5
 1 18 20
7 9 5
30 28 21
13 21 17
21 28 17
 3  6 15
 3 15 10
 3 10  7
 7 10 16
 7 16  9
 8 13 17
 8 17 15
 8 15  6
 5 11 25
 5 25 18
23 25 11
17 28 26
15 19 10
10 19 16
15 17 26
15 26 19
23 31 32
23 14 31
23 11 14
14 24 31
31 24 37
14 11  9
11  5  9
23 32 25
14  9 16
14 16 24
24 16 27
16 19 27
37 24 27
42 46 44
42 27 19
42 19 46
42 37 27
42 44 37
19 26 46
26 34 46
26 36 34
26 28 36
34 36 43
34 43 46
46 43 49
46 49 50
46 50 44
39 30 35
39 28 30
39 47 36
39 36 28
30 33 35
47 39 35
47 43 36
47 35 40
43 47 52
43 52 49
47 40 52
35 33 40
33 29 40
32 38 41
32 41 25
49 51 50
49 52 51
50 51 44
51 52 45
38 48 41
32 31 38
38 37 48
38 31 37
48 37 44
48 44 51
48 51 41
52 40 45
51 45 41
41 18 25
41 29 18
41 40 29
18 29 20
40 41 45
