32
r_shoulder_2 
V
-0.0129616 -0.0204784    0.21889
-0.0407394 -0.0297255    0.22544
-0.0107688 -0.0305671   0.224407
 -0.013139 -0.0405278   0.230081
-0.0197111 -0.0488433   0.235047
-0.0294842 -0.0542483   0.238553
-0.0409719 -0.0559198    0.24006
 -0.052423 -0.0536044   0.239342
-0.0620957 -0.0476523   0.236508
-0.0685171 -0.0389716   0.231989
-0.0707099 -0.0288831   0.226472
-0.0683401 -0.0189231   0.220798
-0.0617674 -0.0106075    0.21583
 -0.0519935 -0.00520196    0.212326
 -0.0405071 -0.00353018    0.210818
 -0.0290559 -0.00584655    0.211537
 -0.019383 -0.0117978    0.21437
-0.0433189 -0.0584359    0.17396
-0.0155413 -0.0491891   0.167412
-0.0133485 -0.0592778   0.172929
-0.0157193 -0.0692375   0.178602
-0.0222907 -0.0775537    0.18357
-0.0320644  -0.082959   0.187074
-0.0435513 -0.0846312   0.188582
-0.0550027 -0.0823142   0.187864
-0.0646752 -0.0763636    0.18503
-0.0710965 -0.0676826    0.18051
-0.0732893 -0.0575942   0.174993
-0.0709192 -0.0476336   0.169319
-0.0643471 -0.0393182   0.164353
-0.0545742 -0.0339125   0.160848
-0.0430875 -0.0322408    0.15934
-0.0316354  -0.034557   0.160057
-0.0219629 -0.0405085   0.162892
F
 1  3 20
1 4 3
 1 16  4
 1 17 16
 1 19 34
 1 20 19
 1 34 17
 2  7 16
2 8 7
2 9 8
 2 16  9
 3  4 20
 4  5 22
4 7 5
 4 16  7
 4 21 20
 4 22 21
 5  6 22
5 7 6
 6  7 24
 6 23 22
 6 24 23
 7  8 24
 8  9 25
 8 25 24
 9 10 26
 9 11 10
 9 12 11
 9 13 12
 9 16 13
 9 26 25
10 11 28
10 27 26
10 28 27
11 12 28
12 13 30
12 29 28
12 30 29
13 14 30
13 15 14
13 16 15
14 15 32
14 31 30
14 32 31
15 16 32
16 17 33
16 33 32
17 34 33
19 20 34
20 21 34
21 22 24
21 24 34
22 23 24
24 25 26
24 26 28
24 28 33
24 33 34
26 27 28
28 29 30
28 30 32
28 32 33
30 31 32
