34
r_upper_arm 
V
-0.140977 -0.144222  0.243129
-0.139067  -0.14561  0.238392
-0.139734 -0.143953  0.240593
-0.143584 -0.147025  0.244945
-0.142501 -0.147571  0.244833
-0.141816 -0.145225  0.244383
 -0.110854 -0.0962067   0.200978
 -0.112181 -0.0977506   0.203099
 -0.112685 -0.0990849   0.203559
 -0.111539 -0.0967432   0.202195
 -0.109006 -0.0987685   0.195621
 -0.111113 -0.0949418   0.197596
 -0.109153 -0.0983713   0.196435
  -0.10986 -0.0964176   0.198775
-0.109204 -0.098405   0.19642
 -0.110223 -0.0962179    0.19962
-0.109685 -0.096855  0.198173
-0.111992 -0.105022   0.19931
-0.113023  -0.10194  0.202952
-0.112111  -0.10435  0.199879
 -0.11298 -0.100551  0.203507
-0.112776 -0.103172  0.201851
-0.112028 -0.104967  0.199249
 -0.1121 -0.10417 0.200238
-0.113172 -0.102692  0.202393
-0.142942 -0.144723  0.244216
-0.125219 -0.106027  0.227166
-0.127576 -0.105022   0.23268
-0.127752 -0.105991  0.232605
 -0.116358 -0.0822998   0.219235
-0.116613 -0.089296  0.216524
 -0.115664 -0.0873563   0.215395
 -0.117727 -0.0900449   0.218563
 -0.118845 -0.0873835   0.222195
  -0.11858 -0.0893141   0.220729
 -0.118421 -0.0849884   0.222403
 -0.117472 -0.0830486   0.221274
  -0.11524 -0.0849611   0.215603
-0.137319 -0.140736  0.236919
-0.132732 -0.123637  0.235055
-0.137716  -0.13979   0.23821
-0.115505  -0.08303   0.21707
-0.122981 -0.148384  0.295231
-0.123763 -0.148566  0.294634
-0.123847 -0.148269  0.297319
-0.136343  -0.14344  0.279388
-0.137759 -0.143013  0.280733
-0.134891 -0.141915  0.280304
 -0.13626 -0.141335  0.281643
-0.130114 -0.137415  0.282174
-0.131164 -0.136511  0.283617
-0.123574 -0.132572  0.283278
-0.123028 -0.148485    0.2952
-0.134902 -0.141919  0.280307
-0.123492 -0.132558  0.283205
 -0.120115 -0.0931872   0.222214
  -0.11864 -0.0979018    0.21686
 -0.118007 -0.0982078   0.215363
-0.124286 -0.131466  0.284681
-0.136672  -0.14107  0.282162
-0.123847 -0.148224  0.297322
-0.142152 -0.146278  0.244689
-0.140357 -0.150728  0.238774
-0.139318 -0.148338  0.237659
-0.122794 -0.173523  0.249693
-0.111268 -0.181494   0.24818
-0.122084 -0.173844  0.249391
-0.124566 -0.173012  0.251271
-0.111082 -0.181465  0.248256
-0.113507 -0.173589  0.243421
-0.122115 -0.173916  0.249342
-0.119657 -0.174069  0.247376
-0.117032    -0.174  0.245542
-0.117866 -0.175157  0.244126
-0.120844 -0.175242  0.246222
-0.122128 -0.173848  0.249397
-0.122858 -0.174037  0.249137
-0.123582 -0.174984  0.248507
-0.122796 -0.173529  0.249689
-0.125331 -0.174604  0.250085
-0.122849  -0.17404  0.249148
-0.122131 -0.173849  0.249396
-0.139205 -0.147575  0.237649
-0.139193 -0.145589  0.238366
  -0.12035 -0.0960669   0.221376
 -0.119327 -0.0985042   0.218049
 -0.120007 -0.0957647   0.220782
-0.123681 -0.106017  0.223876
-0.123209 -0.103295  0.224133
 -0.12472 -0.103274  0.227379
-0.140073 -0.147236  0.235696
  -0.1399 -0.149766  0.238053
-0.11188 -0.17426 0.240933
-0.106641 -0.172736   0.23843
-0.114749  -0.17478  0.242257
-0.106294 -0.172567  0.238793
-0.108187 -0.185496  0.246459
-0.106532 -0.172435  0.238738
-0.139699 -0.150594  0.238634
-0.102739 -0.170982  0.237681
-0.133549 -0.150129  0.285896
 -0.13631 -0.141329   0.28168
  -0.11801 -0.0900563    0.21497
  -0.11666 -0.0892884   0.216502
 -0.117774 -0.0900371    0.21854
-0.120152 -0.100591  0.218845
-0.119093 -0.101306  0.216245
 -0.121599 -0.0953389   0.224388
-0.140954 -0.151352  0.239762
-0.141235 -0.151395  0.273867
-0.143251  -0.15203  0.274474
-0.141364   -0.1514  0.273936
-0.135056 -0.141855  0.280427
-0.123024 -0.148483  0.295207
-0.122855 -0.174036  0.249142
-0.122787 -0.173443  0.249722
-0.123034 -0.174531   0.24851
-0.119712 -0.174067  0.247417
-0.122128 -0.173848  0.249396
-0.122993 -0.174545  0.248539
-0.120604 -0.175028  0.246273
-0.117037 -0.174002  0.245546
 -0.12419 -0.173153  0.250889
-0.113799 -0.179931  0.248696
-0.124559 -0.173059  0.251258
-0.125727 -0.174529  0.250565
 -0.105978 -0.0649532   0.207114
 -0.111415 -0.0611609   0.218052
 -0.103844 -0.0663873   0.202858
 -0.104758 -0.0571669   0.213147
  -0.10594 -0.0595013   0.212135
 -0.106517 -0.0621618   0.210342
 -0.103015 -0.0550126     0.2137
 -0.101032 -0.0531857   0.213843
-0.0956756 -0.0505136   0.213694
-0.0921605 -0.0490742   0.213724
-0.103669 -0.053175  0.219157
 -0.111335 -0.0612563    0.21813
  -0.11136 -0.0589739   0.223222
 -0.121746 -0.0985185   0.223223
-0.120634 -0.102985  0.218763
-0.120541 -0.101387  0.219309
 -0.099902 -0.0516098    0.22391
 -0.107643 -0.0581237   0.227411
-0.0795394 -0.0460973   0.235049
-0.0864764 -0.0581616   0.240568
-0.0833161 -0.0532263   0.238484
 -0.079821 -0.0482384   0.236707
 -0.122475 -0.0985998   0.224746
-0.121979 -0.102539  0.221851
-0.122376 -0.101593  0.223142
-0.122812 -0.104241  0.222842
-0.0803414 -0.0843371   0.187151
-0.0686267 -0.0999292   0.198341
-0.0631476 -0.0837958   0.186847
-0.0647041 -0.0935407   0.194316
-0.0612599 -0.0870332   0.189606
-0.0637494 -0.0803288   0.183926
-0.063172 -0.083841  0.186678
-0.0599856 -0.0873649   0.190107
 -0.103403 -0.0813583   0.191193
 -0.100626 -0.0657339   0.199443
-0.0914984  -0.059632   0.196117
-0.0962384 -0.0630204   0.197139
-0.0970314 -0.0727028   0.190231
-0.100225 -0.084515   0.18773
-0.0940098 -0.0758327   0.187034
 -0.119844 -0.0950337   0.220774
-0.118821 -0.097471  0.217448
-0.0896279 -0.0789289   0.186094
 -0.095609 -0.0873635   0.187734
-0.142675 -0.148901  0.244587
-0.121875 -0.101097  0.218686
 -0.123079 -0.0982288     0.2226
 -0.121356 -0.0977226   0.222759
  -0.12269 -0.0974328   0.222136
-0.121485 -0.100301  0.218222
  -0.1316 -0.122203    0.2333
-0.124078 -0.105071  0.225167
-0.131998 -0.121257  0.234591
 -0.120018 -0.0958429    0.22077
 -0.121738 -0.0946332   0.221403
 -0.120369 -0.0949041   0.221956
 -0.121684 -0.0957759   0.220754
 -0.121702 -0.0946144   0.221333
 -0.121864 -0.0953465    0.22134
 -0.120357 -0.0948259   0.221969
 -0.121304 -0.0954567    0.22009
 -0.121341 -0.0954749   0.220159
 -0.121359 -0.0943126   0.220738
-0.121178 -0.094742  0.220152
 -0.118814 -0.0987115   0.216856
 -0.120534 -0.0975012   0.217489
 -0.119164 -0.0977727   0.218042
  -0.12048 -0.0986443    0.21684
-0.120498 -0.097483  0.217419
  -0.12066 -0.0982149   0.217426
 -0.119153 -0.0976944   0.218055
   -0.1201 -0.0983249   0.216175
 -0.118803 -0.0986332   0.216868
 -0.120136 -0.0983433   0.216245
 -0.120154 -0.0971809   0.216824
 -0.119974 -0.0976104   0.216238
-0.124542 -0.103005   0.22351
-0.126054 -0.102984  0.226757
-0.127068 -0.102214  0.232898
-0.124536  -0.10225  0.227459
-0.125868  -0.10196  0.226837
-0.128401 -0.101924  0.232275
-0.129886 -0.103201  0.238474
-0.127254 -0.103238  0.232819
-0.128587 -0.102948  0.232196
-0.130209 -0.104985  0.238335
 -0.13122 -0.102911  0.237852
-0.131543 -0.104694  0.237713
-0.128909 -0.104732  0.232058
-0.129085 -0.105702  0.231982
-0.126553 -0.105737  0.226543
-0.125044 -0.105058  0.227241
-0.126377 -0.104768  0.226618
-0.125411 -0.104781  0.224544
 -0.14081 -0.132423  0.248264
-0.133331 -0.120967  0.233968
-0.140413 -0.133369  0.246972
-0.142144 -0.132133  0.247641
-0.141747 -0.133079   0.24635
-0.134065 -0.123346  0.234433
-0.13905  -0.1395 0.237587
-0.138653 -0.140446  0.236296
-0.132934 -0.121913  0.232677
-0.124109 -0.119511  0.218513
-0.125014 -0.105727  0.223253
-0.123278 -0.118936  0.217002
-0.125443 -0.119221  0.217891
-0.124612 -0.118646  0.216379
-0.124145 -0.103951  0.222219
-0.119999 -0.102725  0.217524
-0.123312 -0.102249  0.221228
-0.121001 -0.102075  0.216362
-0.121967 -0.102696  0.218139
 -0.117726 -0.0968219   0.215405
-0.120426 -0.101015  0.215622
 -0.119341 -0.0979185   0.214739
 -0.119155 -0.0926471   0.220408
-0.119485 -0.093159  0.217264
 -0.122121 -0.0965234   0.224955
 -0.121449 -0.0928968   0.221592
 -0.123643 -0.0969344   0.224409
 -0.123808 -0.0983095   0.224125
-0.123709 -0.101303  0.222519
 -0.116679 -0.0874599   0.213445
 -0.115888 -0.0842131   0.213726
-0.115413 -0.084985  0.215678
  -0.11554 -0.0830223   0.217009
 -0.115494 -0.0829159   0.217059
 -0.116254 -0.0815455   0.215751
-0.117567 -0.080576  0.218679
 -0.120416 -0.0842301   0.222949
 -0.120865 -0.0875529   0.222827
 -0.118883 -0.0873135   0.222023
-0.118648   -0.0893  0.220741
 -0.122932 -0.0950483   0.223765
 -0.120026 -0.0946025   0.221362
  -0.12028 -0.0842497   0.223113
 -0.119433 -0.0911362   0.217759
  -0.11862 -0.0894221   0.220725
 -0.120498 -0.0902191   0.220801
 -0.119172 -0.0947178   0.215868
 -0.119989 -0.0927703   0.218526
 -0.116473 -0.0875156    0.21344
 -0.112229 -0.0945566   0.201077
 -0.117784 -0.0901948      0.215
 -0.113876 -0.0965998   0.203652
-0.113019 -0.100496  0.203495
-0.114925 -0.100065  0.204284
-0.113075 -0.102701   0.20252
 -0.119321 -0.0912286   0.217811
 -0.114023 -0.0966109    0.20349
-0.139761 -0.144207  0.236919
-0.139749 -0.144192  0.240212
-0.140555 -0.142316  0.239501
-0.142105 -0.142326  0.242401
-0.141943 -0.142284  0.242487
-0.112182 -0.105796  0.199356
 -0.108902 -0.0987201   0.195628
-0.113957 -0.104877  0.200953
 -0.108544 -0.0983627   0.195028
 -0.109774 -0.0963291   0.195977
 -0.112424 -0.0946143   0.200926
 -0.109926 -0.0964079   0.198825
 -0.110739 -0.0948609   0.197743
 -0.108297 -0.0898695   0.194837
 -0.116895 -0.0692432   0.223062
 -0.116969 -0.0692173    0.22302
 -0.109787 -0.0963458   0.195958
 -0.105694 -0.0930793   0.191507
 -0.105415 -0.0932835   0.191412
-0.114901 -0.103367  0.202696
 -0.100276 -0.0957418   0.191492
 -0.100289 -0.0956904   0.191578
-0.0709968  -0.104492   0.201068
 -0.11391 -0.179908  0.248732
 -0.10819 -0.185515  0.246438
-0.108499 -0.184036  0.247813
-0.113809 -0.179967  0.248732
-0.107945 -0.184125  0.248062
-0.107945 -0.184133  0.248055
-0.107486 -0.182233  0.246804
-0.106217 -0.171348   0.24045
-0.102736 -0.169797  0.239222
-0.106228 -0.171386    0.2404
-0.107479 -0.182251   0.24683
 -0.14072 -0.143968   0.24257
 -0.112612 -0.0986812   0.203521
-0.111221   -0.0964   0.20158
-0.123011 -0.149015  0.295604
-0.123762 -0.148567  0.294633
  -0.11571 -0.0873463   0.215372
 -0.120532 -0.0956357   0.221964
  -0.11917 -0.0816156   0.221383
 -0.116405 -0.0822868   0.219215
  -0.1418 -0.145293  0.244179
-0.0893884 -0.0632041   0.243016
-0.0919774 -0.0681903   0.245786
 -0.117519 -0.0830363   0.221253
-0.113019 -0.065972  0.231913
 -0.116743 -0.0666079   0.227689
 -0.117432 -0.0805367   0.218743
 -0.118969 -0.0815697   0.221553
-0.136361 -0.157135  0.228364
-0.139184 -0.166102  0.250691
-0.135626 -0.168018  0.250211
-0.140479 -0.164736  0.241096
-0.113962 -0.104875  0.200931
-0.134779 -0.158007  0.228181
-0.137697 -0.155921  0.229323
-0.139144 -0.162193  0.233563
-0.141307 -0.164014  0.252385
-0.134416 -0.165598  0.234674
-0.124492 -0.172976  0.251298
-0.135218 -0.167246  0.240152
-0.135623 -0.168012  0.250215
-0.131432 -0.159419  0.228567
 -0.12419 -0.173153  0.250889
-0.123064 -0.173313  0.249892
-0.124531 -0.173007  0.251293
-0.123031 -0.173428  0.249804
 -0.11616 -0.173949  0.244968
-0.106337 -0.171514  0.240359
-0.114687 -0.173417   0.24361
 -0.119146 -0.0989349   0.217462
-0.122069 -0.173958  0.249245
-0.123063 -0.173305  0.249899
 -0.12053 -0.168753  0.237356
-0.133837 -0.164366  0.233181
 -0.11494 -0.173413  0.243825
-0.120537 -0.168708  0.237448
-0.123088 -0.173705  0.249733
-0.102161 -0.168127  0.238207
 -0.11899 -0.163121  0.232665
-0.102726  -0.16977  0.239252
-0.106604 -0.171085  0.240166
 -0.10621 -0.171364  0.240398
-0.106615 -0.171053  0.240193
 -0.1058 -0.16708 0.236956
-0.102773 -0.169453  0.239059
-0.106616 -0.171122  0.240135
-0.105805 -0.167043  0.237006
-0.102166 -0.168129  0.238199
-0.0710054   -0.10445   0.201132
-0.143252 -0.152033  0.274475
-0.141313 -0.151789  0.273485
-0.138991  -0.14714  0.277064
-0.136333 -0.143446  0.279383
-0.135182 -0.142156  0.280048
-0.135404 -0.142042  0.280396
-0.132234 -0.130909  0.276882
-0.123351 -0.132346  0.283114
-0.123126 -0.131878  0.282847
-0.142716 -0.149318  0.244229
-0.0919698 -0.0682009   0.245772
-0.144175 -0.129649  0.268989
-0.146796 -0.129833   0.26647
-0.149608 -0.137179  0.267468
-0.148227 -0.130983  0.263271
 -0.116624 -0.0664442   0.228064
-0.147956 -0.130277  0.264735
-0.145568 -0.153967  0.266185
-0.145295 -0.155537  0.263884
-0.148943  -0.14468   0.26805
-0.138799 -0.146906  0.277197
-0.142437  -0.15184  0.272417
-0.145369 -0.143075  0.272785
-0.145873  -0.13586  0.271616
-0.132359 -0.130789  0.277068
-0.142439 -0.151831  0.272412
-0.144811 -0.152513  0.269189
 -0.13914 -0.145362  0.238539
-0.143866 -0.143037  0.246253
-0.148891 -0.146747  0.264129
-0.149776 -0.139357  0.262832
-0.148126 -0.132894  0.260095
-0.139453 -0.153546  0.231912
-0.139852 -0.147263  0.235693
-0.141837 -0.158773  0.236827
-0.142798 -0.161734  0.244198
-0.142342 -0.162316  0.254457
 -0.14525 -0.155535  0.263874
-0.142343  -0.16233   0.25458
-0.148753 -0.146554  0.264131
 -0.14435 -0.149872  0.245345
-0.143414 -0.144112  0.244786
-0.144268 -0.146996  0.245736
-0.144297 -0.149937  0.245311
-0.143333 -0.151341  0.243204
-0.143802 -0.152128  0.243606
 -0.14249 -0.150811  0.243028
-0.143054  -0.15302  0.241128
-0.142036 -0.152081  0.239552
   -0.142 -0.152401   0.23829
-0.141116  -0.15024  0.236243
-0.140791 -0.150359  0.236261
-0.0559511 -0.0820229   0.187568
-0.0586774 -0.0875946   0.190812
-0.0637548 -0.0803731   0.183876
-0.0740119 -0.0755715   0.183472
-0.0819605 -0.0700156   0.186335
-0.0853925 -0.0668897   0.188951
-0.0887222 -0.0632884   0.192207
-0.0887218 -0.0633973   0.192307
-0.0909189 -0.0474197   0.217618
-0.0893202 -0.0459795   0.221433
-0.0848502 -0.0441482   0.228328
-0.0791066  -0.043834   0.233699
-0.145598 -0.153205   0.26737
-0.142505 -0.151843  0.272352
 -0.14306 -0.152978  0.273013
-0.145697 -0.154037  0.268978
-0.145307 -0.155393  0.264061
-0.142279  -0.16257  0.254238
-0.145311 -0.155402  0.264065
-0.145833 -0.156469  0.264687
-0.142813 -0.163661  0.254873
-0.142597 -0.162516  0.254027
-0.140402 -0.166647  0.251771
-0.139134    -0.166  0.250686
-0.135673 -0.167989  0.250211
 -0.118469 -0.0849784   0.222384
-0.124495 -0.172976  0.251298
-0.136256  -0.16918  0.250904
-0.126119 -0.173598  0.251836
-0.142861 -0.152966    0.2732
-0.143017 -0.153006  0.273086
 -0.103804 -0.0664223   0.202868
 -0.105886 -0.0659427    0.20229
  -0.10819 -0.0637143   0.207449
 -0.105581 -0.0585712    0.21252
 -0.108173 -0.0601385   0.210632
-0.142439 -0.150931  0.243137
 -0.106789 -0.0568024   0.212195
 -0.102507 -0.0545393   0.213703
-0.0982604 -0.0625809   0.196195
-0.0937219 -0.0591697   0.195092
 -0.101882 -0.0654052   0.197744
 -0.106335 -0.0658258   0.203047
 -0.105449 -0.0659883   0.201696
 -0.105305 -0.0811044    0.19026
 -0.089796 -0.0620619   0.193411
-0.0922851 -0.0613519   0.192538
-0.0914814 -0.0596514   0.196135
-0.0915516 -0.0596432   0.196107
-0.0936607 -0.0591777   0.195117
-0.0909179 -0.0474177    0.21762
-0.0935376  -0.046283   0.217367
-0.0988251 -0.0520318   0.213839
-0.0950728 -0.0484447   0.212364
-0.0921607 -0.0490778   0.213724
-0.0921584 -0.0490779   0.213726
-0.0951073 -0.0484337   0.212354
-0.0983304 -0.0499326   0.212453
-0.0935223 -0.0462607    0.21741
-0.0950762  -0.048526    0.21234
 -0.105289 -0.0517848   0.219242
 -0.111647 -0.0592059   0.216383
 -0.116148 -0.0644251    0.21958
 -0.113008 -0.0577407   0.223479
 -0.111404 -0.0588659   0.216155
 -0.119122 -0.0686562   0.222105
 -0.104052 -0.0534914   0.212837
 -0.104382 -0.0538285   0.212809
  -0.10268 -0.0524647   0.212849
 -0.101244 -0.0515061   0.212709
-0.084646 -0.044102  0.228583
-0.0854037 -0.0428395   0.230115
-0.0924535 -0.0497218   0.232226
 -0.108703 -0.0570538   0.228805
 -0.113736 -0.0648949   0.233178
 -0.101511 -0.0504859   0.224944
-0.0915748 -0.0448006   0.221563
-0.0859722  -0.054907    0.24106
-0.0895915 -0.0609501    0.24387
-0.0818997 -0.0488669   0.238733
-0.0771925 -0.0428357   0.237022
 -0.077369 -0.0428267   0.236889
-0.0551842 -0.0838551   0.185072
-0.0598113 -0.0856491   0.185965
-0.0561725 -0.0848465   0.185814
  -0.05518 -0.0838587   0.185063
-0.0650783 -0.0808371   0.181936
-0.0641356 -0.0802171   0.183793
-0.0747636 -0.0762286   0.181712
-0.0738656 -0.0756594   0.183444
 -0.057623 -0.0879092   0.188409
-0.0612571 -0.0905153   0.189922
-0.0659872 -0.0970395   0.194157
-0.0839412 -0.0910399   0.188633
-0.0829926 -0.0829023   0.184673
-0.0641829 -0.0964971   0.194231
 -0.066002 -0.0969298   0.194288
-0.100704 -0.064331  0.197249
-0.0989254 -0.0726015   0.188928
 -0.102932 -0.0654777   0.198877
-0.0852807 -0.0669491   0.188812
-0.0898201 -0.0644908   0.189219
-0.0982453 -0.0625911   0.196223
-0.0905976  -0.063553   0.190176
-0.0935623 -0.0593339     0.1953
-0.0874036 -0.0670118    0.18695
-0.0937893 -0.0741238   0.185319
 -0.102459 -0.0827544   0.186676
 -0.105237 -0.0810775   0.190272
-0.0865687 -0.0677691   0.186321
 -0.099274 -0.0856163   0.185315
-0.0955402 -0.0883865   0.185998
-0.0900813 -0.0797234   0.184173
-0.0900636 -0.0797098   0.184142
-0.0955336 -0.0883878   0.185977
-0.0833869 -0.0704628   0.184368
 -0.110013 -0.0895023    0.19404
 -0.118747 -0.0688306    0.22219
  -0.11875 -0.0688298   0.222189
 -0.114708 -0.0984645    0.19975
-0.144069 -0.147344  0.239994
 -0.106279 -0.0939049   0.189608
-0.110074 -0.089483  0.194007
-0.0707739  -0.105554   0.199433
 -0.118657 -0.0930583   0.219151
 -0.117838 -0.0950092   0.216489
 -0.100054 -0.0967976   0.189869
 -0.100049 -0.0968235   0.189825
-0.0707782  -0.105532   0.199465
-0.069502  -0.10587  0.199958
-0.142068 -0.151448  0.242102
  -0.09276 -0.0670032   0.247165
-0.118422 -0.065486  0.228186
 -0.113809 -0.0647743   0.233307
-0.140035 -0.167861  0.249994
-0.142709 -0.165549  0.251716
-0.142724  -0.16556  0.251715
-0.141713 -0.166021  0.240136
 -0.14004 -0.167865  0.249992
-0.140399 -0.163242  0.232337
-0.138988 -0.156139  0.227845
-0.135407 -0.158726   0.22642
 -0.110206 -0.0894584   0.193932
-0.138097 -0.157142  0.226884
 -0.106272 -0.0939351   0.189558
-0.131205   -0.1605    0.2269
-0.133877 -0.165836  0.231795
 -0.13563 -0.168998  0.239118
-0.136433 -0.169864   0.24958
-0.141236 -0.151684  0.240338
-0.108512 -0.185319  0.246582
-0.125727 -0.174529  0.250565
-0.123584 -0.174988  0.248505
-0.108189 -0.185513  0.246436
 -0.12573 -0.174532  0.250563
-0.125295 -0.174638  0.250132
-0.123763 -0.174961  0.248664
-0.123464 -0.174828  0.248492
-0.125729 -0.174529  0.250564
-0.101934 -0.169208   0.23654
-0.118763 -0.164202  0.230998
-0.120645 -0.170301  0.236219
-0.123054 -0.174512  0.248618
-0.120597  -0.17525  0.246034
-0.119771 -0.175139  0.245544
-0.117863  -0.17516   0.24412
-0.117491 -0.175178  0.243836
-0.121404 -0.171974  0.239084
-0.123752 -0.175241  0.248274
-0.119584 -0.175259  0.245286
 -0.10656 -0.172491   0.23869
-0.114687  -0.17481  0.242334
-0.114777 -0.174806  0.242192
-0.106583 -0.172342  0.238684
-0.118745 -0.164329  0.230847
-0.141554 -0.151603   0.24093
-0.106296 -0.172554   0.23881
-0.102622 -0.170675  0.237478
-0.102585 -0.170903  0.237641
-0.106592 -0.172342  0.238663
-0.105575 -0.168152  0.235303
-0.102621 -0.170659  0.237487
-0.106524  -0.17232  0.238635
-0.105579 -0.168125   0.23534
-0.142651 -0.150063  0.243993
-0.139823 -0.150015  0.237882
-0.129758 -0.136985  0.282189
-0.122911 -0.132064  0.283137
-0.123557 -0.130996  0.284723
-0.123916  -0.13068  0.284241
-0.144965 -0.128451  0.270382
-0.130735 -0.136156  0.283727
-0.123917 -0.130678  0.284243
-0.133092 -0.129586  0.278419
-0.136467 -0.141218  0.281967
-0.136364 -0.141438  0.281597
-0.137741 -0.143036  0.280741
-0.143348 -0.152048   0.27449
-0.147486  -0.15445  0.266765
-0.151479 -0.136479  0.268258
-0.148252  -0.12868  0.267228
-0.150033 -0.130079  0.263329
-0.146622 -0.152882  0.270184
-0.147493 -0.154448  0.266775
-0.146616 -0.152878  0.270187
-0.150587 -0.144504  0.269353
 -0.14288 -0.152953  0.273207
-0.118546  -0.06559  0.227913
-0.149476 -0.129045  0.265575
-0.133177 -0.129534  0.278542
-0.146872 -0.135072  0.273176
-0.136344 -0.141289   0.28177
-0.146616 -0.142762  0.274383
-0.141094 -0.147713  0.277796
-0.143251 -0.152035  0.274472
-0.143288 -0.152016  0.274474
-0.143904 -0.152072   0.27386
-0.144146 -0.163371   0.25425
-0.144722 -0.162076  0.243536
-0.143703 -0.158646  0.236076
-0.141231  -0.15316  0.231082
-0.151678 -0.139223  0.262195
-0.150891 -0.146932  0.263822
-0.147167 -0.156179  0.264064
-0.144171 -0.163381   0.25425
-0.150808 -0.146775  0.263817
-0.143659  -0.15863  0.236068
-0.146969 -0.140599  0.249171
-0.149903 -0.132507  0.259265
-0.146491 -0.141372  0.248411
-0.0963232  -0.158043   0.294957
-0.108238 -0.165037  0.272931
-0.0892807  -0.163971   0.290694
-0.0851244  -0.170062   0.283726
-0.0844867  -0.175387   0.275115
-0.0874655  -0.179137   0.266172
-0.0936063   -0.18074   0.258258
-0.101974 -0.179953  0.252577
-0.111296 -0.176895  0.249996
-0.120153 -0.172032  0.250906
-0.127195 -0.166104   0.25517
-0.131352 -0.160014  0.262137
 -0.13199 -0.154688  0.270748
-0.129011 -0.150937  0.279691
 -0.12287 -0.149334  0.287606
-0.114501 -0.150122  0.293286
-0.105179  -0.15318  0.295867
-0.0762839 -0.0972268   0.271679
-0.0718665 -0.0987725   0.272736
-0.0806263 -0.0960864   0.269988
-0.0376578 -0.0914938   0.251418
-0.0511311  -0.134443   0.261263
-0.0537528  -0.128201   0.269782
-0.0650971  -0.101345   0.200568
-0.0596332 -0.0914698   0.193464
-0.0624581 -0.0971601   0.196864
-0.073009 -0.141339  0.227798
-0.0717733   -0.14302   0.229186
-0.0735932  -0.142533   0.228493
 -0.11131 -0.133729  0.295836
-0.115648 -0.132933  0.290045
-0.117537 -0.137453  0.294662
-0.0591936 -0.0762497   0.259493
-0.0844447 -0.0697181    0.24949
-0.0839631 -0.0708655   0.247924
-0.0697656  -0.101229   0.203393
-0.0701098  -0.103856   0.202905
-0.0705442   -0.10282   0.204319
-0.0710069 -0.0442445   0.239801
-0.0711754 -0.0438453   0.240345
-0.0629229 -0.0463768   0.242932
-0.0476235   -0.10552   0.261167
-0.0484755  -0.103492   0.263936
-0.0483338  -0.105088   0.262891
-0.0534827  -0.117511   0.272741
-0.0577983  -0.121837   0.277312
-0.0531769  -0.118516   0.272517
-0.105887 -0.130256   0.29312
-0.0888629  -0.116775   0.283392
-0.0947753  -0.132671    0.29831
-0.0728351 -0.0844051   0.258269
-0.0723856 -0.0805634   0.255593
 -0.071872 -0.0824367   0.257123
 -0.11015 -0.143091  0.302838
-0.108491 -0.150021  0.306109
-0.103129 -0.143607  0.305377
-0.0634749 -0.0851274   0.187783
-0.0613325 -0.0807488   0.185234
 -0.055999 -0.0819083   0.187724
-0.0490256 -0.0533638   0.242611
-0.0547913 -0.0502652   0.243247
-0.0486646 -0.0639607   0.251382
-0.048636 -0.126399  0.250004
-0.0514345  -0.132118   0.253334
-0.0492644  -0.126423    0.25134
-0.0432442  -0.113282   0.244565
-0.044376 -0.115596  0.245912
-0.0438765  -0.114282   0.245452
-0.0520739  -0.139552   0.251696
-0.0501079   -0.14015   0.252321
-0.0493178  -0.134886   0.262027
-0.0442597  -0.101992   0.258987
-0.0442495  -0.104641   0.258906
-0.0696454 -0.0722574   0.257566
-0.0693321 -0.0730033   0.256548
-0.0864681  -0.108026    0.27694
-0.110843 -0.132534  0.294536
-0.109004  -0.13103  0.294014
-0.108113 -0.133152  0.291118
-0.111218  -0.13092  0.288528
-0.108076 -0.131603  0.289995
-0.109362 -0.130679  0.288922
-0.0843345  -0.111207   0.283655
-0.0894353  -0.134202   0.300065
-0.0858112   -0.11741   0.288316
-0.105576 -0.144201  0.304723
-0.107984 -0.144019  0.303848
-0.0909854  -0.133282   0.299947
-0.0858972  -0.110257   0.284598
-0.0930478   -0.13354   0.300426
-0.0504364 -0.0898243   0.195237
-0.0490108 -0.0884929     0.1947
-0.0506648 -0.0830679   0.190216
-0.0494638  -0.134296    0.24974
-0.0495092  -0.134381   0.251217
-0.0467582  -0.104533   0.259775
-0.0447719  -0.106297   0.262704
-0.0435437  -0.105264    0.26122
-0.0480152  -0.128136    0.25148
-0.0485398  -0.132979    0.25035
-0.047163 -0.130165  0.248712
-0.0502424  -0.118955   0.269191
-0.051984 -0.128537   0.27069
-0.0345434 -0.0939991    0.24973
-0.0462463  -0.102706   0.259529
-0.0463873  -0.101109   0.260574
-0.0498856  -0.103649   0.264908
-0.054331 -0.112734  0.270198
-0.0499016  -0.101071   0.264504
-0.0709215 -0.0443916   0.239538
-0.0718961 -0.0440511   0.239386
-0.0829307 -0.0694551   0.251184
-0.0689861 -0.0717711   0.258956
-0.0758905  -0.110446   0.281672
-0.0536652 -0.0777867   0.261508
-0.0494115  -0.134023   0.252683
-0.0912076  -0.109693   0.283903
-0.109651 -0.128883   0.29195
-0.108864 -0.129732  0.293055
-0.0882041  -0.107739   0.275973
-0.0730697  -0.148976   0.231281
-0.0713004  -0.143404   0.229354
-0.0709383  -0.143425   0.229617
-0.0893083    -0.1356   0.299135
-0.0894435  -0.134215   0.300044
-0.0888719  -0.135175   0.298506
-0.0928156  -0.138314   0.299609
-0.0883959   -0.13698   0.299992
-0.0931534   -0.13686   0.298439
-0.0445446   -0.11956   0.244428
-0.0419372  -0.112708   0.242032
-0.0414398  -0.113214   0.240733
-0.053761 -0.113517  0.266974
-0.0563685  -0.120368   0.269369
-0.0568656  -0.119862   0.270668
-0.0646902 -0.0865435   0.189724
-0.0654126 -0.0848224   0.192073
-0.0467841  -0.103821    0.26477
-0.0521138  -0.114713   0.271112
-0.0513584  -0.114799   0.270353
-0.123164 -0.130775   0.28471
 -0.12392 -0.130679  0.284247
-0.0659383 -0.0466966   0.239849
-0.0712725 -0.0455371   0.237357
-0.0566677  -0.107277   0.206167
-0.0570572  -0.108073    0.20663
-0.0666682  -0.104556   0.202437
-0.0831842 -0.0692736   0.246998
 -0.059181 -0.0762518   0.259498
-0.0407861  -0.114427   0.242401
-0.0386731  -0.116753   0.241461
 -0.03826 -0.114953  0.244731
-0.0324288 -0.0868031   0.240883
-0.0363373  -0.081307   0.247215
-0.0322705 -0.0779755     0.2346
-0.0309533 -0.0850801   0.224575
-0.0797217 -0.0507452   0.238574
 -0.076606 -0.0443775   0.234867
-0.0756428 -0.0466724   0.231735
-0.0318614  -0.101103   0.239772
-0.0513191  -0.119913   0.270495
-0.0462711  -0.132311   0.249589
-0.0512272  -0.142232    0.24779
-0.0340305  -0.106564   0.228574
-0.0933454  -0.142791    0.30595
-0.0948686   -0.14705   0.306633
-0.0906363   -0.14012   0.303955
-0.0452574  -0.106701   0.260105
-0.101026 -0.145437  0.305751
-0.112138 -0.143022  0.300562
-0.0948119  -0.132738   0.298357
-0.0316729 -0.0728927   0.223682
-0.0285044 -0.0887944   0.229232
-0.0317005  -0.077794   0.215211
-0.063084 -0.142865  0.233517
-0.0584786  -0.133239   0.228026
-0.0664568  -0.132384    0.22279
-0.124287 -0.131464  0.284684
-0.123541 -0.131004  0.284703
-0.122904 -0.132066  0.283131
-0.0479863  -0.130608   0.246654
-0.0495813  -0.133868   0.248552
-0.0477899  -0.129162   0.246907
-0.0671692 -0.0891696   0.267283
-0.0679474  -0.115525   0.279623
-0.0566103 -0.0798555   0.190736
-0.0584968 -0.0551136   0.244847
-0.0499463 -0.0539393   0.240864
-0.0447716  -0.057413   0.238985
-0.0637362  -0.143985   0.234283
-0.0613074  -0.145174   0.234282
-0.0542658  -0.143718     0.2427
-0.0685699 -0.0714124   0.255606
-0.0584914 -0.0746413    0.25853
 -0.083668 -0.0681202   0.248572
-0.0915945  -0.106254   0.280245
-0.0949092  -0.108215   0.280622
-0.0912144  -0.109673   0.283927
-0.0362316  -0.093785   0.248679
-0.0405441 -0.0884316   0.254264
-0.0454149  -0.101022    0.26314
-0.0414669 -0.0859812   0.257691
-0.0465723  -0.101953   0.264363
-0.102769 -0.169465  0.239045
-0.102601 -0.170778  0.237534
  -0.1004 -0.169596  0.237165
-0.100882 -0.168449  0.238731
-0.0532703  -0.115643   0.272335
-0.0486536  -0.106184   0.264018
-0.0509584  -0.115682   0.266958
-0.0522218  -0.113477   0.268264
-0.0571612  -0.118896   0.271751
-0.0826272 -0.0977542   0.268679
-0.0829465  -0.096994   0.269716
-0.0823623 -0.0958001   0.269021
-0.0695027  -0.105867   0.199961
-0.100661 -0.169537  0.237045
-0.101934  -0.16922  0.236533
-0.0322659 -0.0879405   0.217745
 -0.035597 -0.0796405   0.208765
-0.0378795 -0.0816016   0.203478
-0.0739718  -0.149845   0.230828
-0.0695046   -0.10586    0.19997
-0.0820431 -0.0965603   0.267984
-0.0427698  -0.118025    0.24496
-0.0421815  -0.115432   0.244901
-0.0389968  -0.116092   0.246444
-0.0747242  -0.152304   0.232399
-0.0503195  -0.102468   0.264748
-0.0493875   -0.10002   0.263892
-0.0487243 -0.0992076    0.26285
-0.0666089 -0.0880269    0.26648
-0.0603806 -0.0756766    0.25948
-0.0627343  -0.154927    0.23801
-0.0551741  -0.117182   0.271906
-0.0537973  -0.114368   0.270268
-0.0546616  -0.115355   0.271661
-0.0509482  -0.118332   0.266877
-0.0519561  -0.120391   0.268076
-0.0667612  -0.103193   0.201501
-0.0598849 -0.0918834   0.193813
-0.0342489  -0.077109   0.214246
-0.0513751  -0.130736   0.253851
-0.0406924 -0.0976076   0.204962
-0.0469857 -0.0848866   0.190184
-0.0406419  -0.084468   0.196234
-0.0624942  -0.119848   0.215284
-0.0630784  -0.121042    0.21598
-0.0628129  -0.119088   0.216321
-0.0412874  -0.116918   0.238683
-0.0422195  -0.119365   0.239539
-0.0428826  -0.120178   0.240581
-0.100795 -0.169822  0.237216
-0.100883 -0.168446  0.238733
  -0.1004 -0.169594  0.237167
-0.0677513  -0.130593   0.221542
-0.0665156  -0.132274    0.22293
-0.0683355  -0.131787   0.222237
-0.0479322 -0.0822221   0.258703
-0.102613 -0.170765  0.237546
-0.101953 -0.169193  0.236548
-0.100645 -0.169585  0.237069
-0.0898391    -0.1058   0.276615
-0.0896122  -0.105941   0.278149
-0.086751 -0.106578  0.278649
-0.0846973  -0.108607   0.277861
-0.0851256  -0.109032   0.276772
-0.0855049   -0.10826   0.277779
-0.0483627  -0.106103   0.258865
-0.047231  -0.10379  0.257519
-0.047731 -0.105103  0.257978
-0.054322  -0.11921  0.269138
-0.053457 -0.118223  0.267746
-0.0529453  -0.116397     0.2675
-0.0550615  -0.119793   0.266837
-0.0536292   -0.11603   0.265521
-0.0539297   -0.11748    0.26549
-0.0452034 -0.0577001   0.238625
-0.0412815  -0.060887   0.236197
-0.0436928 -0.0663772   0.245752
-0.116847 -0.140572  0.298053
-0.111699 -0.141878  0.301136
-0.112671 -0.140111  0.299543
-0.0554279 -0.0831296   0.185943
-0.0544862 -0.0835859   0.186114
-0.0454531  -0.130574   0.249467
-0.0401227  -0.119682   0.243124
-0.0402146  -0.119741   0.244192
-0.0413292  -0.116055    0.24734
-0.0337508  -0.101445   0.237594
-0.0403213  -0.113995   0.246141
-0.0743882 -0.0519047   0.241065
-0.0474763 -0.0991021   0.260226
-0.0468712  -0.100957   0.258068
-0.0496698  -0.106677   0.261398
-0.0938052   -0.13561   0.301852
-0.0927702  -0.135901   0.297857
-0.0446596  -0.101108   0.262382
-0.0922912  -0.138902   0.300209
-0.0679527  -0.105113   0.202561
-0.0405117     -0.116   0.239087
-0.0417054  -0.118315   0.238927
-0.0512409 -0.0680738   0.252989
-0.0411851 -0.0740752   0.249658
-0.0465664 -0.0832488    0.25815
 -0.074731 -0.0539688   0.237232
-0.0693303  -0.047656    0.23535
-0.0725068 -0.0539614   0.239114
-0.0432293  -0.103379   0.260868
-0.0439661  -0.101594   0.261675
-0.0306056 -0.0778835   0.236604
-0.0306546 -0.0870079   0.241934
-0.0877269    -0.1149   0.281846
-0.0865918  -0.110152   0.279226
-0.0863336  -0.110767   0.278386
-0.0463179  -0.109055   0.213965
-0.0564631  -0.142874   0.242303
-0.0448034  -0.119227   0.245146
-0.0427919  -0.120714   0.241928
-0.0423585  -0.119014    0.24669
-0.0360414 -0.0979603   0.210692
-0.0330294  -0.091619   0.211509
-0.0829576   -0.11058   0.280313
-0.0841233  -0.111758   0.282997
-0.0830374  -0.112518   0.282658
-0.0301846 -0.0888119   0.218009
-0.0288424 -0.0856549   0.225258
-0.0298974 -0.0964081   0.226781
-0.0829801 -0.0693588   0.251338
-0.0399239 -0.0604583   0.238075
-0.0366498 -0.0639508   0.234828
-0.0597264  -0.086224   0.194444
-0.0593555 -0.0877023   0.192215
-0.0383047 -0.0642359   0.232947
-0.0987907  -0.141048   0.304757
-0.100708 -0.148498  0.307875
-0.0956672  -0.108685   0.278352
-0.115787 -0.132882   0.28995
-0.094532  -0.10836  0.280977
-0.0680708  -0.129834   0.222578
-0.0578944  -0.132045   0.227331
-0.0617711  -0.131788   0.224515
-0.0733277  -0.140579   0.228835
-0.0711891  -0.141826   0.228491
-0.0499493  -0.116279   0.268889
-0.0519731  -0.114537   0.271012
-0.0873006  -0.107306    0.27424
-0.0878848    -0.1085   0.274935
-0.0876199  -0.106545   0.275277
-0.0872075  -0.107184   0.275989
-0.087014   -0.1073  0.276107
-0.0879013  -0.108025   0.276794
-0.0384808 -0.0956253   0.209148
-0.0423036 -0.0832389   0.196948
-0.0478972 -0.0836696   0.191508
-0.0461664  -0.101941   0.259719
-0.0432504  -0.102589   0.260918
-0.0572143  -0.117604   0.272466
-0.0547547  -0.112578   0.269539
-0.0541752  -0.112793   0.268197
-0.0747699  -0.053907   0.237305
-0.0787585 -0.0530401   0.235442
-0.085545 -0.108429   0.27777
-0.0841538  -0.109703   0.280451
-0.0965361  -0.137184   0.302363
-0.0911986  -0.109714   0.283874
-0.111186    -0.134  0.295521
-0.0369901  -0.106825   0.225643
 -0.050377 -0.0899831     0.1951
-0.0537188 -0.0894309   0.194004
-0.0540307  -0.097953   0.201376
-0.0440557  -0.114429   0.245755
-0.0973108  -0.139265   0.303649
-0.0762826 -0.0570226   0.245149
-0.0818708  -0.068353    0.25184
-0.0764034 -0.0565367   0.245634
-0.092892  -0.10674  0.277725
-0.041842 -0.119288  0.242379
-0.0409767  -0.118301   0.240987
-0.0404649  -0.116474    0.24074
-0.0724269 -0.0999152   0.273539
-0.085915 -0.106728  0.276397
-0.0812105 -0.0972803   0.270683
-0.0550325  -0.118778   0.270862
-0.0421851  -0.118516   0.246854
-0.0462659  -0.126856    0.25171
-0.0772656 -0.0570467   0.244834
-0.0747384 -0.0526203   0.241481
-0.0526367    -0.1213   0.221075
-0.0565132  -0.121042   0.218259
-0.0889655  -0.118738   0.284899
-0.0932902  -0.135322     0.2951
-0.0942298  -0.133083   0.298154
-0.0854325  -0.115867   0.286601
-0.0840997  -0.116411   0.286216
-0.0833969  -0.113606   0.283792
-0.0548374  -0.119232   0.270253
-0.0514705  -0.119988   0.270675
-0.0941892  -0.133078   0.298189
-0.100543 -0.145984  0.305663
-0.101028 -0.145379  0.305885
-0.0482505  -0.126271   0.249256
-0.0470201  -0.127686   0.254112
-0.0461177  -0.126735   0.251085
-0.0317736 -0.0955602   0.226605
-0.0340237 -0.0950634   0.216256
-0.0425655  -0.112732   0.243369
-0.0447358  -0.118428   0.245363
-0.0446764  -0.117046    0.24588
-0.0660889  -0.115563    0.28112
-0.0782808 -0.0607827   0.245267
-0.0826632 -0.0701117   0.250309
-0.0395478 -0.0699527   0.243729
-0.0567408  -0.120499   0.270122
-0.0539933  -0.121095   0.270573
-0.0605974 -0.0913937   0.193156
-0.0581415 -0.0862869   0.190274
-0.0867519  -0.107161   0.276143
-0.0863119   -0.10764   0.277116
-0.0873559  -0.107692   0.277189
-0.0606736  -0.120335   0.215978
-0.0490412  -0.106654   0.260062
-0.0631218 -0.0473112    0.24116
-0.0591821 -0.0489277   0.241694
-0.112558 -0.132185  0.289042
-0.112595 -0.133733  0.290166
-0.0592373 -0.0879838   0.191831
-0.0679693  -0.105105   0.202559
-0.0637415 -0.0955414   0.197957
-0.082943 -0.110506  0.280348
-0.078521 -0.109981  0.280691
-0.0839977  -0.108791   0.278133
-0.0556567  -0.107545   0.206557
-0.0664983  -0.104961   0.201884
-0.0663292 -0.0654094   0.254216
-0.0603748 -0.0745795   0.261338
-0.0606834 -0.0571538   0.248297
-0.0693349 -0.0531847   0.243038
-0.0589748 -0.0557741   0.245316
-0.0640494 -0.0633733   0.250527
-0.0578264   -0.13212   0.227261
-0.0532209  -0.122494    0.22177
-0.0611989  -0.121639   0.216534
-0.0818831 -0.0683238    0.25188
-0.0645875  -0.062598   0.252308
-0.0765509 -0.0566014    0.24594
-0.0414797  -0.110092   0.216253
-0.0410911  -0.115472   0.238936
-0.0435509  -0.120499   0.241863
-0.113257 -0.132327  0.293152
-0.110502 -0.134792  0.291588
-0.0638261  -0.144975   0.232937
-0.0720156  -0.142698   0.229967
-0.064067 -0.144402   0.23372
-0.0858924  -0.107473   0.278373
-0.0860572  -0.107081   0.278908
-0.063049 -0.072919  0.257658
-0.0540239 -0.0979784   0.201349
-0.0675712   -0.10258   0.202885
-0.0565159  -0.105761   0.206742
-0.0489181  -0.133055    0.24751
-0.0679389  -0.105111   0.202573
-0.0875256    -0.1077   0.277143
-0.0856293  -0.108133   0.278043
-0.0880128  -0.108089   0.277278
-0.0640908 -0.0633333   0.250677
-0.0584527 -0.0745611     0.2587
 -0.068542 -0.0714195   0.255617
-0.0470984  -0.100677   0.262297
-0.0479628  -0.101664    0.26369
-0.118021 -0.146497  0.297753
-0.115129 -0.148256  0.301305
-0.118033 -0.143856  0.297086
-0.0587562 -0.0867062   0.194429
-0.0537781 -0.0894308    0.19392
-0.0556405 -0.0803385   0.190722
-0.0682843  -0.104354   0.203583
-0.0546369  -0.107997   0.208795
-0.0485311  -0.108888   0.212396
-0.0548313 -0.0848158    0.18628
-0.0543184 -0.0839862   0.185568
-0.0466207 -0.0955441   0.199128
 -0.11297 -0.132237  0.288978
-0.0749066 -0.0857156   0.258593
-0.109453 -0.134416  0.291633
-0.0385018  -0.109222   0.220251
-0.0806575 -0.0959825    0.27014
-0.0759528 -0.0865347   0.264427
-0.0553753 -0.0833925   0.185699
-0.0659314   -0.13108   0.222234
-0.0424068  -0.107175   0.216169
-0.0430785  -0.108994   0.216837
-0.0817015 -0.0687562    0.25129
-0.0685326 -0.0712604   0.258056
-0.0818708  -0.068353    0.25184
-0.0579796  -0.089655   0.190768
-0.0818774  -0.068518   0.249393
-0.113204 -0.130648  0.291139
-0.0412177 -0.0756861   0.253491
-0.0456027 -0.0828001   0.259664
 -0.039137 -0.0882983    0.25568
-0.115507 -0.133079  0.290054
-0.116039 -0.133251  0.288752
-0.117722 -0.135807  0.289979
-0.0553525  -0.119875    0.27199
-0.056574 -0.117953  0.272979
-0.0705705  -0.143959   0.228583
-0.123932 -0.130658  0.284271
-0.122374 -0.130932  0.285104
-0.0912176 -0.0672552   0.248029
-0.116059 -0.132305  0.288052
-0.0424068  -0.107175   0.216169
-0.043167 -0.108771  0.217104
-0.0927682 -0.0669894   0.247182
  -0.09277 -0.0669884   0.247185
-0.0856896 -0.0570704   0.242759
-0.0859929 -0.0683909   0.250469
-0.0697901 -0.0719129   0.258036
-0.0865235  -0.106114   0.277948
-0.0898623  -0.105733   0.276642
-0.096053 -0.108964  0.277105
-0.0933069  -0.106764   0.276339
-0.0541316  -0.109202   0.207151
-0.0693593 -0.0531433   0.243164
-0.0719433 -0.0524398   0.242201
-0.0747891  -0.179564   0.252355
-0.0505157  -0.103914   0.264495
-0.0732246 -0.0540777   0.238311
-0.0679078 -0.0507218   0.242192
-0.0693624 -0.0531444   0.243159
-0.0693911 -0.0475937   0.235406
-0.11931 -0.14156 0.293834
-0.0459492  -0.105647   0.264035
-0.0506649  -0.115285   0.269646
-0.0499279  -0.117069   0.268839
-0.072993 -0.149144  0.231092
-0.0742799  -0.152421   0.232623
-0.0746191  -0.152425   0.232178
-0.0539344  -0.107953   0.207304
-0.0570526  -0.108089   0.206607
-0.0631688 -0.0473377   0.241055
-0.0542599  -0.118645   0.265641
-0.0438611 -0.0570409   0.240635
-0.0461552 -0.0603571   0.246371
-0.0481396  -0.105541   0.262281
-0.0729651  -0.149286    0.23123
-0.0627193  -0.154956   0.237965
-0.0742909  -0.152414   0.232614
 -0.05288 -0.108534  0.207192
-0.0704064  -0.144352   0.228047
-0.0624968  -0.152309    0.23872
-0.0622189  -0.153823   0.237421
-0.0532374  -0.112877    0.26921
-0.0794964  -0.185146   0.254997
-0.0752709  -0.178417   0.253921
-0.0865151  -0.188454   0.255262
-0.0799783  -0.183998   0.256562
-0.0939656  -0.188605   0.253079
-0.0869974  -0.187307   0.256827
-0.0944472  -0.187457   0.254645
-0.100795 -0.169822  0.237216
  -0.1004 -0.169594  0.237167
-0.108656 -0.184369  0.248009
-0.0476755  -0.131992   0.248958
-0.102709 -0.170936   0.23765
-0.100797 -0.169845  0.237206
-0.0566002  -0.114761   0.272475
-0.0560864  -0.113711   0.271863
-0.0348364 -0.0811508    0.24862
 -0.038243 -0.0694961   0.245446
-0.067028 -0.142533  0.230772
-0.0557398  -0.120344   0.268033
 -0.05357 -0.114648  0.266039
-0.046796  -0.10016  0.258288
-0.0492484 -0.0998204   0.263841
-0.0474932 -0.0989587    0.26212
-0.114255 -0.147923  0.302833
-0.118076 -0.144441  0.297601
-0.0488839  -0.132206   0.254825
-0.0674922   -0.10623   0.201018
-0.0546127  -0.108055   0.208716
-0.0674663  -0.106303   0.200923
 -0.058663 -0.0876333   0.190764
 -0.062685 -0.0969356   0.195046
-0.0679474  -0.105156   0.202488
-0.049943 -0.126973  0.252536
-0.0510747  -0.129286   0.253883
-0.0505745  -0.127973   0.253424
-0.0411447  -0.114181   0.239651
-0.0441307  -0.120283   0.243205
-0.071827 -0.143237    0.2292
-0.0716556  -0.143645   0.228643
-0.0548357  -0.115257   0.272142
-0.0535056  -0.117654   0.272801
-0.073549 -0.148887  0.230258
-0.100742 -0.142704  0.305114
-0.103089 -0.143749  0.305157
-0.067969 -0.105104   0.20256
-0.0589866 -0.0549055   0.247145
-0.0947721  -0.132671   0.298311
-0.0888191  -0.116878   0.283342
-0.0942195  -0.133048   0.298128
-0.0353254  -0.068979   0.227305
-0.0321768 -0.0713739   0.225837
-0.0344553 -0.0712028   0.224216
-0.0322749  -0.103357   0.235558
-0.0552273 -0.0508399   0.241734
-0.0547313 -0.0500513   0.243505
-0.0858839  -0.106832   0.276245
-0.0771242  -0.109518   0.278992
-0.0465387 -0.0991862   0.261239
-0.0455232 -0.0997862   0.260293
-0.0530454  -0.108141   0.207728
-0.0714596  -0.143766   0.228168
-0.0539366  -0.107947   0.207312
-0.0867762  -0.107272   0.276083
-0.0873661  -0.107791   0.277132
-0.0878235   -0.10807   0.276811
-0.0596064  -0.121614   0.276174
-0.0715333  -0.143418   0.229146
-0.0409468  -0.118788   0.240683
-0.0399693   -0.11862   0.246429
-0.068655 -0.131028  0.223273
-0.0934895  -0.116143   0.281494
-0.0888143  -0.109669   0.278188
-0.0332395 -0.0689675   0.229077
-0.0710262 -0.0864812   0.265422
-0.0753686 -0.0853407   0.263732
-0.0528796  -0.108534   0.207191
-0.0451174  -0.110173   0.213057
-0.0532704  -0.109329   0.207657
-0.0777083  -0.110712   0.279688
-0.0867814   -0.10728   0.277958
-0.111278 -0.133791  0.295791
-0.0633971  -0.120282   0.217016
-0.0356725 -0.0827032   0.203441
-0.0498856 -0.0539691   0.240848
-0.0449413 -0.0575856   0.238792
-0.0776887 -0.0862483    0.26346
-0.0346486 -0.0714577   0.224568
-0.0917582  -0.137293   0.302872
-0.0898298  -0.137922   0.300815
-0.0886296   -0.13731   0.300248
-0.0476454  -0.132478   0.248654
-0.0494684  -0.131716   0.252931
-0.0466672   -0.13231   0.254401
-0.0655892 -0.0492215   0.241806
-0.0573555 -0.0874425   0.188054
-0.095486 -0.108798    0.2784
-0.093246 -0.106882  0.276274
-0.0291321 -0.0927221   0.234101
-0.0856083  -0.108157   0.278048
-0.0852426  -0.108884   0.276927
-0.0720436 -0.0437013   0.239862
-0.0774446 -0.0567506   0.245354
-0.068531 -0.071264  0.258051
-0.0694218 -0.0710607   0.257652
-0.0865677  -0.106611   0.279577
-0.0720621 -0.0436701     0.2399
-0.0719804 -0.0437852   0.239696
-0.0502496  -0.134189   0.249834
-0.0719468 -0.0439571   0.239535
-0.0859258 -0.0685242   0.250272
-0.0831243 -0.0690144   0.251809
-0.0769671 -0.0461184   0.239205
-0.0739119  -0.141773    0.22953
-0.0427126  -0.120332   0.244712
-0.0462807  -0.127624   0.248958
-0.0525997  -0.070262   0.254636
-0.0740176 -0.0510704    0.24066
-0.0826427 -0.0701618   0.250243
-0.0782417 -0.0607858   0.245182
-0.0761507 -0.0429742    0.23766
 -0.076511 -0.0434547   0.237792
-0.0773704 -0.0428249   0.236891
-0.112238 -0.142947   0.30065
-0.106248 -0.130512  0.292569
-0.105956 -0.130289  0.293197
-0.0856486  -0.108093   0.278164
-0.11009 -0.14322 0.302615
-0.0427651  -0.120605   0.241769
-0.0484043  -0.132005   0.246898
 -0.05327 -0.109329  0.207656
-0.0456956  -0.129783   0.254416
-0.0464204  -0.131579   0.254576
-0.112353 -0.129653    0.2907
-0.110132 -0.132189  0.294511
-0.0864455  -0.106305   0.278115
-0.0859968  -0.107905   0.277755
-0.0987585  -0.141165   0.304596
  -0.1124 -0.135985  0.296602
-0.112911 -0.138089  0.297986
-0.0642966  -0.074361   0.258448
-0.0570974  -0.122236   0.218954
-0.0612578  -0.121529   0.216673
-0.0448832  -0.129054   0.250857
-0.0401675  -0.119416   0.245246
-0.0397215  -0.117888   0.246604
-0.0466107 -0.0832738   0.258003
-0.0450291  -0.128736    0.25292
-0.118472   -0.1387  0.293307
-0.0907421  -0.133228   0.300098
-0.0499471  -0.101248   0.264672
-0.050042 -0.106808  0.262151
-0.0498798  -0.103836    0.26496
-0.0918671  -0.137433   0.302771
-0.0965869  -0.137032   0.302578
-0.0902185   -0.13807   0.302871
-0.0466447    -0.1338   0.251519
-0.0481133 -0.0862581   0.193339
-0.0836683 -0.0681208   0.248571
-0.0534947  -0.113851   0.266259
-0.0510081  -0.115136   0.267017
-0.0587402  -0.086661    0.19452
-0.0583187 -0.0792656   0.190314
-0.0415466  -0.118162   0.238812
-0.0415517   -0.11258   0.241285
-0.0404053  -0.115837   0.239088
-0.086458 -0.106513  0.279518
-0.0843285   -0.11126   0.283681
-0.0331381 -0.0805679   0.209238
-0.0793904 -0.0499071   0.238061
-0.0760683   -0.11134   0.282796
-0.0757915  -0.111991   0.281901
-0.0739988 -0.0511088   0.240601
-0.0798291 -0.0487819   0.237102
-0.049392  -0.13095  0.253118
-0.0488803  -0.129123   0.252872
-0.0565777  -0.117527   0.272931
-0.0795914 -0.0459409   0.235093
-0.112531 -0.143379  0.300064
-0.0887064  -0.137811   0.300424
-0.0464782  -0.104826   0.264546
-0.0765633 -0.0796554   0.253642
-0.0772926  -0.085869   0.257971
-0.0790843 -0.0848077   0.256641
-0.0912184  -0.109656   0.283955
-0.0492512  -0.132546   0.252073
-0.0582053  -0.114319   0.212201
-0.0585073  -0.116015    0.21335
-0.0589365  -0.112871   0.210915
-0.069987 -0.104713  0.201536
-0.0597631  -0.117503   0.214055
-0.0719155  -0.143217   0.229159
-0.0594052  -0.113605   0.216735
-0.0606197  -0.118121   0.214241
-0.0580812  -0.115125    0.21283
 -0.10899 -0.131002  0.294036
-0.109984 -0.128547  0.291456
-0.107693 -0.133076  0.291214
-0.0616347  -0.118385   0.214126
-0.0636217  -0.118425   0.213544
-0.0654132  -0.117363   0.212214
-0.0476322 -0.0990435   0.262226
-0.0446204  -0.106222   0.262524
-0.0745965  -0.152127   0.232235
-0.071661 -0.143643  0.228642
 -0.07166 -0.143366  0.229164
-0.0735489  -0.148889   0.230257
-0.0861476  -0.107362   0.276562
-0.0865354  -0.106176   0.277915
-0.0474849  -0.128118   0.250373
-0.0474547  -0.132099   0.248499
-0.045372 -0.130444  0.249433
-0.0866051  -0.106267   0.278051
-0.0861078  -0.107359   0.276478
-0.0693083 -0.0730604    0.25647
-0.0860918  -0.107306   0.276453
-0.0845717  -0.108517   0.281613
-0.0861299  -0.110123   0.284723
-0.0843199  -0.111217    0.28365
-0.053086   -0.1148  0.268545
-0.0716542 -0.0475393   0.233598
-0.0478536   -0.10732   0.211339
-0.0565159  -0.105761   0.206742
-0.0866837  -0.107065   0.276042
-0.0732028 -0.0810199   0.261105
-0.0860171   -0.10721   0.276353
-0.111309 -0.134658  0.291239
-0.0728999 -0.0793249   0.259955
-0.0744578 -0.0825087   0.261809
-0.0720531 -0.0834849   0.257837
-0.0730483 -0.0784889     0.2593
-0.0736454 -0.0819061   0.261619
-0.087075 -0.107111  0.282203
-0.0736313 -0.0778766   0.258669
-0.0752008 -0.0770633    0.25759
-0.0775876 -0.0772174   0.256968
-0.069327 -0.102274  0.201966
-0.0834223   -0.11365   0.283738
-0.0842151  -0.111798   0.282955
-0.0844906  -0.112828   0.284162
-0.0383963  -0.116023   0.242029
-0.0381844  -0.115363   0.242886
-0.0394189  -0.113044   0.243114
-0.0796601 -0.0785287   0.257292
-0.121882  -0.13206  0.283527
-0.0633829 -0.0961911   0.196888
-0.0649983 -0.0958226   0.196099
-0.0586677 -0.0876006    0.19079
-0.0773695 -0.0870085   0.262422
-0.0771045 -0.0850544   0.262765
-0.0746798 -0.0509616   0.240245
-0.0740338  -0.051025   0.240716
-0.0825949 -0.0702634   0.250095
-0.0315642 -0.0736687   0.222411
-0.0339873 -0.0733232   0.220968
-0.0530438  -0.108145   0.207722
-0.0553875  -0.107978   0.206039
-0.0855113 -0.0695383   0.248903
-0.060607 -0.120444   0.21584
-0.0559473  -0.113511   0.271812
-0.0541913   -0.11265   0.270092
-0.102045 -0.150628  0.307034
-0.0589381 -0.0876077    0.19057
-0.0693271  -0.102273   0.201966
-0.0682853  -0.104353   0.203584
-0.0701084  -0.103857   0.202903
-0.040175 -0.119877  0.243265
-0.0395723   -0.11862   0.241618
-0.111055  -0.12889  0.291007
-0.0860019  -0.107946   0.277767
-0.0855701  -0.108059   0.278078
-0.0480558 -0.0988868   0.261568
-0.0570182  -0.116158   0.272719
-0.0554231  -0.112898   0.270821
-0.0940203  -0.134864   0.301251
-0.0936517   -0.13633   0.302301
-0.0614244 -0.0856884   0.193935
-0.0568507 -0.0772885   0.259678
-0.0826664 -0.0701048   0.250321
-0.0468776  -0.107342   0.262103
-0.050167 -0.106171  0.262698
-0.0694214 -0.0710618    0.25765
-0.0521888  -0.090051   0.194864
-0.0537765 -0.0894292    0.19392
-0.0452745  -0.100847   0.263041
-0.0716103 -0.0876752   0.266117
-0.063152 -0.142791  0.233587
-0.0583087 -0.0793208   0.190227
-0.0508293  -0.133973   0.251175
-0.0512432   -0.13325   0.252398
-0.0478432  -0.127871   0.247622
-0.122681 -0.131937  0.283128
-0.123355 -0.132347  0.283115
-0.123125 -0.131877  0.282849
-0.076622 -0.110882  0.282142
-0.0833955  -0.113579    0.28381
-0.0757978  -0.112424   0.284106
-0.0342399  -0.098412   0.220085
-0.122571 -0.131904  0.283146
-0.123129 -0.131879  0.282851
 -0.059189 -0.0762732   0.259456
-0.0568493 -0.0772828   0.259689
-0.0622965 -0.0784539   0.188365
-0.0928467  -0.115909   0.281531
-0.0881896  -0.108392   0.277445
-0.0407558  -0.118409   0.240528
-0.0566457  -0.114939   0.272643
-0.070109  -0.04771  0.234603
-0.0481386  -0.126905   0.248704
-0.101143  -0.16839  0.238611
-0.100883 -0.168446  0.238733
-0.110306  -0.13056   0.28855
-0.0901792  -0.138021   0.302948
-0.0310268 -0.0921455   0.233501
 -0.034089 -0.0988834   0.241716
-0.0357508  -0.105575   0.228826
-0.0341038  -0.102565    0.23538
-0.0767853 -0.0858146   0.261727
 -0.067193 -0.0892208   0.267175
-0.102162 -0.168136  0.238203
-0.101274 -0.168683  0.238774
-0.0533077 -0.0922223   0.193817
-0.0665886  -0.104683   0.202238
-0.0548451 -0.0847158   0.186356
-0.0395672  -0.113166   0.243739
-0.0664365  -0.114926   0.215542
-0.0639155  -0.109773   0.212542
-0.0669505  -0.113053   0.214011
-0.0533224 -0.0921586   0.193875
-0.0614326  -0.146493   0.234481
-0.0613312  -0.146253   0.235706
-0.0710036  -0.104455   0.201124
-0.101144   -0.1684  0.238606
-0.0425524  -0.118856   0.244102
-0.0406059  -0.114878   0.241786
-0.0413163  -0.114445   0.243509
-0.0322939 -0.0950434   0.214792
-0.102781 -0.169453  0.239065
-0.0325162 -0.0994924   0.219821
-0.102608 -0.170756  0.237563
-0.102728 -0.169746  0.239271
-0.0419211   -0.07709   0.255266
-0.0563897 -0.0762344   0.261895
-0.0504626  -0.105206    0.26378
-0.0526479  -0.119338   0.272006
-0.0468662  -0.133106   0.253217
-0.054324 -0.108743  0.207776
-0.106207 -0.171362  0.240397
-0.106517 -0.172393  0.238705
-0.106336 -0.171416  0.240449
-0.106577 -0.172414  0.238726
-0.0965535  -0.137122   0.302448
-0.118273 -0.138414  0.293126
-0.0426934   -0.11726   0.245148
-0.0901372  -0.137441   0.302267
-0.100913 -0.146154  0.305673
-0.112398 -0.143667   0.30032
-0.101059 -0.145399  0.305879
-0.0841321  -0.111766    0.28301
-0.0468739  -0.133568   0.251236
-0.0737396  -0.146933   0.231575
-0.0720195  -0.142778   0.229826
-0.0718749  -0.143122   0.229357
-0.0348935 -0.0906151   0.211837
-0.0449587  -0.128643   0.252702
-0.0850219  -0.114636   0.285869
-0.0858989  -0.117907   0.288685
-0.0892313   -0.13472   0.299355
-0.0535763  -0.121032   0.270074
-0.0907393 -0.0683943   0.246474
-0.0399572  -0.114859   0.239851
-0.0856613 -0.0590237   0.241566
-0.0907421 -0.0683909    0.24648
-0.121876 -0.132047  0.283519
-0.0631753 -0.0472976   0.241138
-0.105475 -0.132807  0.289123
-0.115577 -0.133452  0.286488
-0.0470622 -0.0998259   0.259003
-0.0387542  -0.116884   0.241495
-0.0783164  -0.083431   0.261298
-0.087283 -0.107239  0.275985
-0.0878704  -0.107912   0.276297
-0.0889021   -0.10999   0.277503
-0.0907352 -0.0684027   0.246463
 -0.080622 -0.0804947   0.258437
-0.0801081 -0.0823688   0.259968
-0.0423179 -0.0761721   0.251835
-0.074426 -0.148605  0.232546
-0.0734411  -0.147063   0.231558
-0.0750552    -0.1495   0.232869
-0.0854773 -0.0696135   0.248794
-0.0443095  -0.101445   0.259046
-0.0844442 -0.0697187    0.24949
-0.0818896 -0.0685081     0.2494
-0.0899662  -0.143423   0.301674
-0.099364 -0.148603  0.302579
-0.0771919  -0.117315   0.286474
-0.0929404  -0.135531   0.294977
-0.0763294  -0.083391   0.261879
-0.0480279  -0.129745   0.255311
-0.0867588  -0.106963   0.276195
-0.0711321  -0.143397   0.229509
-0.0450951  -0.129714       0.25
-0.0881259  -0.108027   0.276528
-0.111852 -0.145945  0.296789
 -0.053947 -0.0999951   0.200401
-0.123017 -0.148657  0.295341
-0.111665 -0.146254  0.297073
-0.0782801  -0.110555   0.279908
-0.0997695  -0.148819   0.302612
-0.0428104   -0.12069   0.243246
-0.0466559   -0.12855   0.247822
-0.101692 -0.152313  0.304581
-0.0946733  -0.149004   0.304316
-0.0873751  -0.115101   0.281718
-0.0720961  -0.052559   0.241783
-0.0849034  -0.109115   0.276815
-0.0859984  -0.111005    0.27828
-0.077855 -0.116588  0.288231
-0.0763322  -0.114197   0.286085
-0.0759333  -0.115142    0.28479
-0.0754809  -0.113196   0.283102
-0.112844 -0.132409  0.293473
-0.111573 -0.132631  0.294313
-0.0763453  -0.111518   0.281315
-0.0906886  -0.141702   0.304023
-0.0892075  -0.139713   0.301776
-0.0928911  -0.115834   0.281452
-0.0887517  -0.116736   0.283387
-0.090071 -0.141182  0.302942
-0.0865082  -0.106548   0.279576
-0.0906207  -0.141753   0.303854
-0.0953961  -0.147283   0.306665
-0.123366 -0.149371  0.295756
-0.109143 -0.152463  0.302399
-0.102415 -0.150592   0.30693
-0.123122  -0.14893  0.295508
-0.0543166  -0.108775   0.207728
-0.113377 -0.150459  0.302282
-0.109865 -0.150742  0.304747
-0.0475612  -0.104955    0.25767
-0.0929245  -0.106655   0.277686
-0.123344 -0.148802  0.295337
-0.123333 -0.149303  0.295716
-0.123844 -0.148232  0.297309
-0.0739825  -0.147725   0.232179
-0.0718901  -0.142702   0.230066
-0.0921242   -0.13544   0.297716
-0.0537079 -0.0894687   0.193938
-0.054429 -0.118794  0.265949
-0.0683669 -0.0716548   0.257518
-0.0685316 -0.0712628   0.258053
-0.0488867  -0.107201   0.210679
-0.0565203   -0.10576   0.206739
-0.0551921  -0.050761   0.241886
-0.0853723  -0.115849   0.286657
-0.0888343  -0.134629   0.299606
-0.0840915  -0.116399   0.286234
-0.0472946  -0.107405   0.262602
-0.0472105  -0.129691   0.247058
-0.0895757   -0.10586   0.278129
-0.0738635  -0.079163    0.25413
-0.0779792 -0.0802424   0.253636
-0.0803324 -0.0792413   0.257607
-0.0751769 -0.0768027   0.257406
-0.0741769 -0.0795013   0.254263
-0.0846469  -0.112375   0.284671
-0.0845705  -0.112032   0.284399
-0.0796005 -0.0841713   0.256017
-0.0786751 -0.0838049   0.261461
-0.0395821  -0.113934   0.240987
-0.0773552 -0.0862633   0.258249
-0.0783515 -0.0836575   0.261447
-0.0751148   -0.14956   0.232822
-0.112199 -0.142979  0.300668
-0.0646777  -0.116386   0.217135
-0.074974 -0.149546  0.232864
-0.0659259  -0.115489   0.210683
-0.067061 -0.113894  0.214594
-0.0658404   -0.11465   0.210095
-0.0638334  -0.118646    0.21364
-0.0646454  -0.115987   0.216871
-0.064964 -0.113523  0.209538
-0.0469303  -0.102339    0.25755
-0.0628926  -0.112211   0.209214
-0.0648956  -0.110084   0.212469
-0.0604648  -0.111615   0.209525
-0.060506 -0.112057  0.209836
-0.0615297  -0.109619   0.213163
-0.0612253  -0.109279   0.212999
-0.0603381  -0.111861    0.20975
-0.0847549  -0.112845   0.284069
-0.0686524   -0.09992   0.198424
-0.0710042  -0.104458   0.201121
-0.107371 -0.181833  0.246545
-0.0841407  -0.111751   0.283038
-0.0515021  -0.132917   0.253117
-0.0494906  -0.134405   0.249899
-0.0490565  -0.132705   0.254662
-0.101245 -0.168681   0.23879
 -0.10273 -0.169748   0.23927
-0.107001 -0.181058  0.246092
-0.0885429  -0.117227   0.283811
-0.0471042  -0.129527   0.247059
-0.0883117   -0.13664   0.299338
-0.108193 -0.185502  0.246452
-0.0614187  -0.149706   0.237623
-0.0610218  -0.150657   0.236331
-0.0611172    -0.1474   0.236426
-0.0620919   -0.14546   0.234997
-0.0679149 -0.0507266   0.242193
-0.0493919  -0.105017   0.264634
-0.0659873  -0.111084   0.212865
 -0.083668 -0.0681202   0.248572
-0.0528653  -0.115631    0.26769
-0.0507545  -0.128119   0.253727
-0.0908694  -0.141524   0.303904
-0.0942296  -0.133085   0.298153
-0.100539 -0.145979  0.305661
-0.0716757  -0.143466   0.228933
-0.0565684  -0.107663   0.205587
-0.0955386  -0.108782    0.27841
-0.0786347 -0.0809665   0.253965
-0.0795978 -0.0829349   0.255111
-0.0592246  -0.112555   0.216023
-0.0622592  -0.115834   0.217493
-0.0601878  -0.114523   0.217169
-0.0945668  -0.117509   0.282274
-0.106229 -0.130481  0.292542
-0.105291 -0.132713  0.289495
 -0.11254 -0.143371  0.300056
  -0.1116 -0.145609  0.297002
-0.106229  -0.13048  0.292544
-0.0597382  -0.110681   0.214493
-0.071869 -0.143208  0.229214
-0.0473046  -0.128568   0.249757
-0.111767  -0.14615  0.296898
 -0.11205 -0.145507  0.296988
-0.111677 -0.146131  0.297483
-0.0887181  -0.109898   0.277875
-0.0599822 -0.0873641   0.190102
 -0.064687 -0.0935205   0.194305
-0.0929267  -0.115902   0.281409
-0.0964272  -0.119586   0.283768
-0.0935553  -0.116268   0.281496
-0.0731526 -0.0478892   0.239303
-0.0715697 -0.0448615   0.238266
-0.0727984  -0.047992    0.23948
-0.0322603 -0.0994332   0.242309
-0.0715711 -0.0448599    0.23827
-0.0747338 -0.0508623   0.240407
-0.0995989  -0.148217   0.302607
-0.0865045 -0.0582134   0.240587
-0.0795543  -0.049653   0.237824
-0.0799124 -0.0483256   0.236838
-0.0795575  -0.049658   0.237828
-0.0793107 -0.0499543    0.23812
-0.0724507 -0.0999664   0.273431
-0.089448 -0.134204  0.300059
-0.0623553  -0.132982   0.225211
-0.088778 -0.135485  0.298778
-0.0424106  -0.107174   0.216167
-0.123836 -0.148247  0.297289
-0.123163  -0.13078  0.284702
-0.116872 -0.134331  0.289287
-0.118006 -0.136284  0.290369
-0.0887809  -0.138869   0.301257
-0.0783928  -0.117638   0.288896
-0.046807 -0.103964  0.264831
-0.083412 -0.113518  0.283869
-0.0784051  -0.117603   0.288937
-0.0884516  -0.137317   0.300097
-0.090367 -0.141638  0.303563
-0.0893249  -0.138095   0.301106
-0.0903167  -0.134872   0.297856
-0.0901389  -0.137437   0.302274
-0.0907072  -0.141635   0.304084
-0.0899115  -0.137978   0.301534
-0.0422453   -0.11959   0.239643
-0.090647 -0.140151  0.303899
-0.0509506 -0.0674965   0.254792
-0.0763246   -0.11421   0.286063
-0.076868 -0.114999  0.286859
-0.114182 -0.150413    0.3015
-0.118102 -0.146469  0.297804
-0.114574  -0.15024  0.301653
-0.0883202  -0.136971   0.299739
-0.0610271  -0.150639   0.236351
-0.0614255  -0.151774   0.236675
-0.0608063  -0.148125   0.235387
-0.0709379   -0.14343   0.229615
-0.0618487  -0.146062   0.234134
-0.0729816  -0.149262   0.231278
-0.101247  -0.16868  0.238795
-0.102708 -0.169771  0.239268
-0.102592 -0.170784   0.23754
 -0.053735 -0.0894641   0.193914
-0.100883 -0.168446  0.238733
-0.101247 -0.168681  0.238796
-0.106004 -0.178915  0.244828
-0.0754022 -0.0852285   0.263896
-0.0894889  -0.138438   0.300724
-0.0913015  -0.138965   0.300552
-0.0543161 -0.0839935   0.185559
-0.048137 -0.101567  0.264171
-0.0859357  -0.107989   0.277828
-0.0482455  -0.131852   0.246783
-0.0592329 -0.0879883   0.191818
-0.0565615  -0.107688   0.205553
-0.0489439   -0.13328   0.247614
-0.0768681 -0.0984208   0.272374
-0.106259 -0.130463  0.292539
-0.092887 -0.116004   0.28145
-0.0963853  -0.119639   0.283803
 -0.11344 -0.131693  0.292281
-0.123018 -0.148666  0.295339
-0.122615  -0.13192  0.283118
 -0.11558 -0.133446  0.286495
-0.0815414  -0.107972   0.277935
 -0.12358 -0.132566  0.283274
-0.069327 -0.102274  0.201966
-0.067503 -0.102771  0.202646
-0.0897668  -0.121078   0.286894
-0.105924 -0.130322  0.293168
-0.123762 -0.148571  0.294637
-0.123301 -0.148784  0.295338
-0.123849 -0.148224  0.297332
-0.0689215 -0.0720576   0.258518
-0.0843512  -0.111254   0.283723
-0.0682877  -0.104344   0.203595
-0.112504 -0.143754  0.300397
-0.112648 -0.143364  0.300045
-0.100922 -0.146161  0.305675
-0.0999825  -0.148398   0.302622
 -0.11239 -0.143668  0.300319
-0.0383304  -0.115045   0.244949
-0.100436 -0.146027  0.305777
-0.100938 -0.146235  0.305752
 -0.11145 -0.145905  0.297266
-0.0995335  -0.148756   0.302572
-0.100107 -0.148664  0.302976
-0.0993198  -0.148287   0.302866
-0.0959946  -0.109039   0.277052
-0.115427 -0.133123  0.290067
-0.0747435 -0.0526686   0.241515
-0.0721802 -0.0523848   0.242096
 -0.056514 -0.0764219   0.261449
-0.0955276  -0.108774   0.278405
-0.0474831 -0.0408676   0.200635
-0.0355683 -0.0338736   0.222661
-0.0285261 -0.0398016   0.218397
-0.0243696  -0.045892    0.21143
-0.0237323 -0.0512172   0.202819
-0.0267106 -0.0549671   0.193876
-0.0328512 -0.0565704   0.185962
-0.0412193 -0.0557833   0.180281
-0.0505417  -0.052725   0.177699
-0.0593984 -0.0478626    0.17861
 -0.066441 -0.0419343   0.182873
-0.0705969 -0.0358439   0.189841
-0.0712343 -0.0305184   0.198452
-0.0682558 -0.0267678   0.207395
-0.0621153 -0.0251645   0.215309
-0.0537467 -0.0259522   0.220989
-0.0444245 -0.0290104   0.223571
F
  45  573 1644
 45 620 573
 45 635 620
  45  707 1831
  45 1644  707
  45 1831  635
303 560 570
303 561 571
303 562 569
303 569 576
303 570 562
303 571 560
303 573 561
 303  576 1210
 303 1210  573
455 456 487
455 458 522
455 465 456
455 466 467
455 467 465
455 487 458
455 522 466
456 465 467
456 467 485
456 485 487
458 460 522
458 487 460
460 487 490
 460  490 1864
460 520 522
 460 1864  520
 462  520 1864
462 521 520
 462 1864  521
464 520 521
464 521 522
464 522 520
466 522 467
467 488 485
467 521 530
467 522 521
467 530 565
467 565 488
483 486 498
483 487 486
483 489 487
 483  498 1866
 483 1865  489
 483 1866 1865
485 486 487
485 488 630
485 630 486
486 496 498
486 555 496
486 630 555
487 489 490
488 565 643
488 624 630
488 643 650
488 650 651
488 651 624
 489 1865  490
 490 1865 1864
 494  496 1327
494 498 496
 494 1327 1867
 494 1867  498
496 555 556
 496  556 1327
 498 1867 1866
503 556 613
503 613 682
 503  682 1325
 503 1325 1868
 503 1327  556
 503 1867 1327
 503 1868 1867
 508  509 1860
508 576 597
508 597 509
 508 1178 1206
 508 1199 1178
 508 1206 1208
 508 1208 1210
 508 1210  576
 508 1808 1199
 508 1860 1808
 509  511 1861
509 533 511
509 537 533
509 550 537
509 568 550
509 597 568
 509 1861 1860
 511  533 1862
 511 1862 1861
 521 1863  530
 521 1864 1863
 529  530 1863
 529 1862  530
 529 1863 1862
530 533 567
530 567 565
 530 1862  533
533 537 550
533 550 567
550 564 567
550 568 564
555 623 556
555 630 631
555 631 623
556 623 613
559 560 561
559 561 573
559 573 647
559 641 560
559 647 641
560 562 570
560 571 561
560 641 562
562 563 566
562 564 569
562 566 564
562 641 642
562 642 563
563 565 567
563 567 566
563 642 643
563 643 565
564 566 567
564 568 569
568 576 569
568 597 576
573 620 647
 573 1210 1212
 573 1212 1644
613 623 633
613 633 933
613 933 682
620 625 626
620 626 647
620 628 639
620 635 628
620 639 625
622 623 631
622 624 644
622 628 635
622 631 624
622 633 623
622 635 633
622 644 645
622 645 628
624 631 630
624 651 644
625 628 626
625 639 628
626 628 645
626 645 646
626 646 647
 633  635 1831
 633 1831  933
641 644 642
641 645 644
641 646 645
641 647 646
642 644 650
642 650 643
644 651 650
655 656 818
 655  818 1466
 655 1466  656
 656  657 1206
656 723 755
656 755 818
 656 1206  723
 656 1208  657
 656 1210 1208
 656 1212 1210
 656 1466 1644
 656 1644 1212
 657 1208 1206
 682  692 1311
682 706 708
 682  708 1359
682 933 706
 682 1311 1325
 682 1359 1389
 682 1389  692
 692  693 1868
 692 1359  693
 692 1389 1359
 692 1868 1311
 693  948 1088
 693 1088 1547
 693 1260 1869
 693 1359  948
 693 1547 1785
 693 1785 1260
 693 1869 1868
 698  699 1246
 698  755 1549
 698  819 1781
698 854 819
698 998 854
 698 1246  998
 698 1549  699
 698 1781  755
 699  998 1246
 699 1549  998
706 707 708
 706  933 1229
 706 1229  707
707 988 708
 707 1229 1831
 707 1466  988
 707 1644 1466
 708  987 1359
708 988 987
 714 1260 1785
 714 1546 1854
 714 1785 1546
 714 1854 1869
 714 1869 1260
 722  723 1178
 722  815 1361
 722 1178  815
 722 1361  723
723 756 755
 723  812 1753
 723 1206 1178
 723 1298 1337
 723 1336  812
 723 1337 1336
 723 1361 1298
 723 1753  756
750 754 755
750 755 756
750 756 961
 750  961 1009
 750 1009  754
754 813 755
754 997 813
 754 1009  997
 755  813 1050
 755 1050 1549
 755 1781  818
 756  964 1221
 756 1009  961
 756 1153 1009
 756 1221 1153
 756 1753  964
 767 1152 1546
 767 1517 1152
 767 1546 1785
 767 1547 1517
 767 1785 1547
 812 1258 1303
 812 1303 1753
 812 1336 1361
 812 1361 1258
 813  997 1050
 815  816 1361
 815 1178 1199
 815 1199  816
 816  980 1258
 816 1138 1543
 816 1199 1138
 816 1258 1361
 816 1543  980
 817  818 1781
 817  819 1517
817 987 988
817 988 818
 817 1293 1480
 817 1480  987
 817 1517 1293
 817 1781  819
 818  988 1466
 819  854 1152
 819 1152 1517
 825  980 1857
 825 1303  980
 825 1857 1303
 854  998 1489
 854 1153 1221
 854 1221 1546
 854 1489 1153
 854 1546 1152
896 897 898
 896  898 1859
 896  973 1099
 896 1099 1199
 896 1134  897
 896 1199 1134
 896 1859  973
 897 1134 1199
 897 1199 1808
 897 1808 1860
 897 1859  898
 897 1860 1859
 933 1831 1229
 948 1293 1088
 948 1359 1480
 948 1480 1293
 962 1009 1153
 962 1153 1489
 962 1185 1009
 962 1489 1185
 964 1303 1856
 964 1753 1303
 964 1855 1221
 964 1856 1855
 973 1138 1099
 973 1541 1543
 973 1543 1138
 973 1858 1541
 973 1859 1858
 980 1303 1258
 980 1541 1858
 980 1543 1541
 980 1858 1857
 987 1480 1359
 997 1009 1185
 997 1185 1549
 997 1549 1050
 998 1185 1489
 998 1549 1185
1088 1293 1547
1099 1138 1199
1221 1855 1546
1293 1517 1547
1298 1361 1337
1303 1857 1856
1311 1868 1325
1336 1337 1361
1546 1855 1854
1854 1855 1856
1854 1856 1869
1856 1857 1858
1856 1858 1863
1856 1863 1869
1858 1859 1860
1858 1860 1863
1860 1861 1862
1860 1862 1863
1863 1864 1865
1863 1865 1867
1863 1867 1869
1865 1866 1867
1867 1868 1869
