36
r_forearm 
V
-0.0721102   -0.25757   0.392756
-0.0720948  -0.256515    0.39207
-0.0765114  -0.252086   0.394169
-0.146311 -0.212739  0.312365
-0.145255 -0.204739  0.316467
-0.145721 -0.208873    0.3139
  -0.1167 -0.230073  0.283148
 -0.11001 -0.225717   0.28156
-0.111496 -0.227499  0.281427
-0.107797 -0.192247  0.343282
-0.124046 -0.176533  0.320913
-0.110592 -0.189384  0.341881
-0.116926 -0.183508  0.329361
-0.0502732  -0.252073   0.358518
-0.0555197  -0.257604   0.358505
-0.0533075  -0.255977    0.35809
-0.124231 -0.176385  0.320188
-0.119317 -0.181225  0.325609
-0.116667 -0.183804  0.329022
-0.117642  -0.19673  0.342093
-0.124162 -0.176397  0.321058
-0.138686  -0.19262   0.32051
-0.134742 -0.187229  0.320283
-0.136026 -0.189297  0.320817
-0.130661 -0.183153  0.321112
-0.0680304  -0.261295   0.388125
-0.0701115  -0.258881   0.390485
 -0.12411 -0.176464   0.32094
  -0.1143 -0.230677  0.282533
-0.140222 -0.195029   0.32004
-0.123538 -0.204192  0.341597
-0.114649 -0.243456  0.335392
-0.116147 -0.241743  0.337347
-0.113252 -0.244858    0.3352
 -0.12802 -0.211643  0.340266
-0.143251 -0.200311  0.318798
-0.128606 -0.234391  0.312395
-0.133448 -0.229231  0.294115
-0.129151 -0.233882  0.313045
-0.142502 -0.198439  0.319342
-0.130784 -0.218951  0.337949
-0.146112 -0.209469  0.315135
-0.136556 -0.228368  0.296571
-0.132843 -0.230628  0.292905
-0.131543 -0.225985  0.334506
-0.145043 -0.219188  0.308665
-0.145388  -0.21763   0.30981
-0.0647361  -0.264923   0.382424
-0.0635331  -0.265931   0.377123
-0.0652824  -0.264291   0.383066
-0.0879314  -0.261082   0.358294
-0.0811787  -0.261732   0.353035
-0.0925463  -0.257265   0.340554
-0.130049 -0.232616  0.329816
-0.144251 -0.220952  0.307025
-0.126163  -0.23873  0.323822
-0.140498 -0.226037  0.301722
-0.0735093   -0.25933   0.348836
-0.0747998  -0.249744   0.332297
-0.084893 -0.255349  0.336159
-0.120724 -0.243275  0.317645
-0.134268 -0.231428  0.294646
-0.140333 -0.224871  0.300813
-0.143206 -0.220767  0.305249
-0.110863 -0.250437  0.345799
-0.104591 -0.255106  0.338894
-0.114761 -0.243709  0.352049
-0.115708  -0.23619  0.356643
-0.113628 -0.227046  0.360065
-0.107537 -0.215822  0.362061
 -0.10275 -0.209609  0.362363
-0.0965052   -0.20295   0.362117
-0.0938886  -0.205656   0.363056
-0.0949892  -0.204414   0.364236
-0.0770518  -0.263511   0.371661
-0.0720862  -0.264832   0.367393
-0.0982396  -0.213668   0.368274
-0.0921752  -0.207141   0.368028
-0.0994099  -0.218846   0.279025
-0.0930105    -0.2121   0.279041
-0.0925066  -0.212676   0.278383
-0.0516507  -0.250949   0.353468
-0.0634273  -0.240019   0.330257
-0.105929 -0.253577  0.352327
-0.063216 -0.266293  0.376695
-0.0633446  -0.265478   0.370078
-0.0999102  -0.258045   0.345676
-0.110634 -0.239768  0.362742
-0.0761587  -0.225681   0.388128
-0.0763649  -0.227708   0.389322
-0.0769451  -0.227292   0.389932
-0.109675 -0.247102   0.35831
-0.108685 -0.230788  0.366054
-0.102857  -0.21976  0.367987
 -0.09491 -0.258507  0.365088
-0.0897955  -0.262473   0.359305
-0.0994597  -0.245992   0.374571
-0.0983713   -0.25267   0.370498
-0.0983224  -0.238716   0.377405
-0.0951454  -0.231086   0.379121
-0.0901077  -0.223346   0.379836
-0.0553153  -0.254312   0.355143
-0.0539918   -0.25336   0.354883
-0.055664 -0.255511   0.35623
-0.0921707  -0.207146   0.368022
-0.0784658   -0.22918   0.388328
-0.0771693  -0.228701   0.389234
-0.0833274  -0.215735   0.379633
-0.0832554  -0.215975    0.37713
-0.0835568  -0.215511    0.37934
-0.121143 -0.232301  0.284995
-0.125404 -0.232097  0.287383
-0.128904 -0.232637  0.289644
-0.0771739  -0.230457     0.3882
-0.0755787  -0.223611   0.384666
-0.0731442  -0.225929   0.388369
-0.145018  -0.21671  0.308796
-0.0516626  -0.255974   0.356955
-0.0519373  -0.255879   0.357293
-0.0522809  -0.255239   0.357888
-0.0771232  -0.226327   0.390162
-0.0771713  -0.225573   0.389883
-0.0771879  -0.225643    0.38993
-0.075178 -0.223682  0.389839
-0.102918 -0.222744  0.279288
-0.0794838  -0.225686   0.388465
-0.0764121  -0.222645   0.385761
-0.0747193  -0.224151   0.390088
-0.0815546  -0.230601   0.389719
-0.0760928  -0.226252   0.388588
-0.0768233  -0.225448   0.387344
 -0.05292 -0.256697   0.35742
-0.0562986  -0.259291   0.357988
-0.0549354  -0.251782      0.355
-0.0526387   -0.24982   0.354732
-0.0581142  -0.256222   0.354344
-0.084275 -0.237622  0.390115
-0.0839268  -0.235442   0.389818
-0.0827696  -0.232438   0.389637
-0.0832282   -0.24446   0.391858
-0.0870644  -0.250624   0.385867
-0.0857793  -0.256424   0.382112
-0.08257 -0.26158 0.377234
-0.0781061  -0.265221   0.372085
-0.069172 -0.262733  0.388509
-0.0672239  -0.264924   0.385585
-0.0733519  -0.257815   0.392566
-0.071305 -0.260259  0.390927
-0.0772814  -0.252871   0.393854
-0.0840556  -0.241321    0.39085
-0.0890701  -0.215801   0.286131
-0.0887899  -0.216121   0.285766
-0.0938914  -0.220767   0.286189
-0.0583949  -0.260789   0.358855
-0.0569135  -0.258592   0.358787
-0.060564 -0.261468  0.360804
-0.116453 -0.241495  0.336895
-0.117156 -0.240766  0.337193
-0.123125  -0.18597  0.325165
-0.119032 -0.181551  0.325237
-0.0794651  -0.228251   0.384332
-0.120759 -0.188222  0.328951
-0.0842881   -0.23759   0.390136
-0.0825233  -0.235779   0.389857
-0.0816301    -0.2307   0.389714
-0.0936871   -0.21962   0.286744
-0.0938878  -0.220734   0.286206
-0.0913216  -0.221872   0.290529
-0.0795974   -0.22824   0.389912
-0.0816288  -0.230699   0.389685
-0.080632 -0.231494  0.389736
-0.0806055  -0.231509   0.389736
-0.079589 -0.228244  0.389889
-0.0990079   -0.25626   0.345745
-0.079145 -0.228968  0.387542
-0.0797007  -0.226407   0.387934
-0.0792244   -0.22803   0.389966
-0.0627036  -0.263979   0.364695
-0.060507 -0.261438   0.36082
-0.0792955  -0.228498   0.387073
-0.0829156  -0.241639   0.391129
-0.0807059  -0.246397   0.392813
-0.0801057  -0.246317   0.391955
-0.0786245  -0.226172   0.386124
-0.0800272   -0.22505   0.387767
-0.0628269  -0.266793     0.3695
-0.0623129  -0.264575   0.364791
-0.0630515  -0.265813   0.369696
-0.0549157  -0.253695   0.353849
-0.0530036  -0.256596   0.357299
-0.0562557  -0.259347   0.358041
-0.0562728  -0.259666   0.356897
-0.0549853  -0.255821   0.359233
-0.057359 -0.253554  0.355454
-0.0682312  -0.262239   0.388794
-0.0649574  -0.265728   0.383455
-0.0657844  -0.266574   0.382742
-0.0682237  -0.262254   0.388818
-0.0815543  -0.247118   0.392619
-0.0831151  -0.244366    0.39166
-0.0808193  -0.246466   0.392834
-0.0915112  -0.213729   0.278393
-0.0840761  -0.241347   0.390905
-0.0893693  -0.236842   0.302859
-0.065971 -0.237854  0.322265
-0.0725775  -0.243784   0.323161
-0.124331 -0.235273  0.323867
-0.123836 -0.235838  0.323223
-0.131968  -0.22844  0.317942
-0.0784703  -0.226101   0.299957
-0.0777897  -0.226548   0.304118
-0.0646671  -0.239075   0.324659
-0.105719 -0.223763  0.280041
-0.101645 -0.219697  0.279915
-0.0655899  -0.238004   0.326122
-0.0606447  -0.262699   0.360963
-0.0627158   -0.26385   0.364725
-0.078562 -0.248367  0.324563
-0.0746044  -0.251481   0.331428
-0.0687872  -0.247028   0.330006
-0.0623469  -0.241237   0.329096
-0.0659662  -0.237859   0.322259
-0.100948 -0.242589  0.304932
-0.0889943   -0.25423   0.328439
-0.0847539  -0.257175   0.335333
-0.115846 -0.243156   0.32801
-0.116245 -0.242345  0.331495
-0.117377 -0.243491  0.331631
-0.108008 -0.244986  0.308222
-0.0973813  -0.256279   0.333177
 -0.11464 -0.245307  0.312444
-0.0929241  -0.259171    0.34006
-0.125137 -0.233447  0.287758
-0.116097 -0.231352  0.283356
-0.108311 -0.227343  0.280863
-0.116687 -0.241926  0.331347
-0.117836 -0.243091  0.331486
-0.117377 -0.243492  0.331632
-0.0581045  -0.256253   0.354307
-0.055515 -0.257602  0.358503
-0.0967104  -0.218472   0.278873
-0.091538 -0.213693  0.278482
-0.0887849  -0.216127   0.285759
-0.0759036  -0.251789    0.39326
-0.0864454   -0.21835   0.289578
-0.0600834  -0.262746    0.35982
-0.0563217  -0.259348   0.357791
-0.0984981  -0.219918   0.279132
-0.0920077  -0.213219   0.278146
-0.130578 -0.183218  0.319704
-0.135882 -0.189284  0.319408
-0.132893 -0.231914  0.293502
-0.136248 -0.230227  0.296503
-0.126297 -0.231216  0.288465
-0.112703 -0.245138  0.337397
-0.115142 -0.242522  0.339144
-0.114826 -0.242712  0.340166
-0.104882 -0.224899  0.280168
 -0.11076 -0.228709  0.281585
-0.0779025  -0.228345   0.390171
-0.0569826  -0.246008   0.342838
-0.0554299  -0.247663    0.34263
-0.0628577  -0.254496    0.34427
-0.0622493  -0.241346   0.328994
-0.116371 -0.241293   0.33927
-0.115453 -0.242232  0.338997
-0.0702604  -0.259532   0.346642
-0.0773205  -0.262723   0.349994
-0.0838829  -0.263798   0.354241
-0.0867046  -0.218054   0.289917
-0.0517358  -0.250852   0.353554
-0.0825725  -0.241333   0.390444
-0.0554086  -0.256145   0.357063
-0.0534707  -0.257589   0.356583
-0.0536814  -0.255858   0.354054
-0.0915148  -0.222958   0.290004
-0.0538277  -0.257696   0.356262
-0.0563706  -0.259574   0.356746
-0.0535645  -0.255931   0.354272
-0.0585679  -0.261228   0.357575
-0.058566 -0.261224  0.357572
-0.0630815  -0.267433    0.37667
-0.0661284  -0.263434   0.385272
-0.061349 -0.263821  0.360151
-0.0613623  -0.263722   0.360164
-0.124817  -0.23496  0.322462
-0.128121 -0.232838  0.312919
-0.118103 -0.240324  0.333063
-0.117608 -0.240889  0.332418
-0.0637413  -0.267385   0.368746
-0.0632517   -0.26598   0.364369
-0.0730511  -0.266741   0.367529
-0.129166 -0.233897  0.313047
-0.115872 -0.243579  0.324239
-0.116287 -0.242736  0.327862
-0.117287  -0.24375  0.327983
-0.0657825  -0.266462   0.382645
-0.0641362  -0.267899   0.376692
-0.0490536  -0.253545   0.355743
-0.0510668  -0.255501   0.355854
-0.0573931  -0.253482   0.355524
-0.0513214  -0.255812   0.356485
-0.0489295  -0.253631   0.356427
-0.0511278  -0.255512   0.355984
-0.0490502   -0.25355   0.355732
-0.0490899  -0.253417   0.357076
-0.0629715  -0.266992   0.369466
-0.0510776  -0.255379   0.355874
-0.0520174  -0.253392    0.35605
-0.0938871   -0.22073   0.286208
-0.0887767  -0.216138   0.285747
-0.0549299  -0.253834   0.354856
-0.0625432  -0.264693   0.365046
-0.113955 -0.243944  0.337042
-0.115003 -0.242746   0.33841
-0.113644 -0.244235  0.337189
-0.140216 -0.224885   0.30093
-0.124017 -0.176657  0.319509
-0.0638013  -0.267411   0.369448
-0.0632315  -0.266031   0.364349
-0.0550276  -0.255735    0.35931
-0.0581149  -0.256225   0.354342
-0.0555171  -0.257596   0.358508
-0.0769575  -0.227281   0.389947
-0.0742758  -0.224635   0.389845
 -0.11596 -0.243834  0.338978
-0.116061 -0.243816  0.338538
-0.116371 -0.243527  0.338391
-0.116539 -0.244254  0.324321
-0.114969 -0.242779  0.338417
-0.116471 -0.243267  0.339167
-0.116579 -0.243252  0.338682
-0.0548197  -0.256209   0.357467
-0.115487 -0.242199   0.33899
-0.116066 -0.243818  0.338492
-0.116168 -0.243559  0.339268
-0.116475 -0.243267   0.33912
-0.0491411  -0.253367    0.35704
-0.114041 -0.243911  0.336601
-0.113816 -0.244168  0.336308
-0.118206 -0.229803  0.284249
-0.0529138  -0.256942   0.357364
-0.0770315  -0.227225   0.389787
-0.0752012  -0.223652   0.389949
-0.117456 -0.241198  0.331089
-0.0525699  -0.254035   0.358785
-0.115314 -0.242456  0.338263
 -0.11627 -0.241974  0.334394
-0.117414 -0.243133  0.334532
-0.118085 -0.242617  0.333567
-0.114697 -0.243576  0.333984
-0.116764  -0.24141  0.335039
-0.117057 -0.242008  0.327604
-0.116642  -0.24285  0.323981
-0.117356 -0.243196  0.334481
-0.118095 -0.242648  0.333511
-0.0781078  -0.225793   0.386359
-0.117836 -0.243091  0.331486
-0.117356 -0.243196  0.334481
-0.115858 -0.244631  0.334101
-0.117418 -0.243131  0.334526
-0.113505 -0.244458  0.336455
-0.118075 -0.242648   0.33345
-0.117419 -0.240878  0.334072
-0.116925 -0.241443  0.333427
 -0.12409 -0.234185  0.334965
-0.118085 -0.242618  0.333567
-0.117841 -0.243095  0.331486
-0.114917 -0.242779  0.338851
-0.113193 -0.242617   0.35145
-0.114113 -0.245639  0.339105
-0.115098 -0.244487  0.340144
 -0.10951 -0.248986  0.345564
-0.114455   -0.2452  0.339842
-0.113906 -0.246192  0.335901
-0.113339 -0.244269  0.339408
-0.116339 -0.243171  0.340167
-0.117567 -0.242092  0.339059
-0.124631 -0.234664  0.335036
-0.118226 -0.241846   0.33708
-0.117898 -0.242558  0.335176
-0.118569 -0.242043  0.334211
-0.117898 -0.242558  0.335176
-0.121878 -0.238304  0.334656
-0.124532 -0.234632  0.335018
-0.129284  -0.22974  0.330207
-0.124793  -0.23475  0.333951
-0.124533 -0.234634  0.335018
-0.124228 -0.234179  0.333883
-0.122301   -0.2381  0.333612
-0.124866 -0.234795   0.33396
-0.125532 -0.236489  0.324012
-0.119264 -0.241505  0.333203
-0.119267 -0.241503  0.333203
-0.125531 -0.236489  0.324013
-0.119281 -0.241517  0.333205
-0.113419 -0.244491  0.336895
-0.132876 -0.229361  0.318048
-0.129256 -0.232954  0.321028
-0.114055  -0.23562  0.355658
-0.130062 -0.222559  0.334697
-0.144971 -0.210043  0.312735
-0.143705 -0.217551  0.307476
-0.112065 -0.227066  0.358797
-0.128191 -0.214907  0.337758
-0.142941 -0.201861  0.316336
-0.123948 -0.206828  0.339593
-0.104629 -0.213963  0.360931
-0.117703 -0.198531  0.340348
-0.138283 -0.193719   0.31827
-0.121783  -0.18832  0.329532
-0.117032  -0.18338   0.32951
-0.116522 -0.244238  0.324317
  -0.1317 -0.185559  0.319012
-0.124207 -0.186072   0.32578
-0.107041 -0.223922  0.280776
-0.0955831  -0.204018     0.3607
-0.0517926   -0.25403   0.356871
-0.0525096  -0.253241    0.35561
-0.101546   -0.2203  0.366563
-0.106213 -0.216385   0.36066
-0.101597 -0.210423   0.36094
-0.091262 -0.208201  0.366586
-0.0955872  -0.204014   0.360706
-0.107153 -0.230774  0.364751
-0.109035 -0.239158  0.361693
-0.140005 -0.194911  0.318637
-0.108179 -0.245966   0.35762
-0.109522 -0.249003  0.345565
-0.113745 -0.246221  0.337107
-0.114121 -0.245647  0.339106
-0.109504 -0.248979  0.345562
-0.0806236  -0.231484   0.389737
-0.0778219  -0.228232   0.389921
-0.103622 -0.253364  0.339054
-0.104667 -0.252091  0.351997
-0.114413 -0.245812  0.335131
-0.116814 -0.244136  0.328126
-0.116528 -0.244244  0.324316
-0.132862 -0.229344   0.31805
-0.139482 -0.224199   0.30088
-0.132442 -0.229984  0.317414
-0.131474 -0.229004  0.317297
-0.132864 -0.229346   0.31805
-0.115539 -0.242199  0.338556
 -0.13244 -0.229983  0.317414
-0.126037 -0.236191  0.322606
-0.0563183  -0.259273   0.358011
-0.126017 -0.236175  0.322606
-0.132464 -0.230008  0.317418
-0.126619 -0.235818  0.320926
-0.114955 -0.243207  0.334939
-0.0519277  -0.255893   0.357279
-0.126021 -0.236179  0.322607
 -0.13952 -0.224233  0.300885
-0.126608 -0.235807  0.320922
-0.139489 -0.224198  0.300885
-0.142961 -0.200054  0.317423
-0.123513 -0.177232  0.318852
-0.119326 -0.181218  0.325619
-0.123518 -0.177226  0.318859
-0.124243 -0.186073  0.325803
-0.119312 -0.181231  0.325603
-0.121781 -0.188319  0.329531
 -0.12421 -0.186072  0.325783
-0.121817  -0.18832  0.329554
-0.0771913  -0.225635   0.389954
-0.127627 -0.233402  0.312275
-0.125047 -0.237063  0.323368
-0.128634 -0.234425  0.312399
-0.117875 -0.240801  0.330949
-0.117475 -0.241611  0.327464
-0.125145 -0.237007  0.323092
-0.118966 -0.241888  0.316546
-0.118798 -0.242093  0.332561
-0.125046 -0.237062  0.323368
-0.119052    -0.242  0.331093
 -0.11877 -0.242106  0.332443
-0.118631 -0.242387  0.331231
-0.115769 -0.244587  0.335529
-0.117219  -0.24283  0.337477
-0.117535 -0.242591  0.337026
-0.116529 -0.243826  0.335666
-0.117226 -0.242836  0.337478
-0.116214 -0.244065  0.336117
 -0.11754 -0.242596  0.337026
 -0.11653 -0.243826  0.335666
-0.115754 -0.244576  0.335525
-0.116084 -0.244348  0.335078
-0.0822239  -0.228694   0.385791
-0.076474 -0.222572  0.385866
-0.0952303    -0.2345   0.377186
-0.0977112  -0.242834   0.374613
-0.0973023   -0.25037   0.370525
-0.104645  -0.25207  0.351991
-0.0937202  -0.256958   0.364643
-0.0800123  -0.232182   0.388938
-0.0820929  -0.236725   0.388999
-0.0825751   -0.23578   0.389721
-0.0821225  -0.236712   0.389025
-0.0800138  -0.232187   0.388937
-0.0789355  -0.230837   0.389066
-0.0806088  -0.231505   0.389715
-0.0821444  -0.241745   0.390062
-0.0825507   -0.24165    0.39057
-0.0820585   -0.24173   0.389963
-0.0855754  -0.249411   0.384998
-0.0798133  -0.246653   0.391573
-0.0845335  -0.254959   0.381426
-0.0756233  -0.252105   0.392847
-0.0814698  -0.259986   0.376681
-0.0716902  -0.256965   0.391407
-0.068167 -0.261095  0.387844
-0.0821563  -0.228739   0.385723
-0.0794351  -0.225667   0.385851
-0.0755097  -0.223676   0.384583
-0.0789306  -0.230837   0.389064
-0.0776057  -0.225868   0.384588
-0.0789279  -0.230835   0.389063
-0.08216 -0.22874 0.385725
-0.0752402  -0.228121   0.388374
-0.0770996  -0.230504   0.388118
-0.116069 -0.244336  0.335074
-0.115754 -0.244575  0.335525
-0.114482 -0.245569  0.337023
-0.114571 -0.245537  0.336584
-0.114894 -0.245259  0.336438
-0.113471 -0.244491  0.336462
-0.115025 -0.245031  0.337217
-0.114714 -0.245319  0.337318
-0.115126  -0.24501  0.336732
-0.113989 -0.243912  0.337034
-0.114582 -0.245546  0.336541
-0.115035 -0.245039  0.337172
-0.116823 -0.244144  0.328129
-0.117288  -0.24375  0.327983
-0.0778426  -0.228147   0.389734
-0.112277 -0.243415  0.311191
-0.0969601  -0.254403   0.333742
-0.104904 -0.242089  0.307045
-0.0891131  -0.252426   0.329311
-0.0968692  -0.238252    0.30398
-0.0768271  -0.245236    0.32493
-0.0791582  -0.246783   0.325642
-0.091511  -0.22292  0.290024
-0.0752101  -0.249881   0.332478
-0.0734023  -0.242362   0.324306
-0.0883875  -0.232312   0.301928
-0.0863128  -0.218498   0.289415
-0.0670404  -0.236645   0.323446
-0.0634218  -0.240025   0.330251
-0.0915097  -0.222927   0.290018
-0.0770817  -0.226916   0.390131
-0.0520534  -0.255804   0.357196
-0.118561 -0.242711  0.327595
-0.118115  -0.24308  0.327732
-0.117404 -0.243625   0.32407
-0.118629 -0.242386  0.331231
-0.119057 -0.241999  0.331092
-0.118575 -0.242725  0.327598
-0.117409 -0.243627  0.324076
-0.118115  -0.24308  0.327732
-0.053828 -0.257705  0.356267
-0.117392 -0.243611  0.324072
-0.0676804  -0.251449   0.401467
-0.050354 -0.249815  0.391613
-0.0651358   -0.24452   0.404001
-0.0603412  -0.238398   0.404648
-0.0540258  -0.234013   0.403311
-0.0471512  -0.232035   0.400193
-0.0407645  -0.232762   0.395769
-0.0358375  -0.236086   0.390712
-0.0331206    -0.2415   0.385792
-0.0330271   -0.24818   0.381758
-0.0355717  -0.255108   0.379225
-0.0403665  -0.261231   0.378577
-0.0466817  -0.265615   0.379915
-0.0535563  -0.267595   0.383033
-0.059943 -0.266866  0.387457
-0.0648704  -0.263543   0.392514
-0.0675869  -0.258128   0.397434
-0.103045 -0.177661   0.33623
-0.0957843   -0.20226   0.362056
-0.0863429  -0.194635   0.360597
-0.0817278  -0.215899   0.380768
 -0.10983 -0.188732  0.341881
-0.109591 -0.189053  0.340848
-0.0953183  -0.202798   0.361364
-0.0888068  -0.209019   0.371489
-0.0891547  -0.181901   0.346192
-0.0781943   -0.19041    0.35818
-0.073493 -0.209419  0.379365
-0.0946445  -0.180471   0.342772
-0.0984405  -0.179344    0.33996
-0.0716678   -0.21345   0.295413
-0.0768673  -0.210408    0.28954
-0.0718388  -0.212192   0.295809
-0.0769039  -0.184923   0.350871
-0.0708695  -0.188858   0.354799
-0.0662283  -0.205978   0.377089
-0.082943 -0.183393  0.349105
-0.0716364  -0.186518   0.351409
-0.0637125  -0.189937   0.349981
-0.0594851  -0.205048   0.373801
-0.0734296  -0.225637   0.388059
-0.0712918  -0.220673   0.384395
-0.0693807  -0.222512    0.38739
-0.0526761  -0.206825   0.368897
-0.0588303  -0.193127   0.347247
-0.0592891  -0.193001   0.346504
-0.063695 -0.189902  0.349975
-0.0693229  -0.222572   0.387318
-0.0712681  -0.220719   0.384353
-0.0703607  -0.219426   0.384555
-0.109276 -0.194996   0.34416
-0.108534 -0.195709  0.345254
 -0.10719 -0.192832  0.344145
-0.0984688  -0.205409   0.359609
-0.0977017  -0.206151    0.36067
-0.0963832  -0.203245   0.359594
-0.0368634   -0.23917   0.363399
-0.0356096  -0.237385    0.36974
-0.0367869  -0.237244   0.369831
-0.0828504  -0.183318   0.349184
-0.0717451  -0.186421   0.351444
-0.0805976  -0.209782   0.284008
-0.0806659  -0.208511   0.284596
-0.0950942  -0.180046   0.341951
-0.0714092  -0.223922   0.388479
-0.0693023  -0.222392   0.388073
-0.0689219  -0.222005   0.388065
-0.102901 -0.177807  0.336184
 -0.04804 -0.250995  0.356333
-0.0467432  -0.250515   0.357239
-0.0464885  -0.250699   0.356971
-0.115804 -0.172455  0.323132
-0.0452929  -0.249737   0.356698
-0.0456221   -0.24975   0.356994
-0.0459389  -0.249523   0.357327
-0.108595 -0.175382  0.330566
-0.112717 -0.173188  0.325865
-0.0527278  -0.204746   0.343808
-0.0518133  -0.208624   0.355335
-0.0519942  -0.208054   0.353938
-0.123318 -0.175849  0.320865
-0.120125 -0.173522  0.321222
-0.072595  -0.22173  0.389744
-0.0718054  -0.221974   0.389783
-0.0713186  -0.222423   0.389314
-0.123311 -0.175845  0.320847
 -0.12328 -0.175494  0.320125
-0.123389 -0.175774  0.320895
-0.123093 -0.175639  0.320849
-0.123503 -0.175702  0.320139
-0.123287 -0.175975  0.319459
-0.0481871  -0.250467    0.35817
-0.0456388   -0.24794   0.358081
-0.0465231   -0.24843   0.358342
-0.112717  -0.17318  0.325869
-0.119776  -0.17348  0.319822
-0.123072  -0.17577  0.319446
-0.112122 -0.172893  0.325521
-0.124013 -0.176661  0.319504
-0.110314 -0.189742  0.340895
-0.117985 -0.172764  0.321933
-0.115096 -0.172106  0.321932
-0.0693373  -0.238574   0.323649
-0.0704969  -0.237384     0.3231
-0.0699895  -0.237964   0.322438
-0.0505526  -0.248214   0.354384
-0.0488886  -0.246177   0.354557
-0.0484818  -0.245821   0.354515
  -0.1195 -0.173005   0.32064
-0.120097 -0.173561  0.321181
-0.087425  -0.20967  0.278777
-0.0915692  -0.211781    0.27833
-0.0883701  -0.209387   0.278825
-0.0489767  -0.214754   0.364593
-0.0511435  -0.212103   0.366639
-0.0489487  -0.214664   0.364008
-0.0742054  -0.224716   0.389754
-0.0714703  -0.222142   0.389576
-0.0883503  -0.209548   0.370785
-0.0804328   -0.21716   0.382349
-0.0464288  -0.250994   0.356649
-0.0464947    -0.2507   0.356952
-0.0484213  -0.252673   0.357003
-0.0798369  -0.217825   0.381826
-0.0834264  -0.213949   0.289644
-0.0821437  -0.213991   0.289485
-0.0822803  -0.213309   0.289334
-0.0729287  -0.219416   0.387931
-0.0675363  -0.217592   0.388707
-0.0744452  -0.223003   0.389787
-0.0817101  -0.215915   0.380744
-0.0542675  -0.197385   0.342693
-0.046068 -0.212081  0.361849
-0.0470708  -0.216403   0.378181
-0.0422807  -0.246261   0.356021
-0.0411491  -0.243979   0.358084
-0.0427141  -0.246146   0.357321
-0.0565066  -0.195116   0.345219
-0.046096 -0.248081  0.358371
-0.0464742  -0.247469   0.358223
-0.0470798  -0.248022   0.358264
-0.0420056  -0.220763   0.372566
-0.042125 -0.218362   0.35548
-0.0524541  -0.199748   0.339929
-0.0511651  -0.201889   0.337242
-0.0542978  -0.197404    0.34269
-0.0548409  -0.197148   0.342049
-0.0530632  -0.199475   0.339359
-0.0542726  -0.197371   0.342677
-0.0804827  -0.209059   0.284225
-0.083638 -0.208475  0.281006
-0.0838844  -0.207894   0.281322
-0.0570276  -0.194943   0.344533
-0.0653926  -0.214058   0.302989
-0.0650437  -0.213369   0.304086
-0.0609483  -0.213339   0.309212
-0.0673495  -0.217673   0.388847
-0.0688984  -0.218527   0.388996
-0.0703757  -0.219674   0.389358
-0.0703685  -0.219593   0.389276
-0.0716896  -0.220128   0.384229
-0.0752732  -0.223901   0.384962
-0.075763 -0.223378  0.384862
-0.0698041  -0.220476   0.388096
-0.0704157  -0.220311   0.389585
-0.068749 -0.221523  0.388244
-0.0613434   -0.21573   0.387939
-0.058342 -0.215829   0.38794
-0.0658174  -0.216713   0.388349
-0.0628251  -0.216545   0.388331
-0.0613497  -0.215732   0.387934
-0.0674582  -0.217484    0.38884
-0.0557409  -0.216562   0.387869
-0.0517126  -0.218261   0.388048
-0.086082 -0.217493  0.375057
-0.0865145  -0.216999   0.375621
-0.0873065  -0.216229   0.374593
-0.0788492  -0.229641    0.30651
-0.0800193  -0.228439   0.305976
-0.0795259  -0.229003   0.305332
-0.0692807  -0.222431   0.388093
-0.0733536  -0.225681   0.388725
-0.0693757  -0.222521   0.387381
-0.0465096   -0.24845     0.3584
-0.0470252   -0.24804    0.35815
-0.0505098  -0.251847   0.358139
-0.0435994  -0.225046   0.387184
-0.0494159  -0.220028   0.388115
-0.0476403  -0.245491   0.354855
-0.0480043  -0.245688   0.354296
-0.0485177  -0.245764   0.354482
-0.0387932  -0.229993   0.383111
-0.0384039  -0.226311    0.36687
-0.0731002  -0.221801   0.389662
-0.0739875  -0.223471   0.390035
-0.0704801  -0.221335   0.389438
-0.0704979  -0.220903     0.3896
-0.0728326  -0.222655    0.38869
-0.0702925  -0.221684   0.389113
-0.0723823  -0.220553   0.386691
-0.0440363  -0.226006   0.387809
-0.0435899  -0.225047   0.387179
-0.0557387  -0.216473   0.387941
-0.0519689   -0.21828   0.387956
-0.0501971  -0.220916   0.388666
-0.0500722  -0.220749   0.388606
-0.0845093  -0.211738   0.285699
-0.0849046  -0.211864   0.285871
-0.0852535  -0.212143   0.285923
-0.0391281  -0.230872   0.383608
-0.0357123  -0.234037    0.37691
-0.0391388   -0.23086   0.383622
-0.0357183  -0.234099   0.376815
-0.0564548  -0.217241   0.388184
-0.0580979  -0.215921   0.387905
-0.112793 -0.180214  0.328761
-0.116932 -0.183544    0.3287
-0.112837 -0.180299  0.328055
-0.0523427  -0.250102   0.355041
-0.0470552  -0.248023   0.358256
-0.0489758  -0.246201   0.355258
-0.0482567   -0.25293   0.355686
-0.0825153  -0.183355   0.348055
-0.0885507  -0.181824   0.345159
-0.046609 -0.219691  0.371516
-0.0464855  -0.219576   0.370206
-0.0452122  -0.221031   0.368544
-0.0755136  -0.223659   0.384789
-0.0757589  -0.223391   0.384908
-0.078453 -0.224647  0.300206
-0.0908146  -0.213004   0.278441
-0.0777167  -0.225441   0.299968
-0.0918057  -0.211971   0.278261
-0.0905758  -0.212811   0.278376
-0.091295 -0.212518  0.278101
-0.0510626  -0.211841   0.364944
-0.0511138  -0.212007   0.366021
-0.0532828  -0.208979   0.366386
-0.0876568  -0.210643   0.278839
-0.0908173  -0.212988   0.278437
-0.0685473  -0.221218   0.387639
-0.0910742  -0.212308    0.27809
-0.0876921  -0.210608   0.278882
-0.0905921  -0.212792   0.278429
-0.0688655  -0.222042   0.388097
-0.0688064  -0.221941   0.387371
-0.0685706  -0.221206   0.387652
-0.0856867  -0.209685   0.279777
-0.0717141  -0.213506   0.295242
-0.0836356  -0.209224   0.281149
-0.0807284  -0.209755   0.284113
-0.0768704  -0.211659   0.289114
-0.052885 -0.219824  0.387742
-0.050566 -0.221493  0.387815
-0.0915682  -0.211782   0.278329
-0.102005 -0.177684  0.335253
-0.0679134  -0.214247   0.300098
-0.0456449  -0.217485   0.355407
-0.0476873   -0.21643   0.363814
-0.046418 -0.215544  0.364012
-0.0568413  -0.227654   0.322514
-0.0518494  -0.219345   0.324522
-0.0648185  -0.214568   0.303835
-0.0652561  -0.237156   0.322211
-0.0657799  -0.236563    0.32281
-0.0594714  -0.242552     0.3332
-0.0538343   -0.24778   0.344357
-0.0606216  -0.214478   0.309031
-0.0464805  -0.250705   0.356962
-0.0484857    -0.2526   0.357087
-0.0564426   -0.21361   0.314657
-0.0562816  -0.213586   0.314673
-0.0531469  -0.212002   0.319996
-0.0500235  -0.252358   0.358192
-0.0497481  -0.212194   0.327741
-0.0510837   -0.20995   0.324684
-0.064008 -0.189887  0.349128
-0.0510831   -0.21002   0.324516
-0.0500134  -0.205596   0.332101
-0.0636899  -0.189902   0.349991
-0.0409299  -0.224522   0.350718
-0.0499854  -0.205571   0.332086
-0.0517197  -0.209208   0.324549
-0.0506889  -0.205112   0.331745
-0.0449624  -0.226293   0.387032
-0.0402705  -0.231236   0.383067
-0.0421266   -0.23114   0.347137
-0.0462239  -0.238877   0.344808
-0.0518065  -0.201554   0.336738
-0.0499715  -0.205576   0.332091
-0.0466276  -0.251351   0.356222
-0.0370716  -0.232098   0.362261
-0.0379817  -0.238194   0.358831
-0.0425091  -0.246224   0.356024
-0.041358 -0.244671  0.356426
-0.0600017  -0.241953   0.333785
-0.0528452  -0.248695   0.346343
-0.0865082  -0.216918   0.373684
-0.0861791  -0.216759   0.373573
-0.0467368  -0.249355   0.353745
-0.0483226  -0.252865   0.355693
-0.0733934  -0.225644   0.388694
-0.111608 -0.172961  0.325063
-0.107603 -0.175262    0.3297
-0.0861537  -0.208382   0.279809
-0.0532661  -0.248198   0.347146
-0.0470582   -0.25157   0.355672
-0.0585233  -0.217487   0.387808
-0.0562832   -0.21814   0.387756
-0.0642346  -0.217585   0.388218
-0.0612668  -0.217194   0.387934
-0.0457545  -0.247287   0.357873
-0.0483343  -0.252851   0.355706
-0.0482097  -0.252937   0.356391
-0.0484751  -0.252611   0.357091
-0.0355661  -0.237031   0.366545
-0.0351795  -0.236301   0.369534
-0.0388226  -0.241475   0.358545
-0.0365352  -0.238519   0.362796
-0.0374346  -0.239724   0.360702
-0.0973404  -0.205974   0.358567
-0.0972771  -0.206712    0.36007
-0.0979619  -0.205989   0.358947
-0.0397748  -0.242893   0.358246
-0.0388288  -0.241475   0.358542
-0.0500079   -0.25236   0.358238
-0.045112 -0.249786  0.356675
-0.042514 -0.246101   0.35604
-0.0426117  -0.246221   0.357387
-0.0446791  -0.248958   0.355746
-0.0456676  -0.248066   0.356592
-0.0449153   -0.24947   0.356302
-0.0475634  -0.248855   0.355328
-0.114029 -0.177381  0.325235
-0.114278 -0.177997  0.325042
-0.114749 -0.178505   0.32504
-0.0358632  -0.234732   0.377366
-0.0355651  -0.237222   0.369697
-0.0365406   -0.23522   0.377407
 -0.03727 -0.235143  0.377003
-0.0364575  -0.238551   0.362723
-0.0483666  -0.245666   0.355195
-0.0370445  -0.237932   0.367066
-0.0861701  -0.216803   0.373541
-0.0861068   -0.21754   0.375044
-0.0867917  -0.216817   0.373921
-0.0373288  -0.239667   0.360791
-0.0377804  -0.239294   0.363601
-0.0384982  -0.240382   0.361665
-0.0966397  -0.206607   0.359735
-0.0928485  -0.201459   0.360429
-0.0956162  -0.203986   0.360654
-0.0565757  -0.200347   0.348831
-0.0570698  -0.199782   0.349475
-0.0853375  -0.212083   0.286672
-0.0823042  -0.213262   0.289358
-0.0841929  -0.211519   0.286293
-0.0977017  -0.206151    0.36067
-0.0972523  -0.206664   0.360083
-0.0969696  -0.206766   0.359846
-0.0490272   -0.21492    0.36567
-0.0481814  -0.215865   0.364459
-0.0834165   -0.21393   0.289656
-0.0887836  -0.216083   0.286445
-0.0868912  -0.217885   0.289473
-0.0532219  -0.204181   0.344453
-0.0886182  -0.198027   0.359828
-0.0852215  -0.214064   0.374578
-0.0914662  -0.200191   0.360309
-0.0800196  -0.209575   0.373999
-0.0904383  -0.208999   0.367692
-0.0960441  -0.203484   0.361409
-0.0959931  -0.203622   0.360137
 -0.11448 -0.172878  0.321328
-0.112059 -0.178701  0.328519
-0.11394 -0.17685 0.325517
-0.112149 -0.179201  0.328278
-0.113942 -0.176848  0.325515
-0.100681 -0.187131  0.343471
-0.112036 -0.178983  0.328797
-0.0734796   -0.22403   0.389708
-0.0735503  -0.223947   0.389802
-0.0665057   -0.23725   0.322856
-0.0606143  -0.246605   0.341817
-0.0613239  -0.245929   0.340681
-0.0601813    -0.2471   0.341252
-0.118477 -0.173712  0.319386
-0.114249 -0.176812  0.325269
-0.114041 -0.177399   0.32525
-0.114681 -0.177051  0.325197
-0.114715  -0.17719  0.325069
-0.114019 -0.176874  0.325601
-0.120566 -0.174797  0.318884
-0.119318 -0.181224  0.325612
 -0.11517 -0.177947  0.324969
-0.116858 -0.178965  0.325417
-0.114711 -0.177215  0.325118
-0.0489272  -0.246155   0.354537
-0.052426 -0.250065  0.354376
-0.0457515  -0.219861    0.36676
 -0.04558 -0.219795  0.365358
-0.0445998  -0.221468   0.366561
-0.119056  -0.18099  0.325586
-0.052298 -0.250147  0.355063
-0.122568 -0.176346  0.318789
-0.0464888  -0.219473   0.369768
-0.0454402  -0.220672     0.3684
-0.123515  -0.17723  0.318855
-0.0449908  -0.221186   0.367813
-0.0452193  -0.220826   0.367668
-0.0543721  -0.247174   0.344925
-0.0484743  -0.252613   0.357076
-0.0550865  -0.247873    0.34496
-0.0772571  -0.227048   0.305077
-0.119319 -0.181224  0.325607
-0.116929 -0.183505  0.329355
-0.119072 -0.181491  0.325511
-0.114714 -0.178535  0.324945
-0.118837 -0.181729  0.325653
-0.119306 -0.181231   0.32562
-0.122568 -0.176346  0.318789
 -0.12304 -0.176786  0.318822
-0.119071 -0.173874  0.319125
-0.0685894  -0.219906   0.389107
 -0.11895 -0.172989  0.319983
-0.0539924  -0.248884   0.347191
-0.0492115  -0.253286   0.357132
-0.111102  -0.17372   0.32432
-0.115058 -0.172262  0.322006
-0.100361 -0.178762  0.335409
-0.111663 -0.173078  0.325052
-0.0966099  -0.180067   0.338493
-0.0950424  -0.183087   0.342354
-0.0772546  -0.191656   0.356583
-0.0902985  -0.181956   0.342842
-0.0939109  -0.180368   0.341771
-0.116922 -0.183501  0.329357
-0.112058 -0.188166  0.336863
-0.116953 -0.183522  0.328709
-0.118846  -0.18172  0.325681
-0.0793804  -0.228813   0.307336
-0.0788492  -0.229641    0.30651
-0.0791964  -0.228486   0.307415
-0.112333 -0.179347  0.328967
 -0.11473 -0.178497  0.325027
-0.0734728  -0.225592   0.388036
-0.0712848  -0.220713   0.384376
-0.0716678  -0.220139   0.384287
-0.0712986  -0.219736   0.384208
 -0.10719 -0.192832  0.344145
-0.111283 -0.188905  0.338045
-0.106677 -0.193325  0.344903
-0.0793096  -0.229115   0.307111
 -0.11686 -0.183599  0.329031
-0.116864 -0.183571  0.329442
-0.0917848  -0.211985   0.278343
 -0.11232 -0.179362   0.32895
-0.114361 -0.181145  0.329164
-0.116411 -0.183023  0.329327
-0.112504 -0.179866  0.328765
-0.112804 -0.180199  0.328754
-0.0712929   -0.22065   0.384487
-0.112345 -0.179467  0.328903
-0.112152  -0.17869  0.328544
-0.112326 -0.179362  0.328954
-0.112096 -0.179208   0.32827
-0.0647528  -0.190717   0.347436
-0.058269 -0.195636  0.342906
-0.0643119  -0.191661   0.348904
-0.0558805   -0.19986   0.348938
-0.0565737   -0.19741   0.340953
-0.0570014   -0.19694   0.341474
-0.0728405  -0.186995   0.348846
-0.0707007  -0.190477   0.353384
-0.058627 -0.206776  0.371834
-0.0792373  -0.228473   0.307448
-0.0800666  -0.228461   0.305992
-0.0564552  -0.199354   0.349571
-0.0507041  -0.210304   0.365199
-0.0526003  -0.208369   0.365407
-0.0474283  -0.217792   0.368266
-0.0459302  -0.219504   0.366311
-0.0527578  -0.208612   0.366468
-0.0813092  -0.184377   0.347162
-0.0654071   -0.20725   0.375439
-0.117455 -0.172601  0.320665
-0.074768 -0.205968  0.372864
-0.0846825  -0.195281   0.358977
-0.0850119  -0.194263   0.357833
-0.0846855  -0.195267   0.358962
-0.0973494  -0.205931   0.358599
-0.0850104  -0.194262   0.357833
-0.0846787  -0.195295   0.358992
-0.0472496  -0.218148   0.368715
-0.0477183  -0.217903   0.370631
-0.0963832  -0.203245   0.359594
-0.0907331  -0.198322   0.358993
-0.0945887  -0.184006   0.343505
-0.100526 -0.188345  0.344632
-0.106448 -0.193545  0.345238
-0.101451 -0.198354   0.35247
-0.108161 -0.195545  0.343137
-0.107461 -0.196178  0.344304
-0.108099 -0.196282  0.344641
-0.0480385  -0.216984   0.368567
-0.0474004  -0.217421    0.36642
-0.0469063  -0.217985   0.365775
-0.0667551  -0.218665   0.388699
-0.108534 -0.195709  0.345254
-0.108073 -0.196235  0.344653
 -0.10779 -0.196337  0.344416
-0.0450646  -0.218373    0.35566
-0.0477825  -0.216659   0.365461
-0.0945902  -0.184006   0.343505
 -0.10817 -0.195502  0.343169
-0.0945891  -0.184005   0.343505
-0.101123 -0.187509  0.343521
-0.069399 -0.222509  0.387394
 -0.07668 -0.184914  0.349836
-0.0716162  -0.186521   0.350421
-0.0509693  -0.207195   0.353816
-0.0509391  -0.207318   0.354102
-0.0509378  -0.207318   0.354102
-0.0524991  -0.203678   0.344567
-0.0513192  -0.209189    0.35469
-0.0502689  -0.252091   0.358312
-0.0534187  -0.203506   0.351482
-0.0558872  -0.199868   0.348938
-0.0564525  -0.199352   0.349572
-0.0507121  -0.207848     0.3555
-0.0536011  -0.203492   0.352485
-0.0953498  -0.202761   0.361413
 -0.08201 -0.217097  0.380106
-0.0812535  -0.216446    0.38001
-0.0697872   -0.23806   0.324236
-0.0507285  -0.207868   0.355504
-0.0841737  -0.211529   0.286281
-0.0479908  -0.212903   0.362011
-0.112157 -0.179181  0.328289
-0.0469025  -0.214972   0.364657
-0.0507237  -0.207864   0.355504
-0.0499562  -0.210997   0.364526
-0.0507183  -0.210324   0.365195
-0.0479695  -0.212887   0.362015
-0.0568912  -0.212574   0.314748
-0.0537051  -0.211104   0.319978
-0.0476984  -0.213792   0.364202
-0.0525948  -0.208369   0.365408
-0.0500084  -0.211105   0.365108
-0.0449874  -0.221288   0.368251
-0.0500124  -0.211108   0.365107
-0.0532315  -0.208813   0.365309
-0.0527577  -0.208613   0.366468
-0.052606 -0.208376  0.365406
-0.0515724  -0.209763   0.366346
-0.0527584  -0.208613   0.366468
-0.049057 -0.217421  0.378241
-0.0518713  -0.209477   0.366374
-0.0459072  -0.218355   0.371588
-0.0812621  -0.216436   0.380026
-0.074214 -0.224706  0.389769
-0.0489656  -0.246226   0.355246
-0.0549479  -0.215639   0.382673
-0.0745419  -0.207102   0.374029
-0.0728031  -0.210604   0.377885
-0.0611959  -0.217785   0.387291
-0.0796595  -0.210691   0.375091
-0.0815393  -0.217646   0.379319
-0.0705926  -0.217942    0.38513
-0.0703082  -0.218056    0.38534
-0.0844304  -0.214833   0.375609
-0.0708515  -0.218004   0.385072
-0.0764365  -0.222614    0.38579
-0.0852615  -0.212137    0.28592
-0.0888035   -0.21606   0.286454
-0.0853089  -0.212127   0.286627
-0.108783  -0.19556  0.343517
-0.0805632  -0.218511    0.38187
-0.0850783  -0.214203   0.374765
-0.0808151  -0.218351    0.38025
-0.0854694  -0.217435   0.374708
-0.0844289  -0.214834   0.375606
-0.0852215  -0.214064   0.374578
-0.0865145  -0.216999   0.375621
-0.0857986  -0.217594   0.374819
-0.0472884  -0.217224   0.364816
-0.0745449  -0.207104    0.37403
-0.0745423  -0.207101    0.37403
-0.0819793  -0.217132   0.380055
-0.0890775  -0.210232   0.370829
-0.0467174  -0.219113   0.369623
-0.0469421  -0.218857   0.369916
-0.0469383   -0.21896   0.370355
-0.0467102  -0.219319   0.370499
-0.0525101  -0.203685   0.344564
-0.0509621  -0.207191   0.353818
-0.0565741  -0.197412   0.340951
-0.0551999  -0.199111   0.338958
-0.0455717  -0.218524   0.370677
-0.0457966  -0.218163   0.370532
-0.0457814  -0.218047   0.370097
-0.045705 -0.218101  0.369926
-0.0466071  -0.219455   0.370446
-0.0454076   -0.21872   0.370555
-0.0453329  -0.218772   0.370387
-0.0455431  -0.218295   0.369806
-0.0468202  -0.218978   0.369677
-0.0453201  -0.218658    0.36995
-0.0737747  -0.221669   0.384693
-0.0478073  -0.214069   0.365859
-0.0461477  -0.216547   0.366614
-0.0468383  -0.216142   0.368602
-0.0465152  -0.215775   0.365657
-0.0478546  -0.214177   0.366475
-0.0467012  -0.216957   0.370597
-0.0501789  -0.211429   0.366789
-0.0440942  -0.220649   0.370868
-0.0450013  -0.219628   0.371592
-0.0444251  -0.220387   0.371337
-0.0711146   -0.21927   0.384459
-0.0712874  -0.219752    0.38428
-0.0452999  -0.221397   0.370753
-0.044075 -0.247928  0.357111
-0.0399404  -0.227842   0.366343
-0.0441262  -0.220674   0.370862
-0.0433741   -0.22135   0.368843
-0.0444867  -0.222116   0.368746
-0.0403783  -0.231119   0.382877
-0.0376711  -0.234713   0.377507
-0.0403264  -0.231087   0.382894
-0.0503253  -0.221769   0.387501
-0.0445512  -0.226845   0.386501
-0.0560244   -0.21857   0.387196
-0.0684786  -0.220443   0.388053
-0.0647635  -0.218386   0.387645
-0.0606839  -0.246303    0.34204
-0.0601813    -0.2471   0.341252
-0.0605011  -0.245976    0.34212
-0.0791769  -0.225335   0.300255
-0.0925106  -0.212671   0.278388
-0.086679 -0.218099   0.28964
-0.0703093  -0.218054   0.385339
-0.0684742  -0.220453   0.388049
-0.0685949  -0.220983   0.388463
-0.0704397  -0.219416   0.384611
-0.0706293  -0.217948   0.385136
-0.0703099  -0.218056   0.385339
-0.0490199  -0.246141   0.355321
-0.0457595  -0.247186   0.357945
-0.0476501  -0.245467   0.354866
-0.0711179  -0.219247   0.384417
-0.0710022  -0.218095   0.385088
-0.0737298   -0.22025    0.38551
-0.0454441  -0.220569   0.367961
-0.0501192  -0.211314   0.366175
-0.0501192  -0.211314   0.366175
-0.0732862   -0.22578   0.388353
-0.0733808  -0.225704    0.38799
-0.0478546  -0.214177   0.366475
-0.0501681  -0.211424    0.36679
  -0.1085 -0.195661   0.34328
-0.0490569  -0.215016   0.366288
-0.0465192  -0.215778   0.365657
-0.0478019  -0.214066    0.36586
-0.0404305  -0.231148   0.382868
-0.037274 -0.235162  0.377008
-0.0449513  -0.226386   0.387028
-0.0611849  -0.217827   0.387254
-0.06382  -0.2183 0.387479
-0.0661503  -0.219355    0.38791
-0.0447048  -0.218649   0.366502
-0.113985 -0.177409  0.325209
-0.112797 -0.180333   0.32801
-0.0687081  -0.221091   0.388476
-0.0661663  -0.219341   0.387928
-0.0684432  -0.220751   0.388305
-0.0684362  -0.220781   0.388329
-0.0396243   -0.24194   0.359681
-0.0684548  -0.221218   0.387631
-0.0469136  -0.214981   0.364656
-0.0477325  -0.213887   0.364787
-0.0799061   -0.22781   0.306279
-0.0476977  -0.213791   0.364202
-0.0477337  -0.213887   0.364786
-0.0605415  -0.245963   0.342153
-0.0612107  -0.245301   0.340985
-0.0613712  -0.245951   0.340698
-0.0499448  -0.210992   0.364528
-0.0510354  -0.211751   0.364359
-0.0453926  -0.217845   0.367415
-0.0452266  -0.218209   0.367861
-0.0460482   -0.21731   0.368902
-0.0460454  -0.217309   0.368902
-0.0445377  -0.219014   0.366949
-0.052389 -0.250105  0.354407
-0.073544 -0.223956  0.389793
-0.0714783  -0.222142     0.3896
-0.112832 -0.180325  0.328054
-0.112386 -0.179799   0.32807
-0.0462176  -0.216948   0.368455
-0.0462176  -0.216948   0.368455
-0.0460501  -0.217311   0.368901
-0.0462134  -0.216945   0.368455
-0.0445433  -0.219018   0.366948
-0.0452266  -0.218209   0.367861
-0.0453945  -0.217846   0.367414
-0.0447113  -0.218654     0.3665
-0.0585241   -0.24458   0.339737
-0.0632429  -0.232823   0.323248
-0.0976792   -0.20609    0.35871
-0.0627494  -0.240651   0.331554
-0.0673866  -0.236322     0.3228
-0.0607011   -0.22994    0.32339
-0.057713 -0.226119  0.323797
-0.0643862  -0.233994    0.32328
-0.0537498  -0.239604   0.339712
-0.067068  -0.23662  0.323394
-0.069674 -0.237431  0.324539
-0.0677202   -0.23601   0.322183
-0.0693378  -0.238573   0.323649
-0.0843491  -0.211713   0.285614
-0.0863885  -0.213795   0.285649
-0.0885349  -0.215879    0.28575
-0.0920731  -0.211205   0.278987
-0.088789 -0.216122  0.285766
-0.0843375  -0.211734   0.285594
-0.0734779   -0.22403   0.389724
-0.0883472  -0.208509   0.279691
-0.0844562  -0.207281   0.281999
-0.0839496  -0.211447   0.285722
-0.0836537  -0.211573   0.285967
-0.0843495  -0.211722   0.285609
-0.0836553  -0.211469    0.28599
-0.0841959  -0.211465   0.286297
-0.0704564   -0.21941   0.384634
-0.0723845  -0.221892   0.389859
-0.0543338  -0.247217   0.344886
-0.0550979   -0.24786    0.34497
-0.0664678  -0.237292   0.322815
-0.0818129  -0.213275   0.289044
-0.083656 -0.211468  0.285987
-0.0797197  -0.224723   0.300829
-0.0817818  -0.213567    0.28931
-0.0714228  -0.221126   0.304957
-0.0823005  -0.213321   0.289321
-0.0820284  -0.213989   0.289414
-0.0821163  -0.213993   0.289532
-0.0820408  -0.213981   0.289426
-0.0818427  -0.213347   0.288972
-0.082888 -0.214396  0.289708
-0.0839401  -0.215918    0.28946
-0.0820571  -0.213974    0.28944
-0.0864378  -0.218359   0.289563
-0.0859325  -0.217863   0.289548
-0.0697149  -0.237418   0.324573
-0.0705442  -0.237406   0.323117
-0.0864487  -0.218347   0.289572
-0.0703837  -0.236755   0.323404
-0.0470349  -0.251596   0.355663
-0.0810404  -0.223475   0.298575
-0.0864487  -0.218347   0.289573
-0.0834466  -0.213907   0.289734
-0.0868983  -0.217875   0.289501
-0.0772571  -0.227048   0.305077
-0.0767875  -0.227491   0.305893
-0.0722974  -0.211549   0.296753
-0.068366 -0.212363  0.301604
-0.0667782  -0.215395   0.305464
-0.0812267   -0.20787   0.285328
-0.0706988  -0.220139   0.384342
-0.0580462  -0.225087   0.322638
-0.0644642  -0.212671   0.306471
-0.087543 -0.208854  0.279034
-0.0920726  -0.211205   0.278987
-0.0608086  -0.246518   0.340009
-0.0925392  -0.211653   0.279012
-0.0930057  -0.212107   0.279034
-0.0698575  -0.237758   0.324459
-0.0887864  -0.216125   0.285757
-0.0888776  -0.216006   0.286101
-0.0888266  -0.216088    0.28572
-0.0715874  -0.221271   0.304972
-0.0800901  -0.228137     0.3062
-0.0663255  -0.216313   0.306616
-0.0765804  -0.227686   0.306256
-0.0710416  -0.222049    0.30615
-0.066326 -0.216314  0.306616
-0.0624731  -0.230626   0.322108
-0.0677202   -0.23601   0.322183
-0.0765522   -0.22772   0.306222
-0.0721094  -0.231894   0.314174
-0.0705672  -0.237082   0.323324
-0.0531872  -0.218123    0.32581
-0.0577198  -0.226091   0.323767
-0.0457738  -0.215979   0.361003
-0.0497996  -0.234509   0.340276
-0.0576961  -0.226087   0.323781
-0.0534654  -0.208669   0.324369
-0.0515152  -0.211367   0.328993
-0.0437267    -0.2303   0.348228
-0.0578004  -0.211702   0.315615
-0.0476286  -0.237942   0.345891
-0.0526843  -0.204291   0.332038
-0.0521551  -0.205165   0.333288
-0.0428789  -0.223798   0.351924
-0.0551407  -0.199212   0.338823
-0.0445021   -0.21798   0.355747
-0.0449797   -0.21702   0.355509
-0.0520963  -0.204306   0.343907
-0.0828937  -0.213509   0.289579
-0.04461 -0.21771 0.356945
-0.0444888  -0.217971   0.355752
-0.0449854  -0.217025    0.35551
-0.0445013   -0.21798   0.355747
-0.0452289  -0.216564   0.357687
-0.0452721  -0.216465   0.358143
-0.0470834  -0.248003   0.358286
-0.0502423  -0.208407   0.354806
-0.0474905  -0.213462   0.361367
-0.0502277  -0.208428    0.35486
-0.0464064  -0.215536   0.364013
-0.0464125  -0.215542   0.364008
-0.047485 -0.213475  0.361347
-0.0452369  -0.216439   0.358155
-0.0853347  -0.212121   0.286629
-0.0511354  -0.206295   0.349282
-0.050233 -0.208431  0.354859
-0.0548686  -0.197185    0.34206
-0.0525211  -0.203693   0.344562
-0.0520948  -0.204304   0.343907
-0.0607289  -0.242638   0.333828
-0.0584241  -0.244671   0.339978
-0.0585393  -0.244564   0.339753
-0.0613935  -0.245627   0.340905
-0.0495752  -0.235642   0.341442
-0.0847862  -0.211707   0.286551
-0.057912 -0.245146  0.340997
-0.0533802  -0.240472   0.340946
-0.0495765  -0.235645   0.341442
-0.0556496   -0.24724   0.345528
 -0.05791 -0.245148  0.340994
-0.0550822  -0.247766   0.346665
-0.0585388  -0.244565   0.339753
-0.0406302  -0.240222   0.358837
-0.0556431  -0.247248   0.345521
-0.0468393   -0.24572   0.353551
-0.0465543   -0.24543   0.353744
-0.0463341  -0.245461    0.35405
-0.0450164  -0.247267   0.357433
-0.0389926  -0.233877   0.361848
-0.0445581  -0.217679   0.356949
-0.0451522  -0.216963   0.360823
-0.0440545  -0.220226   0.368724
-0.0442681  -0.219855   0.368582
-0.0442654  -0.219748   0.368144
-0.0442114  -0.219796   0.367991
-0.045109 -0.221167  0.368491
-0.0438958   -0.22044   0.368584
-0.0440522  -0.220013   0.367849
-0.0453221  -0.220691   0.367722
-0.0438412  -0.220489   0.368428
-0.0438411  -0.220384   0.367992
-0.0434977  -0.220666   0.366698
-0.0444045   -0.21894   0.365538
-0.0456517   -0.21711    0.36597
-0.0460237  -0.216342   0.365012
-0.045651  -0.21711   0.36597
-0.0460225  -0.216341   0.365012
-0.0468683  -0.245682   0.353589
-0.0491894  -0.248302    0.35348
-0.0524022  -0.250045   0.355111
-0.0524962   -0.24997   0.354747
-0.0476493  -0.245413   0.354869
-0.0463362   -0.24546   0.354049
-0.0450184  -0.247265   0.357435
-0.0463342   -0.24546   0.354048
-0.0434192  -0.245589   0.358071
-0.0382316  -0.238838   0.364091
-0.0418182  -0.243424   0.358784
-0.0403589  -0.241571   0.360137
-0.0370276  -0.236969   0.370145
-0.0450059  -0.247545   0.357716
-0.0457577  -0.247269   0.357895
-0.0451044  -0.247813   0.357808
-0.0456117  -0.247942   0.358124
-0.0450243  -0.247299   0.357408
-0.0452219  -0.247938   0.357822
-0.0433058  -0.245473   0.358092
-0.123072  -0.17577  0.319447
-0.0433177  -0.245455    0.35811
-0.0380803  -0.239622   0.362415
-0.0461163  -0.248074     0.3583
-0.116589 -0.186737  0.285622
-0.133916 -0.188372  0.295476
-0.131371 -0.181443   0.29801
-0.126576 -0.175321  0.298657
-0.120261 -0.170936   0.29732
-0.113386 -0.168957  0.294201
   -0.107 -0.169685  0.289777
-0.102072 -0.173008   0.28472
-0.0993556  -0.178422   0.279801
-0.099262 -0.185102  0.275767
-0.101807  -0.19203  0.273234
-0.106602 -0.198154  0.272586
-0.112917 -0.202537  0.273924
-0.119791 -0.204517  0.277042
-0.126178 -0.203789  0.281466
-0.131105 -0.200465  0.286523
-0.133822 -0.195051  0.291443
F
   4    6 1458
 4 42  6
 4 45 42
 4 46 47
 4 47 45
  4 117  46
   4 1458 1473
   4 1473  117
 5  6 42
 5 36 40
   5   40 1459
 5 41 36
 5 42 41
   5 1458    6
   5 1459 1458
12 20 72
12 21 20
 12  72 586
 12 586  21
20 21 25
20 24 31
20 25 24
20 31 70
20 70 71
20 71 72
21 23 25
 21 586 646
 21 646 652
  21  651 1460
 21 652 651
  21 1460   23
  22   23 1459
22 24 23
22 31 24
22 40 31
  22 1459   40
23 24 25
  23 1460 1459
  29  111 1469
 29 223 234
 29 234 111
 29 235 223
  29 1469  235
31 35 70
31 40 35
35 36 41
35 40 36
35 41 69
35 69 70
41 42 45
41 45 68
41 68 69
  43   63 1472
 43 253  63
  43 1471  253
  43 1472 1471
 44  62 253
 44 113  62
  44  253 1471
  44 1471  113
45 47 54
45 54 67
45 67 68
46 54 47
46 55 54
 46 117  55
54 55 56
54 56 65
54 65 67
55 57 56
55 63 57
55 64 63
  55  117 1473
  55 1473   64
 56  57 253
56 61 65
 56 253  61
 57  63 253
 61  62 252
61 66 65
 61 231  66
 61 252 231
 61 253  62
 62 113 252
  63   64 1472
  64 1473 1472
65 66 84
65 84 67
66 87 84
 66 230 232
 66 231 230
 66 232  87
67 84 92
67 88 68
67 92 88
68 88 93
68 93 69
69 93 94
69 94 70
70 77 71
70 94 77
71 74 72
71 77 74
 72  74 583
 72 583 586
74 77 78
 74  78 589
 74 589 583
 77  94 101
 77 101 185
 77 110  78
 77 185 110
 78 110 589
84 87 96
84 95 98
84 96 95
84 98 92
 87 232 269
 87 269  96
88 92 97
88 97 99
88 99 93
92 98 97
 93  99 100
 93 100  94
 94 100 101
 95  96 144
 95 142  98
 95 143 142
 95 144 143
 96 269 292
 96 292 144
 97  98 141
 97 140  99
 97 141 140
 98 142 141
 99 140 203
 99 163 100
 99 203 163
100 138 139
100 139 101
100 163 138
101 129 169
101 139 165
101 165 129
101 169 185
108 110 185
108 185 585
108 585 110
110 585 589
 111  112 1470
111 229 233
111 233 112
111 234 229
 111 1470 1469
 112  113 1470
112 233 113
113 231 252
113 233 231
 113 1471 1470
 125  235 1469
125 241 248
125 248 258
125 258 235
 125 1468  241
 125 1469 1468
129 165 169
138 163 567
138 567 139
139 567 165
140 141 199
140 199 565
140 565 567
140 567 203
141 142 149
141 149 199
142 143 580
142 147 149
142 580 147
143 144 580
144 197 580
144 292 298
144 298 197
147 580 581
147 581 149
149 565 199
149 581 565
163 203 567
165 567 568
165 568 169
169 467 185
169 568 467
185 344 585
185 467 344
192 263 563
192 280 263
192 563 576
192 576 577
192 577 280
197 298 579
197 579 580
202 210 241
202 241 249
202 249 806
202 796 210
202 798 803
202 803 796
202 806 798
204 206 218
204 210 206
204 218 223
204 223 235
204 235 258
204 241 210
204 248 241
204 258 248
206 210 222
206 220 218
206 222 264
206 264 220
210 796 222
218 219 224
218 220 219
218 224 223
219 220 263
219 225 224
219 263 267
219 267 225
220 264 300
220 300 263
222 796 828
222 828 264
223 224 229
223 229 234
224 225 230
224 230 229
225 232 230
225 267 268
225 268 232
229 230 231
229 231 233
232 268 269
 241 1468  249
249 799 806
 249 1468  799
262 264 831
262 300 264
262 831 861
262 861 300
263 280 267
263 300 563
264 825 830
264 828 825
264 830 831
267 280 284
267 284 268
268 284 320
268 290 269
268 320 290
269 290 292
280 577 284
284 577 320
290 298 292
290 320 577
290 577 578
290 578 298
298 578 579
300 576 563
300 786 576
300 861 786
344 467 568
344 568 758
344 758 585
565 568 567
565 581 568
568 569 736
568 570 569
568 571 570
568 581 571
568 723 758
568 736 723
569 570 732
569 731 736
569 732 731
570 571 738
570 738 767
570 767 732
571 572 766
571 573 572
571 574 573
571 575 574
571 581 575
571 698 752
571 752 738
571 766 698
572 573 775
572 698 766
572 706 698
572 757 706
572 775 757
573 574 881
573 757 775
573 881 757
574 575 911
574 880 881
574 905 880
574 911 905
575 576 699
575 577 576
575 580 577
575 581 580
575 699 882
575 882 911
 576  786 1323
576 894 699
 576 1323  894
577 580 578
578 580 579
582 583 584
582 584 594
582 586 583
582 593 628
582 594 593
582 628 662
582 640 586
582 659 640
582 662 659
583 589 584
584 585 592
584 589 585
584 590 593
584 591 590
584 592 591
584 593 594
585 692 592
585 758 692
586 640 659
586 659 646
590 591 624
590 624 662
590 628 593
590 662 628
591 592 600
591 598 624
591 600 598
592 692 723
592 723 736
592 733 600
592 736 733
598 599 625
598 600 599
 598  625 1463
598 662 624
598 867 662
 598 1463  867
599 600 604
599 604 625
600 731 732
600 732 604
600 733 731
604 608 844
604 732 767
604 738 608
604 767 738
604 844 625
608 609 844
608 697 702
608 698 697
608 702 609
608 738 752
608 752 698
 609  702 1464
 609 1464  844
 625  844 1463
626 714 832
626 715 714
626 718 813
626 796 803
626 803 812
626 812 814
626 813 796
626 814 715
626 832 718
636 646 659
636 659 662
636 662 666
636 665 646
636 666 665
646 651 652
646 665 673
646 673 651
 651  673 1460
 662  867 1463
 662 1462  666
 662 1463 1462
 665  666 1462
 665 1462  673
 673 1461 1460
 673 1462 1461
675 715 812
675 803 806
 675  806 1468
675 812 803
 675 1467  715
 675 1468 1467
692 758 723
697 698 706
697 706 757
697 707 708
697 708 713
697 713 702
697 757 707
699 852 859
699 859 882
699 864 852
699 894 864
 702  713 1464
707 709 708
707 757 856
707 845 854
707 854 709
707 856 845
 708  709 1464
 708 1464  713
 709  854 1464
 714  715 1466
714 836 832
714 837 836
 714 1465  837
 714 1466 1465
715 814 812
 715 1467 1466
718 827 813
718 832 827
731 733 736
757 881 856
 786  861 1323
796 813 828
798 806 803
 799 1468  806
813 825 828
813 827 825
825 826 852
825 827 832
825 832 826
825 852 864
825 864 830
826 832 836
826 836 837
826 837 851
826 851 852
830 864 831
831 864 861
837 839 851
837 842 839
 837 1465  842
839 842 854
839 845 851
839 854 845
 842 1465  854
 844 1464 1463
845 856 905
845 905 851
851 857 911
851 882 852
851 905 857
851 911 882
852 882 859
 854 1465 1464
856 880 905
856 881 880
857 905 911
 861  864 1323
 864  894 1323
1458 1459 1473
1459 1460 1472
1459 1472 1473
1460 1461 1466
1460 1466 1472
1461 1462 1463
1461 1463 1465
1461 1465 1466
1463 1464 1465
1466 1467 1468
1466 1468 1470
1466 1470 1471
1466 1471 1472
1468 1469 1470
