5
neck_2 
V
-0.0879795  0.0862337   0.237569
-0.0846098  0.0915189   0.223941
-0.0868099  0.0812804    0.23468
-0.0853053  0.0778851   0.230157
-0.0836948  0.0765658   0.224687
-0.0822234  0.0775219   0.219103
-0.0811155  0.0806101   0.214257
-0.0805395  0.0853585   0.210884
-0.0805832  0.0910448   0.209499
-0.0812398  0.0968028   0.210313
-0.0824094   0.101757   0.213201
-0.0839143   0.105153   0.217725
-0.0855257   0.106472   0.223195
-0.0869969   0.105515   0.228778
-0.0881049   0.102428   0.233625
-0.088681 0.0976792  0.236998
-0.0886363  0.0919928   0.238383
-0.0528848  0.0938977   0.232708
-0.0562548  0.0886136   0.246336
-0.0550849   0.083659   0.243447
-0.0535803  0.0802637   0.238924
-0.0519698  0.0789443   0.233454
-0.0504987  0.0799018   0.227871
-0.0493906  0.0829889   0.223024
-0.0488146  0.0877375   0.219652
-0.0488583  0.0934237   0.218267
-0.049515 0.0991827  0.219081
-0.0506847   0.104136    0.22197
-0.0521893   0.107531   0.226493
-0.0538007   0.108851   0.231962
-0.0552721   0.107895   0.237546
-0.0563799   0.104806   0.242392
-0.056956  0.100058  0.245765
-0.0569113  0.0943716    0.24715
F
 1  3 19
1 4 3
 1 14  4
 1 17 14
 1 19 17
 3  4 21
 3 20 19
 3 21 20
 4  5 21
4 7 5
 4 14  7
 5  6 23
5 7 6
 5 22 21
 5 23 22
 6  7 23
 7  8 25
7 9 8
 7 14  9
 7 24 23
 7 25 24
 8  9 25
 9 10 27
 9 11 10
 9 14 11
 9 26 25
 9 27 26
10 11 28
10 28 27
11 12 28
11 13 12
11 14 13
12 13 30
12 29 28
12 30 29
13 14 30
14 15 32
14 16 15
14 17 16
14 31 30
14 32 31
15 16 32
16 17 33
16 33 32
17 19 34
17 34 33
19 20 34
20 21 22
20 22 25
20 25 33
20 33 34
22 23 25
23 24 25
25 26 27
25 27 32
25 32 33
27 28 29
27 29 32
29 30 31
29 31 32
