8
l_hip_2 
V
-0.0389246  0.0950774   -0.10875
-0.0372826  0.0680998  -0.123932
-0.0399096  0.0871799 -0.0996414
-0.0404947  0.0763779 -0.0942308
-0.0405907  0.0643155 -0.0933424
-0.0401831  0.0528292 -0.0971108
-0.0393339  0.0436677  -0.104962
-0.0381725  0.0382255  -0.115702
-0.0368756   0.037332  -0.127694
-0.0356407  0.0411224  -0.139114
-0.0346557  0.0490197  -0.148222
-0.0340706  0.0598217  -0.153633
-0.0339746  0.0718842  -0.154521
-0.0343822  0.0833705  -0.150753
-0.0352313  0.0925321  -0.142901
-0.0363927  0.0979738  -0.132162
-0.0376896  0.0988678   -0.12017
0.0372826 0.0681002 -0.115868
0.0356406 0.0950783 -0.100685
 0.0346557  0.0871803 -0.0915776
0.0340706 0.0763783 -0.086167
 0.0339745  0.0643161 -0.0852777
 0.0343821  0.0528298 -0.0890461
 0.0352312  0.0436683 -0.0968977
0.0363927  0.038226 -0.107638
0.0376896 0.0373323 -0.119631
0.0389246 0.0411227  -0.13105
0.0399096 0.0490201 -0.140159
0.0404947 0.0598221 -0.145569
0.0405907 0.0718845 -0.146458
0.0401831 0.0833712 -0.142689
 0.039334 0.0925326 -0.134838
0.0381725 0.0979746 -0.124098
0.0368756 0.0988685 -0.112106
F
 1  3 19
 1 16  3
 1 17 16
 1 19 17
 3  4 21
3 5 4
3 7 5
 3 14  7
 3 16 14
 3 20 19
 3 21 20
 4  5 21
 5  6 23
5 7 6
 5 22 21
 5 23 22
 6  7 24
 6 24 23
 7  8 25
7 9 8
 7 14  9
 7 25 24
 8  9 25
 9 10 27
 9 12 10
 9 14 12
 9 26 25
 9 27 26
10 11 27
10 12 11
11 12 29
11 28 27
11 29 28
12 13 29
12 14 13
13 14 31
13 30 29
13 31 30
14 15 31
14 16 15
15 16 33
15 32 31
15 33 32
16 17 33
17 19 34
17 34 33
19 20 21
19 21 34
21 22 23
21 23 34
23 24 25
23 25 28
23 28 32
23 32 34
25 26 27
25 27 28
28 29 30
28 30 32
30 31 32
32 33 34
