26 
l_upper_arm 
V
-0.072152   -0.011527   -0.042204
-0.071754   -0.012283    0.037798
-0.07105  -0.0045234    0.048062
-0.071012  -0.0038781   -0.049844
-0.070461   -0.010609   -0.050483
-0.06906   -0.013248    0.049111
-0.066693  -0.0066208   -0.056821
-0.066527   -0.016735     -0.0422
-0.06483    0.012709    0.054329
-0.063305     0.03005    0.037831
-0.062337    0.028491   -0.049594
-0.061126    0.028533    0.051387
-0.060526   0.0016372   -0.062214
-0.058624     0.03399   -0.050143
-0.058025    0.034706    0.048265
-0.056946    0.029439    -0.05669
-0.052966    0.023082     -0.0622
-0.052039    0.035898   -0.049508
-0.051407    0.036585    0.048019
-0.045392   0.0064868      0.0978
-0.044051   -0.028377      0.0678
-0.042795   -0.013242      0.0978
-0.03545   -0.029823   -0.062203
-0.034166   -0.032756      0.0678
-0.027007   -0.025356      0.0978
-0.023672    0.025535      0.0978
-0.021897    0.035923      0.0678
-0.018622    0.032968   -0.062205
-0.013549    0.024872      0.0978
-0.012751   -0.035906    -0.06019
-0.0074475   -0.037327     -0.0547
-0.007278   -0.022759      0.0978
-0.0068309    0.031013      0.0678
-0.005521   -0.037901   -0.016243
-0.0045851    0.033303   -0.055336
-0.0044503    0.020385      0.0978
-0.0029158   -0.033506    0.052152
-0.0010248    0.030469   -0.061722
0.00034925    -0.01607      0.0978
0.0048371   -0.006972     -0.0582
0.0054604   -0.030141    0.048075
0.0054995   0.0031514      0.0978
0.0061806    0.028933   -0.058297
0.010665    0.027725   -0.049995
0.010669    0.020408    0.050157
0.014654   -0.023766  0.00057517
0.016517   -0.018353    0.048164
0.018087   -0.018473    0.037802
0.01891   -0.016368  -0.0061998
0.020677   0.0067317    0.037793
0.021691  -0.0064809    0.037797
0.021847 -0.00076072  0.00081224
F
28  23  17
28  17  16
28  38  23
23   7  13
23   5   7
9  10   3
9  12  10
12   9  20
9   3  20
15  12  20
15  20  26
10  12  15
10  14  11
10  15  14
10   4   3
10  11   4
27  19  15
27  15  26
27  18  19
27  35  18
27  26  29
24  21   8
24  23  30
24   8  23
24  31  34
24  30  31
24  25  21
21   6   2
21   2   8
21  25  22
21  22   6
3   6  22
3  22  20
6  3  2
2  1  8
15  19  14
19  18  14
5  1  4
5  4  7
1  5  8
1  3  4
1  2  3
8   5  23
23  13  17
23  38  30
14  18  16
14  16  11
18  35  28
18  28  16
7   4  11
7  11  16
7  16  17
7  17  13
40  49  31
40  52  49
40  43  52
40  30  38
40  38  43
40  31  30
35  27  44
33  27  29
33  45  44
33  44  27
33  29  36
52  44  50
35  38  28
35  44  43
35  43  38
45  33  36
45  36  50
49  46  31
49  51  48
49  52  51
49  48  46
51  52  50
52  43  44
45  50  44
41  34  46
41  48  47
41  46  48
46  34  31
37  24  34
37  32  24
24  32  25
51  50  42
51  47  48
51  42  39
51  39  47
37  41  32
47  39  32
47  32  41
37  34  41
50  36  42
36  39  42
36  32  39
32  36  22
32  22  25
22  29  20
22  36  29
20  29  26
