16 
r_hip_2 
V
0.0375    -0.02192   0.0085298
0.0375  2.0623e-09     0.03045
0.0375    -0.02864    0.018587
0.0375      -0.031     0.03045
0.0375    -0.02864    0.042313
0.0375    -0.02192     0.05237
0.0375   -0.011863     0.05909
0.0375  2.0623e-09     0.06145
0.0375    0.011863     0.05909
0.0375     0.02192     0.05237
0.0375     0.02864    0.042313
0.0375       0.031     0.03045
0.0375     0.02864    0.018587
0.0375     0.02192   0.0085298
0.0375    0.011863   0.0018098
0.0375  2.0623e-09 -0.00054977
0.0375   -0.011863   0.0018098
-0.0375  2.0623e-09     0.03045
-0.0375    -0.02192   0.0085296
-0.0375    -0.02864    0.018587
-0.0375      -0.031     0.03045
-0.0375    -0.02864    0.042313
-0.0375    -0.02192     0.05237
-0.0375   -0.011863     0.05909
-0.0375  2.0623e-09     0.06145
-0.0375    0.011863     0.05909
-0.0375     0.02192     0.05237
-0.0375     0.02864    0.042313
-0.0375       0.031     0.03045
-0.0375     0.02864    0.018587
-0.0375     0.02192   0.0085296
-0.0375    0.011863   0.0018097
-0.0375  2.0623e-09 -0.00055004
-0.0375   -0.011863   0.0018096
F
1   3  19
1  7  3
1  16   7
1  17  16
1  19  17
3   4  20
3  7  4
3  20  19
4   5  21
4  7  5
4  21  20
5   6  23
5  7  6
5  22  21
5  23  22
6   7  24
6  24  23
7   8  25
7  9  8
7  16   9
7  25  24
8   9  25
9  10  27
9  11  10
9  12  11
9  13  12
9  14  13
9  16  14
9  26  25
9  27  26
10  11  27
11  12  29
11  28  27
11  29  28
12  13  29
13  14  31
13  30  29
13  31  30
14  15  31
14  16  15
15  16  33
15  32  31
15  33  32
16  17  33
17  19  34
17  34  33
19  20  34
20  21  34
21  22  34
22  23  34
23  24  25
23  25  34
25  26  27
25  27  32
25  32  34
27  28  32
28  29  32
29  30  32
30  31  32
32  33  34
