2
220
0.15000000
1.00000000

0.00010000

1.00000000 1.00000000 1.00000000 1.00000000 1.00000000 1.00000000 1.00000000 1.00000000 1.00000000 1.00000000 1.00000000 1.00000000 1.00000000 1.00000000 1.00000000 1.00000000 1.00000000 1.00000000 1.00000000 1.00000000 1.00000000 1.00000000 1.00000000 1.00000000 1.00000000 1.00000000 1.00000000 1.00000000 1.00000000 1.00000000 1.00000000 1.00000000 1.00000000 1.00000000 1.00000000 1.00000000 1.00000000 1.00000000 1.00000000 1.00000000 1.00000000 1.00000000 1.00000000 1.00000000 1.00000000 1.00000000 1.00000000 1.00000000 1.00000000 1.00000000 1.00000000 1.00000000 1.00000000 1.00000000 1.00000000 1.00000000 1.00000000 1.00000000 1.00000000 1.00000000 1.00000000 1.00000000 1.00000000 1.00000000 1.00000000 1.00000000 1.00000000 1.00000000 1.00000000 1.00000000 1.00000000 1.00000000 1.00000000 1.00000000 1.00000000 1.00000000 1.00000000 1.00000000 1.00000000 1.00000000 1.00000000 1.00000000 1.00000000 1.00000000 1.00000000 1.00000000 1.00000000 1.00000000 1.00000000 1.00000000 1.00000000 1.00000000 1.00000000 1.00000000 1.00000000 1.00000000 1.00000000 1.00000000 1.00000000 1.00000000 1.00000000 1.00000000 1.00000000 1.00000000 1.00000000 1.00000000 1.00000000 1.00000000 1.00000000 1.00000000 1.00000000 1.00000000 1.00000000 1.00000000 1.00000000 1.00000000 1.00000000 1.00000000 1.00000000 1.00000000 1.00000000 1.00000000 1.00000000 1.00000000 1.00000000 1.00000000 1.00000000 1.00000000 1.00000000 1.00000000 1.00000000 1.00000000 1.00000000 1.00000000 1.00000000 1.00000000 1.00000000 1.00000000 1.00000000 1.00000000 1.00000000 1.00000000 1.00000000 1.00000000 1.00000000 1.00000000 1.00000000 1.00000000 1.00000000 1.00000000 1.00000000 1.00000000 1.00000000 1.00000000 1.00000000 1.00000000 1.00000000 1.00000000 1.00000000 1.00000000 1.00000000 1.00000000 1.00000000 1.00000000 1.00000000 1.00000000 1.00000000 1.00000000 1.00000000 1.00000000 1.00000000 1.00000000 1.00000000 1.00000000 1.00000000 1.00000000 1.00000000 1.00000000 1.00000000 1.00000000 1.00000000 1.00000000 1.00000000 1.00000000 1.00000000 1.00000000 1.00000000 1.00000000 1.00000000 1.00000000 1.00000000 1.00000000 1.00000000 1.00000000 1.00000000 1.00000000 1.00000000 1.00000000 1.00000000 1.00000000 1.00000000 1.00000000 1.00000000 1.00000000 1.00000000 1.00000000 1.00000000 1.00000000 1.00000000 1.00000000 1.00000000 1.00000000 1.00000000 1.00000000 1.00000000 1.00000000 1.00000000 1.00000000 1.00000000 1.00000000 

0.12232146 0.12141238 0.12031410 0.11897353 0.11775946 0.11656287 0.11575640 0.11507164 0.11474694 0.11461291 0.11480006 0.11497615 0.11535745 0.11575740 0.11611720 0.11625564 0.11628024 0.11596961 0.11556434 0.11473956 0.11379337 0.11256174 0.11108597 0.10938691 0.10765554 0.10609893 0.10508028 0.10466732 0.10482455 0.10529767 0.10625670 0.10729110 0.10846111 0.10956038 0.11070298 0.11192238 0.11339720 0.11534905 0.11822157 0.12204398 0.12676022 0.13207423 0.13810451 0.14457671 0.15174055 0.15952629 0.16797858 0.17731470 0.18752331 0.19888155 0.21139649 0.22499891 0.23974459 0.25519549 0.27124072 0.28782316 0.30465578 0.32157095 0.33865304 0.35611222 0.37415061 0.39289506 0.41234652 0.43287193 0.45450825 0.47697819 0.50040063 0.52482667 0.55020728 0.57678439 0.60449668 0.63328482 0.66348004 0.69527148 0.72852061 0.76280783 0.79747589 0.83215746 0.86668265 0.90112432 0.93551456 0.96978991 1.00357743 1.03670660 1.06904808 1.10059302 1.13104610 1.16030225 1.18810233 1.21456492 1.23945616 1.26300588 1.28551059 1.30718403 1.32819139 1.34889400 1.36941942 1.38999920 1.41116197 1.43341369 1.45695897 1.48202222 1.50846268 1.53633853 1.56560448 1.59609240 1.62780996 1.66056651 1.69399974 1.72822440 1.76300563 1.79821122 1.83386125 1.87015856 1.90710489 1.94476600 1.98317592 2.02229440 2.06198002 2.10202904 2.14243397 2.18287153 2.22301699 2.26260510 2.30133334 2.33907447 2.37567758 2.41097986 2.44477481 2.47683283 2.50718000 2.53584675 2.56300703 2.58880792 2.61354340 2.63733192 2.66019537 2.68220645 2.70337906 2.72371595 2.74328295 2.76196142 2.77978754 2.79666160 2.81275419 2.82807795 2.84273835 2.98455827 2.98620026 2.98797559 2.98979831 2.99158587 2.99326357 2.99480957 2.99609992 2.99713655 2.99779609 2.99811412 2.99803207 2.99762172 2.99697973 2.99618691 2.99534546 2.99464597 2.99426949 2.99441581 2.99516391 2.99661852 2.99869212 3.00140191 3.00466254 3.00837799 3.01243336 3.01674547 3.02124419 3.02585436 3.03048311 3.03509235 3.03958326 3.04391350 3.04794586 3.05168332 3.05508666 3.05815806 3.06096201 3.06356900 3.06602311 3.06832136 3.07043008 2.86123765 2.87430835 2.88661566 2.89818765 2.90892765 2.91881320 2.92773324 2.93569876 2.94278378 2.94896588 2.95430937 2.95886501 2.96268800 2.96584468 2.96831963 2.97023173 2.97164033 2.97274180 2.97358126 2.97427145 2.97483183 2.97530030 2.97579182 2.97640576 2.97715749 2.97805672 2.97897580 2.97989901 2.98079873 2.98185525 2.98310553 
-0.23781361 -0.25277939 -0.26928336 -0.28718893 -0.30638144 -0.32674156 -0.34825382 -0.37085026 -0.39455996 -0.41921005 -0.44462351 -0.47062501 -0.49724829 -0.52449426 -0.55229680 -0.58067271 -0.60952088 -0.63887450 -0.66884638 -0.69962115 -0.73141943 -0.76435499 -0.79835345 -0.83314733 -0.86855324 -0.90446340 -0.94074437 -0.97716648 -1.01326302 -1.04866629 -1.08286111 -1.11550177 -1.14641028 -1.17553844 -1.20268470 -1.22766680 -1.25065661 -1.27179752 -1.29126501 -1.30917871 -1.32564556 -1.34086109 -1.35493248 -1.36791525 -1.37981667 -1.39061533 -1.40032640 -1.40879732 -1.41600427 -1.42169239 -1.42585310 -1.42817590 -1.42855276 -1.42706990 -1.42409724 -1.41967557 -1.41401457 -1.40734929 -1.39997133 -1.39195861 -1.38333366 -1.37414523 -1.36458067 -1.35435040 -1.34352664 -1.33190037 -1.31979445 -1.30723693 -1.29457468 -1.28180517 -1.26936038 -1.25690077 -1.24522170 -1.23433903 -1.22447304 -1.21545797 -1.20740265 -1.19997841 -1.19364408 -1.18818127 -1.18365892 -1.17989624 -1.17687913 -1.17428128 -1.17214571 -1.17006788 -1.16826151 -1.16637646 -1.16476681 -1.16311832 -1.16177104 -1.16051216 -1.15961561 -1.15873704 -1.15799665 -1.15720405 -1.15654913 -1.15558893 -1.15457149 -1.15328132 -1.15205156 -1.15043595 -1.14879424 -1.14685534 -1.14468241 -1.14211003 -1.13931060 -1.13606251 -1.13261638 -1.12899943 -1.12537944 -1.12126420 -1.11694114 -1.11226059 -1.10748009 -1.10243561 -1.09732103 -1.09222073 -1.08724365 -1.08236381 -1.07764553 -1.07302562 -1.06847903 -1.06366288 -1.05872071 -1.05335485 -1.04754878 -1.04115275 -1.03416846 -1.02664745 -1.01866679 -1.01010530 -1.00105937 -0.99147016 -0.98153257 -0.97115250 -0.96037673 -0.94923237 -0.93784218 -0.92641248 -0.91491158 -0.90343408 -0.89174895 -0.87974746 -0.86735836 -0.85452114 -0.84125322 -0.20159331 -0.17790709 -0.15439082 -0.13133553 -0.10865162 -0.08658677 -0.06488618 -0.04388869 -0.02324665 -0.00315157 0.01669245 0.03620626 0.05557735 0.07501334 0.09454430 0.11415484 0.13390246 0.15352694 0.17311672 0.19230120 0.21116137 0.22929556 0.24662980 0.26282588 0.27782077 0.29146002 0.30370550 0.31450647 0.32393102 0.33184064 0.33849061 0.34381787 0.34812166 0.35139434 0.35395412 0.35585553 0.35718788 0.35802203 0.35844760 0.35844514 0.35811781 0.35736342 -0.82280219 -0.80833764 -0.79336478 -0.77788580 -0.76195616 -0.74561383 -0.72874951 -0.71150335 -0.69357618 -0.67522158 -0.65630049 -0.63697717 -0.61740317 -0.59754929 -0.57760192 -0.55735761 -0.53698333 -0.51638041 -0.49556681 -0.47454496 -0.45320618 -0.43156705 -0.40958659 -0.38723781 -0.36469650 -0.34183365 -0.31886421 -0.29561389 -0.27233399 -0.24884653 -0.22528103 
