11 
l_lower_leg
V
0.020454   -0.024383      0.1071
-0.0018196  -0.0021093      0.1071
0.010235   -0.031211      0.1071
-0.0018196   -0.033609      0.1071
-0.013874   -0.031212      0.1071
-0.024093   -0.024383      0.1071
-0.030922   -0.014164      0.1071
-0.03332  -0.0021093      0.1071
-0.030922   0.0099452      0.1071
-0.024093    0.020164      0.1071
-0.013874    0.026993      0.1071
-0.0018196    0.029391      0.1071
0.010235    0.026993      0.1071
0.020454    0.020164      0.1071
0.027283   0.0099452      0.1071
0.02968  -0.0021093      0.1071
0.027283   -0.014164      0.1071
-0.0018196   -0.045234     0.10798
-0.0018196    -0.04651     0.10613
-0.0018196   -0.041312     0.10897
-0.0018221    0.038982  -0.0059021
-0.0018202    0.041565      0.0281
-0.0048191      0.0415    0.028101
-0.015542    0.040722      0.1271
-0.0093827    0.041056     0.13386
-0.015741    0.042952      0.1273
-0.01186    0.030054   -0.082896
-0.0018322    0.030959   -0.082796
-0.0082368    0.032819   -0.064112
-0.023864   -0.041728     0.11776
-0.018854   -0.041829     0.12303
-0.024113   -0.040648     0.11848
-0.0083197     0.03314      0.0826
-0.010222     0.03314    0.087194
-0.019417     0.03314    0.078006
-0.022742    0.042524     0.11855
-0.015187    0.043436     0.12679
-0.014925    0.044004      0.1266
-0.0087987   -0.044908    0.078206
-0.010663   -0.044192    0.076317
-0.0073159   -0.044902    0.082567
-0.0077554   -0.044428    0.082632
-0.0078198   -0.037359      0.0826
-0.00987   -0.037359     0.08755
-0.0028194    0.043062     0.13823
-0.037413    0.027434    0.049418
-0.037745    0.022397    0.049171
-0.036064    0.027292    0.050553
-0.0022074   -0.038383     -0.0799
-0.0036456   -0.038979     -0.0779
-0.0021925   -0.038453     -0.0779
-0.0018194    0.041001     0.13872
-0.0018207    0.043004     0.13873
0.0011805    0.039878      0.1321
0.0011806    0.041011      0.1341
0.0011806    0.039878      0.1341
-0.0028193     0.04406     0.11264
-0.0028193    0.043035     0.13823
-0.0018194    0.043075     0.13873
-0.0036453    0.034074     -0.0439
-0.0021923    0.033548     -0.0439
-0.0022071    0.033478     -0.0419
-0.016131   -0.039076   -0.053141
-0.019197    -0.03776   -0.056247
-0.01985    -0.03827    -0.05602
-0.00482    0.043756      0.0661
-0.0018217    0.043826    0.066099
-0.0048186    0.045132      0.1001
0.0011803     0.04374      0.1001
0.0011803    0.044978      0.1021
0.0011803     0.04374      0.1021
-0.017235   -0.043858    0.075484
-0.014766   -0.043754    0.075601
-0.012506     -0.0446    0.075508
-0.014553    0.042861    0.075088
-0.00987    0.033641     0.07765
-0.017508    0.033649    0.075811
-0.0036456    0.030009     -0.0799
-0.0022074    0.029414     -0.0779
-0.0036067    0.030069     -0.0779
-0.0018213    0.041257     0.13413
-0.0094    0.041147     0.13386
-0.0048196    0.045205      0.1021
-0.017342    0.044077     0.10595
-0.034597    0.026725    0.050333
-0.037245    0.014085    0.049102
-0.02701    0.021939   -0.072907
0.001179   -0.038953     -0.0779
0.001179    -0.04019     -0.0779
0.001179   -0.040051     -0.0799
-0.0018196    0.042002     0.10949
-0.01494    0.041215     0.10941
-0.0048193    0.041349      0.1321
-0.020897     0.03979     0.12104
-0.015777    0.043003     0.12726
-0.015506    -0.04255     0.12707
-0.0028707   -0.042927     0.13807
-0.010761   -0.042365     0.13263
-0.0093723   -0.040299     0.13387
-0.015809   -0.042211     0.12734
-0.0027772   -0.042294     0.13817
-0.0028196    0.047472     0.10508
-0.0018196    0.046363     0.10799
-0.0018196    0.047331     0.10506
-0.0048472    0.031423   -0.077903
-0.0047708    0.035297   -0.043899
-0.006857    0.033414   -0.059956
0.00067949    0.036952  -0.0079001
0.0006795    0.036952  -0.0059001
-0.0028211    0.036952  -0.0059001
-0.015542   -0.040038      0.1271
-0.021308   -0.039138     0.12068
-0.016136   -0.042395     0.12761
-0.0022058   -0.038527      0.1321
-0.003644   -0.039123      0.1341
-0.002191   -0.038597      0.1341
-0.0018198    0.045242      0.1021
-0.021193   -0.039921      0.1089
-0.021288    -0.03927     0.12073
-0.0048196     0.04504      0.1001
-0.0036054    0.043826      0.1021
-0.0048196     0.04504      0.1021
-0.02058    0.041471    0.078622
-0.02182    0.033641      0.0826
-0.0018194   -0.042224     0.13872
-0.0018194   -0.040219     0.13872
-0.0048197   -0.040464      0.1341
-0.032938   -0.034609     0.10903
-0.03072   -0.034609     0.11267
-0.030753   -0.034609     0.10772
-0.0022061   -0.042652      0.1001
-0.0036443   -0.043248      0.1021
-0.0021912   -0.042722      0.1021
-0.036486    0.031869     0.11116
-0.035522    0.030332     0.10951
-0.035478    0.030391     0.11116
-0.0018194   -0.040496      0.1341
-0.012732   -0.040521   -0.053446
-0.0085729   -0.041037   -0.056065
-0.0092245    -0.02786   -0.055304
-0.010222   -0.036859    0.078006
-0.014821   -0.036859    0.076101
-0.019418   -0.036859    0.078007
-0.0029769    0.033653     -0.0419
0.0010659    0.033661     -0.0419
-0.0048492    0.035546     -0.0419
-0.002825   -0.043112   -0.082851
-0.017693   -0.045995   0.0083018
-0.011971   -0.042478   -0.082906
-0.010294    0.043997    0.088319
-0.015576    0.043338    0.089742
-0.0098707    0.033641    0.087551
-0.0018197   -0.040601      0.1321
-0.0048194   -0.040567      0.1321
-0.0021926   -0.038453     -0.0799
0.00067897   -0.038453     -0.0779
-0.029179   -0.041489    0.033095
-0.020571   -0.039614   -0.074478
-0.018179   -0.040669   -0.076623
-0.014917   -0.041288   -0.081838
-0.002192    -0.04216  -0.0078998
0.0006795    -0.04216  -0.0058999
0.00067949    -0.04216  -0.0078999
-0.0028273   -0.047778   0.0092671
-0.024091   -0.045399     0.10502
-0.0028249   -0.047826     0.10503
-0.0029771    0.029589     -0.0799
-0.0047325    0.031249     -0.0799
0.0010657    0.029597     -0.0799
-0.0036443    0.043766      0.1001
-0.002206     0.04317      0.1021
-0.033042    0.029065    0.053109
-0.026966     0.03533    0.024188
-0.020076   -0.036592   -0.059949
-0.016343   -0.027865   -0.053569
-0.020321    -0.02786     -0.0599
-0.0018194   -0.042339     0.13872
-0.0018196   -0.043438     0.11064
-0.031437  -0.0021101     -0.0649
-0.034101  -0.0089094   -0.067111
-0.034448    -0.00211     -0.0649
-0.031042   0.0046927   -0.067113
-0.034058   0.0047017   -0.067119
-0.0021912     0.04324      0.1001
0.00068028     0.04324      0.1001
-0.0021912     0.04324      0.1021
-0.018417    -0.02786   -0.064496
-0.020321   -0.036657     -0.0599
-0.0022066   -0.042943      0.0281
-0.0036448   -0.043539      0.0301
-0.0021917   -0.043013      0.0301
-0.038915    0.022959     0.04806
-0.033585   0.0089366   -0.072935
-0.034975  -0.0021043    -0.06493
-0.0085688     0.03327    -0.05607
-0.012752    0.032968   -0.053532
-0.01141    0.023646   -0.053554
-0.038952   -0.027024    0.048082
-0.033909   -0.013182    -0.07295
-0.031075   -0.027154   -0.072951
-0.036535    0.030391     0.10574
-0.035021     0.03039    0.057104
-0.033285     0.03039    0.057104
-0.040989  -0.0021099    0.048068
-0.025963    -0.03522     -0.0729
-0.036881   -0.031816    0.049432
-0.026006    0.037998     0.10869
-0.033755    0.030391     0.10694
-0.028225    0.039567     0.10595
-0.0018203     0.04233    0.010997
-0.0018202    0.041726    0.029922
-0.0018205    0.038133   -0.015456
0.0011795    0.038517  -0.0079002
-0.0018205     0.03878  -0.0079001
-0.0018204    0.038952  -0.0059001
-0.0018207   -0.042554     -0.0439
-0.0018207   -0.042632     -0.0419
-0.001821    -0.04212   -0.082719
-0.0029756   -0.038703      0.1321
0.0010672    -0.03871      0.1321
-0.0048532   -0.040613      0.1321
-0.0028207   -0.044905   -0.035915
-0.0028205   -0.046581   -0.020312
-0.002821   -0.043108    -0.08282
-0.0018196    0.044189     0.11096
-0.0018194    0.043119     0.13872
-0.0018196    0.042088     0.10941
-0.0028203   -0.046593    0.011038
-0.0028202   -0.048062    0.031331
-0.0018207   -0.044908   -0.035845
-0.002821   -0.042113    -0.08282
-0.0048197    -0.04004   -0.082927
-0.0028205   -0.043113    -0.08283
-0.004821   -0.043041     -0.0829
-0.0018196    0.045357     0.10594
-0.004821    -0.04003     -0.0829
-0.011807   -0.042289     -0.0829
-0.034954    0.030348      0.1059
-0.011821   -0.039116     -0.0829
-0.011821   -0.042196     -0.0829
-0.016796   -0.041053   -0.079789
-0.019245    0.028436   -0.075493
-0.019916    0.029691   -0.063788
-0.021082    0.029537   -0.059958
-0.011803    -0.03922     -0.0829
-0.0036059    0.040287      0.0281
-0.0036059    0.040287      0.0301
-0.0048201    0.041508      0.0281
-0.016611   -0.037817   -0.079639
-0.016535   -0.037851   -0.079567
-0.016535   -0.041102   -0.079567
-0.0028196   -0.042982     0.11238
-0.0018196   -0.044874     0.10803
-0.0018196   -0.043198     0.11243
-0.01923    -0.03681   -0.075507
-0.022853   -0.034113   -0.073396
-0.025963   -0.029873     -0.0729
-0.031229   -0.024813     -0.0729
-0.028937   -0.021678     -0.0729
-0.033297    -0.01311     -0.0729
-0.030273    -0.01311     -0.0729
-0.031085  -0.0089176   -0.067116
-0.040999  -0.0021092    0.048069
-0.0029771    0.029589     -0.0779
0.0010657    0.029597     -0.0779
-0.0048492    0.031481     -0.0779
-0.035283    0.032249     0.11362
-0.035478    0.030387     0.11115
-0.033834     0.03012     0.11178
-0.0021912   -0.042722      0.1001
0.0006803   -0.042722      0.1021
0.00068028   -0.042722      0.1001
-0.012493      0.0443    0.089671
-0.010652    0.043874    0.088883
-0.0087989    0.044527    0.086978
-0.0018196    0.045356     0.10594
-0.031796   -0.036602     0.11437
-0.027894   -0.036609     0.11617
-0.030707   -0.034743     0.11267
-0.0021918   -0.043013      0.0281
0.00067977   -0.043013      0.0301
-0.034669    -0.03474    0.053084
-0.0038807    0.037185  -0.0079001
-0.0048233    0.038794  -0.0079001
0.0010662    0.037066  -0.0079002
-0.035716   -0.036117     0.10502
-0.017226    -0.04378    0.089718
-0.019   -0.042704    0.088946
-0.021089   -0.042855    0.086901
0.0011798    0.041302      0.0281
-0.0018202    0.041701      0.0301
0.0011798    0.041438      0.0301
-0.0048204    0.038724  -0.0079001
-0.017134    0.041047    0.042953
-0.011712      0.0339   -0.053351
-0.019797    0.030783   -0.055972
-0.0028196    -0.04651     0.10613
-0.0028196   -0.047473     0.10642
-0.00282   -0.047178    0.058018
-0.039477    -0.01521    0.049192
-0.040953  -0.0021095    0.048071
-0.040424   -0.015119    0.048059
0.00118    0.043434      0.0641
-0.0018199    0.043796      0.0661
0.0011801    0.043534      0.0661
-0.040001  -0.0021052    0.049204
-0.0073093    0.044393    0.082619
-0.0018206    0.038836  -0.0079041
-0.038582   -0.026913     0.04811
0.0011798   -0.043513      0.0301
0.0011798    -0.04472      0.0281
0.0011798   -0.043513      0.0281
-0.01482     0.03314      0.0761
-0.010222     0.03314    0.078006
-0.0028196    0.045449     0.10848
-0.0018196    0.043786      0.1126
-0.0018196    0.045615     0.10858
-0.022996    0.041499      0.1193
-0.029505     0.03843     0.11536
-0.026995    0.037352     0.11666
0.001179    0.030974     -0.0799
-0.001821    0.031484     -0.0779
0.001179    0.031219     -0.0779
0.0011792    0.035076     -0.0439
-0.0018207    0.035548     -0.0419
0.0011793    0.035284     -0.0419
-0.0036067    0.030069     -0.0799
-0.0047399    0.031203   -0.079881
-0.0028201   -0.047201    0.034538
-0.0018201   -0.047603     0.10501
-0.033996   -0.034477    0.057095
-0.034817   -0.036136    0.057072
-0.03578   -0.036157     0.10503
-0.035383   -0.035156    0.053047
-0.034746   -0.036156    0.057073
-0.03379   -0.034838       0.057
-0.002192    -0.04216  -0.0058998
-0.036237    0.031294     0.10948
-0.036962     0.03127     0.10723
-0.036157    0.030391     0.10681
-0.0028196    0.045615     0.10858
-0.0028196     0.04624     0.10792
-0.040828  -0.0021275    0.047686
-0.039953  -0.0021097      0.0491
-0.039409    0.011458      0.0491
-0.0042156    0.037519  -0.0059001
-0.0048199    0.038967  -0.0059001
-0.035455   -0.036859     0.10793
-0.026412    -0.04399     0.10502
-0.021433   -0.044239     0.10859
-0.0074804    0.043915    0.082445
-0.035565   -0.036011     0.10505
-0.013977   -0.047117     0.10502
0.0010672    0.039492      0.1321
-0.0048526    0.041392      0.1321
0.0011805    0.041116      0.1321
-0.0029756    0.039484      0.1321
-0.011516   -0.045792     0.10854
-0.0028196   -0.047654     0.10503
-0.0028196   -0.043198     0.11243
-0.0018195   -0.042884     0.12558
-0.0028196   -0.046106     0.10853
-0.0028196   -0.047229     0.10693
-0.035556    0.030391     0.10853
-0.033755    0.030391     0.10694
-0.0018196    0.047242     0.10618
-0.0018196     0.04595     0.10822
-0.0018196    0.045363     0.10594
-0.029039    0.037578    0.025337
-0.029747    0.043264     0.10502
-0.016465    0.045253    0.061374
-0.0028317    0.048504     0.10503
-0.0048503    0.041704      0.0301
0.0010665    0.039814      0.0301
-0.0027894    0.043207   0.0093591
-0.035765   -0.035575     0.10508
-0.034822   -0.033904     0.10771
-0.034554      -0.035     0.10501
-0.0028196   -0.045537     0.10789
-0.0028196   -0.046658       0.105
-0.0018196   -0.046797     0.10504
-0.021063   -0.042158    0.086022
-0.013337   -0.043893    0.089882
-0.016731   -0.037327    0.089657
-0.016535    0.032324   -0.079567
-0.018127    0.032124   -0.076687
-0.014884    0.033014   -0.081997
-0.02049    0.031334   -0.074531
-0.033743     0.03039     0.11162
-0.033755    0.030391     0.10694
-0.0028253    0.033949   -0.082856
-0.011853    0.033135   -0.082898
-0.019458    0.029348   -0.064162
-0.0094928    0.032085   -0.065081
-0.016418    0.023652   -0.066149
0.0010667     0.04191      0.0641
-0.0048331    0.043712      0.0641
-0.03013   0.0088899     -0.0729
-0.033165   0.0088899     -0.0729
-0.030912    0.019071     -0.0729
-0.0029761    0.041902      0.0641
-0.002191   -0.038597      0.1321
0.00068053   -0.038597      0.1341
0.00068052   -0.038597      0.1321
-0.025963    0.022503     -0.0729
-0.025963    0.027458     -0.0729
-0.028751    0.015938     -0.0729
-0.031063     0.02028   -0.072955
-0.019765    0.028417   -0.075962
-0.022908    0.026156   -0.073378
-0.037465    0.011087      0.0491
-0.016535    0.029113   -0.079567
-0.016745    0.029044   -0.079757
-0.016543    0.032259   -0.079596
-0.011821    0.033087     -0.0829
-0.019417   -0.036859    0.087195
-0.010222   -0.036859    0.087194
-0.02132   -0.036859      0.0826
-0.0048194    0.035478   -0.041898
-0.011808    0.030097     -0.0829
-0.01181    0.033167     -0.0829
-0.004821    0.030803     -0.0829
-0.011821    0.030008     -0.0829
-0.004821    0.033829     -0.0829
0.0011795    -0.04266  -0.0058999
0.0011795   -0.043897  -0.0058999
0.0011795   -0.043831  -0.0078999
-0.0018204    -0.04416  -0.0058998
-0.0018205   -0.044094  -0.0078998
-0.0018195    0.030896   -0.082739
-0.0048207    0.033832   -0.082912
-0.002821    0.033893    -0.08282
-0.002821    0.032892    -0.08282
-0.0028205    0.040664   -0.020412
-0.0028208    0.032892   -0.082822
-0.0018194   -0.040249     0.13872
0.0011792   -0.042292     -0.0439
-0.0018195    -0.04253     -0.0439
0.0010659   -0.040771     -0.0439
-0.0028206    0.038162    -0.03599
-0.0028202    0.044865    0.031223
-0.0048513    0.043804      0.0661
0.0010667     0.04191      0.0661
-0.037432     0.02745    0.049347
-0.030677    -0.03578     0.11431
-0.030753   -0.034609     0.10771
0.0011803   -0.043222      0.1021
0.0011803   -0.044501      0.1001
0.0011803   -0.043222      0.1001
-0.00282    0.045383    0.057969
-0.0028196    0.048219     0.10643
-0.0029763    0.039806      0.0301
-0.0028196    0.047242     0.10618
-0.016963    0.045803     0.10861
-0.002846     0.04893     0.10508
-0.022788    0.045438     0.10489
-0.0028305    0.047172     0.10862
-0.022365    -0.04218    0.082671
-0.019418     0.03314    0.087194
-0.02132     0.03314      0.0826
-0.0022071   -0.040587     -0.0439
-0.0036453   -0.041183     -0.0419
-0.0021923   -0.040657     -0.0419
-0.0036059   -0.043599      0.0281
-0.0048201   -0.044813      0.0301
-0.0036059   -0.043599      0.0301
-0.030896    0.039939     0.10829
-0.032372    0.040161     0.10503
0.0011798    -0.04475      0.0301
-0.0018202   -0.045013      0.0301
-0.0029761    0.041902      0.0661
-0.032536   -0.034609     0.11199
-0.035762    0.031765    0.056877
-0.03749    0.031768     0.10502
-0.036995    0.031734     0.10724
-0.037555    0.031903     0.10509
0.0011805   -0.040334      0.1321
-0.0028196   -0.045057     0.10815
-0.031795   -0.036609      0.1144
-0.035985    0.031832    0.057045
-0.036572    0.030365     0.10505
-0.037507    0.031766     0.10502
-0.018417     0.02364   -0.055304
-0.036107    0.030773    0.052845
-0.034864    0.030519    0.057037
-0.035791    0.031846    0.057056
0.00067922    0.033548     -0.0439
0.00067924    0.033548     -0.0419
-0.0021923    0.033548     -0.0419
0.00067896   -0.038453     -0.0799
-0.0028195   -0.042893     0.12534
-0.0036065    0.034133     -0.0439
-0.0036065    0.034133     -0.0419
-0.0047684    0.035296   -0.043889
-0.0036052   -0.039183      0.1321
-0.0048194   -0.040397      0.1341
-0.0036052   -0.039183      0.1341
-0.032464    0.032391     0.11415
-0.0021923   -0.040657     -0.0439
0.00067924   -0.040657     -0.0419
0.00067922   -0.040657     -0.0439
-0.03868    0.022624    0.048062
-0.0028203    0.042326    0.010947
-0.011758    0.032038   -0.066619
-0.016324    0.030887   -0.066555
-0.031973   -0.036484     0.11476
-0.033274   -0.036327       0.112
-0.032962   -0.036633     0.11286
-0.033287   -0.036326     0.11078
-0.027575   -0.040615     0.11195
-0.033184   -0.036563      0.1127
-0.032457   -0.034842     0.11186
-0.013096   -0.039493   -0.066903
-0.019304   -0.037027    -0.06339
0.0011801   -0.043667      0.0661
0.0011801   -0.044905      0.0661
0.00118    -0.04491      0.0641
-0.0073207   -0.040916     -0.0599
-0.0073207    -0.02786     -0.0599
-0.014744    0.043465      0.0896
-0.032191   -0.037503     0.11354
-0.02384   -0.041601     0.11769
-0.0036054    0.043826      0.1001
-0.035827    0.032973      0.1124
-0.035144    0.032391     0.11331
-0.0041164   -0.044237      0.1125
-0.018415   -0.042963     0.12232
-0.0018199   -0.045173      0.0641
-0.0036448    0.040227      0.0281
-0.0022066    0.039631      0.0301
0.0011795    0.038689  -0.0059002
-0.018303   -0.042814     0.12237
-0.014841   -0.043176     0.12657
-0.0028194   -0.043318     0.13716
-0.01028   -0.043359     0.13182
-0.01554    -0.04219      0.1271
-0.0029951   -0.043424     0.13704
-0.0092098   -0.044389    0.078635
-0.0145   -0.043822    0.075491
-0.0098706   -0.037359     0.07765
0.0010662    0.037066  -0.0059002
-0.001821   -0.040453     -0.0779
-0.0028194   -0.043391     0.13732
-0.0028196   -0.044394     0.11095
-0.012744   -0.045486     0.10891
-0.0028355   -0.044022     0.11236
-0.013301   -0.043767      0.1124
-0.0078198    0.033641      0.0826
0.001179    0.029984     -0.0799
0.001179    0.029984     -0.0779
-0.0028196   -0.043437     0.11064
0.0011803   -0.044459      0.1021
-0.0018197   -0.044763      0.1001
-0.0018192   -0.044068  -0.0078998
0.0010662   -0.042273  -0.0078999
-0.024708   -0.042996     0.10855
-0.024396   -0.041509     0.11208
-0.035377    0.029144    0.052323
-0.033162     0.03039      0.0571
-0.034902     0.03039    0.057101
-0.024432   -0.041921     0.11016
-0.0048209    0.031284     -0.0779
-0.034772   -0.036129     0.10768
-0.03374   -0.036783     0.11103
-0.024303   -0.041308     0.11203
-0.0029758    0.043346      0.1001
-0.0048409    0.045195      0.1001
0.001067    0.043354      0.1001
-0.033659   -0.036245     0.10931
-0.0092246     0.02364   -0.064496
-0.0073207    0.032919     -0.0599
-0.0073207     0.02364     -0.0599
-0.032628   -0.034559     0.11078
-0.033287   -0.036326     0.11078
-0.033337   -0.036337       0.112
-0.035478    0.030391     0.11115
-0.033743    0.030391     0.11163
-0.0095769     0.02314   -0.055659
-0.018065     0.02314   -0.055659
-0.018065     0.02314   -0.064141
-0.010279     0.04411     0.13183
-0.0153    0.044288     0.11257
-0.018142    0.043581     0.12261
0.0010659    0.033661     -0.0439
-0.0047687    0.035349     -0.0439
-0.028939    0.039801     0.11171
-0.022688    0.042451     0.11853
-0.017954    0.043511     0.12276
-0.029648    0.039261     0.11447
-0.0083197   -0.036859      0.0826
-0.0036057   -0.043753      0.0641
-0.0048199   -0.044967      0.0661
-0.0036057   -0.043753      0.0661
-0.036095    0.031968      0.1119
-0.0211    0.042364    0.086905
-0.017205     0.04351    0.089724
-0.0029756    0.039484      0.1341
0.0010672    0.039492      0.1341
-0.0048333    0.041295      0.1341
-0.0028202    0.043846    0.030304
-0.0018196    0.047608     0.10504
-0.0018205    0.040876  -0.0083551
-0.036361    0.031875     0.10952
-0.018065    -0.02736   -0.055659
-0.0095763    -0.02736    -0.05566
-0.0095771    -0.02736   -0.064141
-0.0028196    0.047331     0.10506
-0.0028322    0.036952  -0.0079001
-0.036247    0.030677     0.11119
-0.036317    0.032193       0.112
-0.036353    0.031875     0.11116
-0.0082129    0.033764   -0.055831
0.0011806    -0.04023      0.1341
-0.0018194   -0.040492      0.1341
-0.0018194   -0.040597      0.1321
-0.032689    0.038118     0.10807
-0.03632    0.031906     0.10951
-0.026698    0.041526     0.11201
-0.035687     0.02239      0.0491
-0.038801    0.022657    0.048104
-0.0028196   -0.045234     0.10798
-0.03636    0.031875     0.10952
-0.0078208    -0.02736     -0.0599
-0.026751    0.042467     0.10861
-0.0018203   -0.046594    0.011088
-0.0018202   -0.044958      0.0281
-0.0018202   -0.045014    0.030101
-0.0036054   -0.043307      0.1001
-0.014416    0.044421     0.11261
-0.013721     0.04596     0.10928
-0.026372    0.041035     0.11196
-0.00282    0.044165     0.13717
-0.0028196    0.044973     0.11265
-0.0018196     0.04624     0.10792
-0.0028061    0.046125     0.10913
-0.0021918    0.039701      0.0281
-0.0028194    0.043144     0.13822
-0.0028196     0.04516     0.11124
-0.0028194    0.043929     0.13779
-0.0028196    0.044188     0.11096
-0.015532    0.042545     0.12707
-0.0026354    0.043042     0.13801
-0.015526    0.045433      0.1271
0.0011806   -0.039097      0.1341
0.0011805   -0.039097      0.1321
0.0011798    0.040201      0.0281
-0.0028276    0.046902      0.1084
-0.014788    0.045835     0.10932
-0.0028196    0.046338     0.10927
-0.017207    0.043545    0.089707
-0.035072    0.032459     0.11331
-0.0028196    0.046674     0.10891
-0.0028196     0.04595     0.10822
-0.033199    0.031126     0.11359
0.0011792    0.034048     -0.0439
-0.01141   -0.027864   -0.066269
-0.0028196   -0.045921     0.10871
-0.0028134   -0.045684     0.10844
-0.013341   -0.045415     0.10899
-0.011352   -0.045807     0.10854
-0.023948   -0.042971     0.10789
-0.0018207    0.038169    -0.03592
-0.0018208    0.034559   -0.051407
-0.001821    0.030894   -0.082719
-0.0028196   -0.045744     0.10888
-0.015836   -0.043744      0.1058
-0.021102   -0.042813    0.086911
-0.022488   -0.042369    0.082601
-0.037708     0.02239      0.0491
-0.035682    0.022536    0.048258
-0.027505   -0.039082    0.042972
-0.0211   -0.042834    0.078284
-0.014819    0.033141    0.089099
-0.026261   -0.040632     0.10583
-0.00182    0.045384    0.057999
-0.0018199    0.044171    0.073587
-0.017234   -0.043732    0.089737
-0.0048196   -0.044522      0.1021
-0.0036054   -0.043307      0.1021
-0.001821    0.031243   -0.079899
-0.0047168     0.03118     -0.0799
-0.012499   -0.044433     0.08972
-0.014771   -0.043637      0.0896
-0.0048196   -0.044689      0.1021
-0.0087923   -0.044781    0.087027
-0.0022063   -0.043097      0.0641
-0.0036445   -0.043693      0.0661
-0.0021915   -0.043167      0.0661
-0.012504   -0.044464    0.089707
-0.007344   -0.044914    0.082606
-0.00482    0.041652      0.0301
-0.0018187    0.041705      0.0301
-0.012544    -0.04496    0.075482
-0.0087827   -0.044874      0.0782
-0.00185   -0.045138    0.064102
-0.020954   -0.036311    -0.05967
-0.03548    0.030962      0.1126
-0.0078198   -0.044414      0.0826
0.0011798   -0.044751      0.0301
-0.0021926    0.029484     -0.0799
0.00067896    0.029484     -0.0799
-0.0021925    0.029484     -0.0779
-0.033469    0.029357    0.053168
-0.017233    -0.04382    0.075467
-0.02182   -0.041898      0.0826
-0.02182   -0.037359      0.0826
-0.01844   -0.037325    0.076244
-0.022744    -0.04162    0.082189
-0.0078198    0.043902      0.0826
-0.015602   -0.042094   -0.020046
-0.019853   -0.038194   -0.056001
-0.021407   -0.037422   -0.059906
-0.019985   -0.037452   -0.063699
-0.022625    0.041003    0.082967
-0.018449    0.033617    0.089028
-0.037027    0.031735     0.10726
-0.036827     0.03012     0.10509
-0.035634   -0.031438     0.05066
-0.036955   -0.031755    0.049463
-0.016105   -0.040048   -0.053262
-0.019044    0.042638    0.088572
-0.021096    0.042408    0.086886
-0.011659   -0.041186   -0.053303
-0.001821    0.032905   -0.082719
-0.035426    0.024156    0.049236
-0.0018194   -0.044055  -0.0078998
-0.0082227   -0.041533   -0.055799
-0.020321     0.02364     -0.0599
-0.020321    0.029115     -0.0599
-0.0048194   -0.042542   -0.041899
-0.0068612   -0.041413    -0.05993
0.0011803    0.044915      0.1001
-0.011867   -0.039228   -0.082902
-0.0082394   -0.041024   -0.064082
0.0011793   -0.042395     -0.0419
-0.0018207   -0.042657     -0.0419
0.0011792   -0.042292     -0.0439
-0.0046339   -0.040048   -0.082916
-0.01178   -0.040308   -0.066597
-0.029653    0.039378     0.11453
-0.016051    0.032591   -0.053273
-0.014765   -0.038282   -0.081941
-0.016379   -0.038989   -0.066519
-0.0071007   -0.040972    -0.05999
-0.004898    0.038681  -0.0079031
-0.0028875    0.036807  -0.0058961
-0.0048204    0.038896  -0.0059001
-0.0036067   -0.039039     -0.0799
-0.0018227    0.031513   -0.077903
-0.0018204   -0.044159  -0.0058998
-0.0036062   -0.042746  -0.0078998
-0.0036451   -0.042686  -0.0058998
-0.0022068    -0.04209  -0.0078998
-0.0095765     0.02314   -0.064141
-0.0078208     0.02314     -0.0599
-0.014819   -0.036859      0.0891
-0.0018199    0.043697      0.0641
-0.0048193    0.043646    0.064101
-0.031799   -0.036607     0.11438
-0.0021915   -0.043167      0.0641
0.00068003   -0.043167      0.0661
-0.026989   -0.029231   -0.072898
-0.0018207   -0.042555     -0.0439
-0.0048209   -0.040378     -0.0779
-0.013821     0.02314     -0.0659
-0.001821   -0.040115   -0.082719
-0.0018501   -0.040258   -0.079895
-0.001821   -0.040116   -0.082719
-0.034825    0.030391     0.10591
-0.0018206    -0.04212   -0.082723
-0.0048208    0.038899  -0.0059001
0.0006803     0.04324      0.1021
-0.0048194   -0.040397      0.1321
-0.001821   -0.040314     -0.0799
0.001179   -0.040051     -0.0799
-0.0048354   -0.040323     -0.0799
0.0010657   -0.038566     -0.0799
-0.0018186    -0.04132     0.10905
-0.0029771   -0.038559     -0.0799
-0.0018202   -0.044983      0.0281
-0.037696   -0.026768    0.047989
-0.0018191    0.041464      0.1321
-0.0048526    0.045254      0.1021
0.001067    0.043354      0.1021
-0.0048209   -0.040253     -0.0799
-0.0048209   -0.040253     -0.0779
0.0011806    -0.04023      0.1341
-0.0048207   -0.042452   -0.043899
-0.0018215   -0.040485   -0.077901
0.0010665    0.039814      0.0281
-0.0048362    0.041578      0.0281
0.00067975    0.039701      0.0281
0.00067977    0.039701      0.0301
-0.0021917    0.039701      0.0301
-0.0036052    0.039964      0.1321
-0.0036052    0.039964      0.1341
-0.0048194    0.041178      0.1321
0.00067975   -0.043013      0.0281
-0.021095   -0.042879    0.078302
-0.022502   -0.041585    0.082463
-0.019063   -0.042986    0.076651
-0.0018218   -0.042527   -0.043901
-0.001821    0.031238     -0.0799
-0.001821    -0.04012   -0.082719
-0.019821    -0.02736     -0.0599
0.0010657   -0.038566     -0.0779
-0.0048478   -0.040446     -0.0779
-0.0029771   -0.038559     -0.0779
-0.035157    0.030823     0.10945
-0.035838    0.032978     0.11243
-0.0029769   -0.040763     -0.0439
-0.0048245   -0.042461     -0.0439
-0.003644    0.039904      0.1321
-0.0022058    0.039309      0.1341
-0.020399    0.029052   -0.059847
-0.037587    0.031747       0.105
0.00068052    0.039378      0.1321
0.00068053    0.039378      0.1341
-0.002191    0.039378      0.1341
-0.0036445    0.042322      0.0641
-0.0021915    0.041796      0.0641
-0.0022063    0.041726      0.0661
-0.0036065   -0.041243     -0.0439
-0.0048207   -0.042457     -0.0439
-0.0048207   -0.042457     -0.0419
-0.0048194    0.041178      0.1341
0.00068002    0.041796      0.0641
0.00068003    0.041796      0.0661
-0.0021915    0.041796      0.0661
-0.014776    0.029353   -0.081939
-0.0018207   -0.042607     -0.0419
-0.0029769   -0.040763     -0.0419
-0.0048375   -0.042541     -0.0419
-0.0018195   -0.042632     -0.0419
0.0011795    0.037452  -0.0079002
-0.01382     0.02314     -0.0539
0.0010659   -0.040771     -0.0419
0.00118   -0.043667      0.0641
-0.030721   0.0089788   -0.072949
0.0011806    0.041011      0.1341
-0.032578   -0.034609     0.11199
-0.00482   -0.043977  -0.0078998
-0.034121   -0.030818    0.050258
-0.03594   -0.026704    0.049098
-0.030735   -0.013155   -0.072938
-0.0048201    0.041501      0.0301
-0.032016  -0.0021102   -0.064932
-0.0029811   -0.042267  -0.0078998
-0.0048313   -0.043985  -0.0078998
0.0011795    0.037452  -0.0059002
-0.032641   -0.034647     0.11196
-0.033961   -0.035578      0.1074
-0.032638   -0.036185     0.11056
-0.0048201   -0.044912      0.0301
-0.0048204   -0.043972  -0.0078998
-0.0048204    -0.04396  -0.0058998
-0.0048205   -0.044052  -0.0058998
-0.019238    0.029278   -0.063435
-0.01632    0.029936   -0.066716
-0.0088038   -0.044814    0.087014
-0.010753   -0.044205    0.088717
-0.018065    -0.02736    -0.06414
-0.0048161   -0.044881      0.0281
-0.0018221    -0.04414  -0.0059008
-0.0029766   -0.042266  -0.0058998
-0.0048382   -0.044048  -0.0058998
-0.0018192   -0.044135  -0.0058998
-0.020974     0.02894   -0.060051
-0.035246   -0.034187     0.10502
-0.034693   -0.034609     0.10589
0.00118    0.042296      0.0641
0.0011801    0.042296      0.0661
0.0010662   -0.042273  -0.0058999
-0.0018202   -0.044933      0.0281
-0.0029763   -0.043118      0.0281
-0.001819   -0.044958      0.0281
-0.0048336    -0.04488      0.0281
0.0010665   -0.043126      0.0281
0.0010672    -0.03871      0.1341
-0.0029756   -0.038703      0.1341
-0.0048339   -0.040515      0.1341
-0.0018196    0.043977     0.11264
-0.0018203   -0.045019      0.0301
-0.0029763   -0.043118      0.0301
-0.004839   -0.044907      0.0301
-0.001819   -0.044988      0.0301
-0.02182    0.041198      0.0826
0.0010665   -0.043126      0.0301
-0.0018194    0.041379      0.1321
-0.0028209    0.033113   -0.082845
-0.0018211    0.032904   -0.082723
-0.0083595   -0.044352    0.085296
-0.032637   -0.033663    0.053326
-0.032171   -0.034609      0.0571
-0.0036062   -0.042746  -0.0058998
-0.038043  -0.0021112    0.049099
-0.038025  -0.0021095    0.049098
-0.031958  -0.0021207   -0.064929
0.001179   -0.038953     -0.0799
0.0011795    -0.04266  -0.0078999
-0.007189   -0.044234    0.082673
-0.00182   -0.047178    0.058048
-0.0018199   -0.045148    0.073591
-0.0048199   -0.044967      0.0641
-0.0048525    -0.04518      0.0641
0.0010667    -0.04328      0.0641
-0.0029761   -0.043272      0.0641
-0.0048201   -0.044813      0.0281
-0.03502    0.030418    0.057098
-0.032143    -0.03746     0.11351
-0.0048199   -0.045125      0.0661
-0.0048199    0.043596      0.0641
-0.0036057    0.042382      0.0661
-0.0048199    0.043596      0.0661
-0.0029769    0.033653     -0.0439
-0.0048196   -0.044731      0.1001
-0.0018212   -0.045189      0.0661
-0.002191    0.039378      0.1321
-0.0018199   -0.044796      0.1001
-0.037478   -0.026609      0.0491
-0.0018199   -0.045167      0.0661
0.0011806   -0.040229      0.1341
0.0010667    -0.04328      0.0661
-0.0048516   -0.045175      0.0661
0.0011801   -0.044904      0.0661
-0.0018194    0.041031     0.13872
-0.0029761   -0.043272      0.0661
-0.0029758    0.043346      0.1021
-0.0018196   -0.044646     0.10578
0.0011793   -0.041157     -0.0419
0.0011792   -0.041157     -0.0439
0.0011798    0.040201      0.0301
-0.0048606   -0.044775      0.1001
0.001067   -0.042835      0.1001
-0.0029758   -0.042827      0.1001
-0.0018207    0.035339     -0.0439
-0.0018196   -0.045419     0.10781
-0.0036057    0.042382      0.0641
-0.0018196   -0.044639     0.10579
-0.0018196   -0.044725      0.1021
-0.0018194    0.041274      0.1341
-0.0048196   -0.044522      0.1001
0.0011793    0.034048     -0.0419
-0.0036067   -0.039039     -0.0779
-0.0018196   -0.044722      0.1021
0.00068002   -0.043167      0.0641
0.001067   -0.042835      0.1021
-0.0048531   -0.044737      0.1021
0.0011803   -0.044459      0.1021
-0.012482    0.044263    0.089687
-0.0029758   -0.042827      0.1021
-0.0048207    0.035348     -0.0419
-0.012948   -0.040745     0.10901
-0.0018196   -0.041223     0.10904
0.00067897    0.029484     -0.0779
-0.022682   -0.038931     0.10877
-0.0029788    0.039807      0.0281
-0.030769   -0.034599     0.10771
-0.033029   -0.034609     0.10586
-0.033247    -0.03472     0.10586
-0.033148   -0.034609     0.10576
-0.01382    -0.02736     -0.0539
-0.034024   -0.034609    0.057105
-0.034383   -0.033735    0.053464
-0.013822    -0.02736     -0.0659
-0.033909   -0.034609    0.057101
-0.03751    -0.02677    0.048171
-0.035353   -0.026701    0.048516
-0.022497    0.040888    0.082753
-0.035431    -0.02661      0.0491
-0.037437   -0.015231      0.0491
-0.039434   -0.015209      0.0491
-0.037982    -0.00211      0.0491
-0.0018197    0.045177      0.1001
-0.021148    0.041944    0.078314
-0.0225    0.041664    0.082578
-0.017303    0.042853    0.075463
-0.0028196    0.043977     0.11264
-0.019821     0.02314     -0.0599
-0.012537    0.043649    0.075453
-0.0087995    0.044124    0.078152
0.0011803    0.044915      0.1001
-0.0018196     0.04524      0.1021
-0.0073454    0.044401    0.082579
-0.0087834    0.044494    0.086985
-0.0036065   -0.041243     -0.0419
-0.0018212  -0.0021101     -0.1059
0.020453   -0.024384     -0.1059
0.010233   -0.031212     -0.1059
-0.0018212    -0.03361     -0.1059
-0.013876   -0.031212     -0.1059
-0.024095   -0.024384     -0.1059
-0.030923   -0.014165     -0.1059
-0.033321  -0.0021101     -0.1059
-0.030923   0.0099443     -0.1059
-0.024095    0.020164     -0.1059
-0.013876    0.026992     -0.1059
-0.0018212     0.02939     -0.1059
0.010233    0.026992     -0.1059
0.020453    0.020164     -0.1059
0.027281   0.0099445     -0.1059
0.029679  -0.0021101     -0.1059
0.027281   -0.014165     -0.1059
0.029638   -0.041386    0.042331
0.01637   -0.046143     0.10502
0.01118   -0.047188    0.082601
0.015435   -0.046456    0.042414
-0.0018196   -0.047658     0.10503
0.050882   -0.027819     0.12566
0.052396   -0.027128     0.11777
0.044301   -0.028848     0.13742
0.014965   -0.044534   -0.020271
0.0085484   -0.042368   -0.079028
0.020801   -0.038898   -0.066063
-0.0018186   -0.047159  -0.0076278
0.049084    0.026137    0.093149
0.046467    0.026239    0.084028
0.046295     0.02589      0.0836
-0.001821   -0.043123   -0.082719
0.018212   -0.042768      0.0811
0.018018   -0.042377      0.0811
0.01868   -0.037359      0.0811
0.023676    0.012812   -0.043359
0.023229    0.013417   -0.043417
0.023356    0.013003   -0.043404
0.005665   -0.044682    0.087618
0.005957    -0.04424     0.08726
0.0037178   -0.044876    0.082625
0.045957  -0.0024355      0.0191
0.048482  -0.0024355      0.0191
0.048427   -0.004945      0.0191
0.048954  -0.0023855      0.0191
0.045097  -0.0021097    0.015375
0.048484  -0.0024355      0.0191
0.046437   0.0038026    0.031216
0.046415   0.0016502    0.029663
0.048627   0.0048304    0.066014
0.048482  -0.0017838      0.0191
0.054519    -0.02658      0.1115
0.054075    -0.02534    0.097326
0.048112  -0.0021097    0.015375
0.048483  -0.0021096      0.0191
0.048483  -0.0017838      0.0191
0.048483  -0.0021096      0.0191
0.048113  -0.0021097    0.015375
0.048953   0.0023176    0.065984
0.047214  -0.0021045    0.038392
0.04891  0.00030749     0.06595
0.015233    0.033069    0.087719
0.015267    0.033641    0.088283
0.010676    0.033076    0.089108
0.037848   0.0096429     -0.0339
0.038338   0.0072551   -0.032477
0.037812   0.0097341   -0.032826
0.0059712   -0.037359    0.077924
0.0059563   -0.044349    0.077941
0.0041802   -0.044414    0.082597
0.045944  -0.0017838      0.0191
0.048113  -0.0021097    0.015375
0.010393   -0.044232    0.090031
0.015258   -0.042969     0.08829
0.010354   -0.043765    0.089551
0.047103    -0.02583     0.13735
0.049805    -0.01687     0.13727
0.041823   -0.028235     0.13749
0.038678  -0.0099038   -0.050363
0.039776   -0.013173   -0.041738
0.040412   -0.016023   -0.033899
0.034806   -0.019489     -0.0629
0.037229   -0.028573   -0.020486
0.040473   -0.016021   -0.033467
0.040858    -0.01386     -0.0339
0.050366     0.02149     0.13725
0.057313     0.01995     0.11836
0.050145    0.021604     0.13726
0.015812   -0.043386    0.088535
0.053298    0.023428     0.12408
0.056375     0.02154     0.10558
0.05462    0.020244    0.088961
0.038356   -0.011351     -0.0339
0.041271    -0.01135     -0.0339
0.041634  -0.0096247     -0.0339
0.03789    -0.01386     -0.0339
0.05331    0.023459     0.12404
0.056332    0.022505     0.11314
0.053421    0.023557     0.12516
0.040431   -0.016021     -0.0339
0.037876   -0.013925   -0.033151
0.040864    -0.01386     -0.0339
0.039776   -0.013175   -0.041725
0.050613    0.019085    0.076694
0.051306    0.017928      0.0761
0.051035     0.01873    0.076641
0.036692   -0.013175   -0.041725
0.051313   0.0090988     0.13723
0.059571  -0.0021086     0.11618
0.052382  -0.0021082      0.1372
0.035758  -0.0099652   -0.050453
0.039782   -0.013246    -0.04175
0.038814  -0.0099044   -0.050428
0.041517  -0.0093393     -0.0339
0.041281    -0.01135   -0.033902
0.035752  -0.0099044   -0.050428
0.041292    -0.01135     -0.0339
0.023179     0.01339     -0.0454
0.023179     0.01339     -0.0434
0.023179     0.02119     -0.0434
0.043542   -0.018672      0.0211
0.043609   -0.018497      0.0191
0.043056    -0.01843    0.018342
0.03828  -0.0075114   -0.054831
0.050003   -0.022887    0.075964
0.050032   -0.022274    0.075992
0.049958   -0.023687    0.077422
0.023179    -0.01761     -0.0524
0.023179    -0.02481     -0.0544
0.023179    -0.02481     -0.0524
0.037447    0.010962     -0.0319
0.038574   0.0052348   -0.032586
0.038978   0.0020125   -0.031905
0.03833   -0.011414   -0.033171
0.041624   0.0052975     -0.0319
0.038963   0.0027882     -0.0319
0.041852   0.0027884     -0.0319
0.038344    -0.01135     -0.0339
0.04151  -0.0093426     -0.0339
0.01868    0.033641      0.0931
0.01568    0.033641      0.0931
0.024409    0.040809      0.0931
0.03884  -0.0068335     -0.0339
0.04173  -0.0068329     -0.0339
0.038607  -0.0093426     -0.0339
0.018271   -0.036839    0.093606
0.01868   -0.030609      0.0931
0.01868   -0.037359      0.0931
0.036987  -0.0084717   -0.043856
0.041553  -0.0093425   -0.033901
0.037032  -0.0021302     -0.0629
0.038061  -0.0062077   -0.056557
0.018136   -0.030604    0.083614
0.01868   -0.030609      0.0841
0.018303   -0.030176    0.083617
0.035227  -0.0075114   -0.054831
0.03791  -0.0047242   -0.057946
0.034826  -0.0047855    -0.05799
0.03827  -0.0075911   -0.054892
0.037882  -0.0047306   -0.057932
0.015216     0.03314    0.087695
0.0064106     0.03314    0.087015
0.017603     0.03314      0.0836
0.034834  -0.0047306   -0.057932
0.039891  -0.0057838   -0.045894
0.041857   -0.004826   -0.033905
0.041768  -0.0068355   -0.033906
0.00641     0.03314    0.078185
0.010679     0.03314     0.07612
0.015216     0.03314    0.077504
0.037756    -0.00264   -0.058873
0.018098   -0.030609    0.095624
0.01868   -0.037359      0.0961
0.01868   -0.030609      0.0961
0.0064096   -0.036859    0.087014
0.015215   -0.036859    0.087696
0.017603   -0.036859      0.0836
0.036972  -0.0058524    -0.04511
0.041724   -0.006833     -0.0339
0.045621  -0.0096372      0.0211
0.045641  -0.0094621      0.0191
0.044935   -0.009347    0.017784
0.038831   -0.006833     -0.0339
0.038943  -0.0048255     -0.0339
0.041826  -0.0048255     -0.0339
0.03994  -0.0037649   -0.046023
0.038982  -0.0035528     -0.0339
0.036989  -0.0038137   -0.045465
0.037757  -0.0026413   -0.058867
0.047446    0.024334     0.13741
0.053123    0.023157     0.12409
0.015229   -0.036794    0.087719
0.010675   -0.036795    0.089108
0.015265   -0.037359    0.088285
0.034709  -0.0026413   -0.058867
0.053125    0.016273     0.07766
0.05295    0.016395     0.07773
0.058087    0.017883    0.094734
0.034705  -0.0021105   -0.058904
0.037756  -0.0026416   -0.058871
0.037753  -0.0021099     -0.0589
0.03776  -0.0021032   -0.058902
0.0059193    0.033611    0.087332
0.0041248    0.033618    0.082596
0.0046809     0.03314      0.0826
0.037744  -0.0015794   -0.058865
0.037755   -0.002103   -0.058901
0.034618    0.014383     -0.0629
0.018271    0.033121    0.095594
0.01868    0.026391      0.0961
0.01868    0.033641      0.0961
0.015656    0.033054      0.0936
0.015662    0.033073      0.0956
0.01518    0.033641      0.0956
0.033076   -0.013444     -0.0629
0.033083   0.0082079     -0.0629
0.033983  -0.0021103     -0.0629
0.02982   -0.030277     -0.0629
0.02982   -0.024167     -0.0629
0.027996   -0.038454   -0.020377
0.025459   -0.035251   -0.063548
0.020696   -0.034965   -0.065994
0.02069   -0.038626   -0.065999
0.0257   -0.030594   -0.063477
0.045297    0.026175    0.081098
0.041686    0.026777    0.075251
0.046944    0.015382     0.07259
0.01683   -0.040291     -0.0704
0.01683   -0.036919     -0.0704
0.0085409   -0.042352    -0.07903
0.0085273   -0.039269   -0.079038
-0.0018205   -0.046594   -0.020193
0.043575    0.014454      0.0211
0.043621    0.014277      0.0191
0.044296     0.01177      0.0191
-0.0018205   -0.043601    -0.01994
-0.0018203   -0.047595    0.011101
-0.0018201   -0.048106    0.042472
0.040479   -0.032798    0.042243
0.040911   -0.013921   -0.033091
0.044002   -0.016155  -0.0071683
0.045727   -0.020168      0.0191
0.040541    0.033193      0.0961
0.032423    0.036922      0.0961
0.049274    0.026391      0.0961
0.047988    0.024621     0.13732
0.047451    0.024622     0.13734
0.040941   -0.014035     -0.0319
0.042535   -0.015028   -0.020548
0.040963   -0.013929   -0.033112
0.01518    0.033641      0.0936
0.046264   -0.018497      0.0191
0.047287    0.024334     0.13734
0.048951    0.021723     0.13729
0.039502    -0.01508   -0.019957
0.044024   -0.016216  -0.0069622
0.010375    0.044089    0.090029
0.01518    0.043439      0.0936
0.01518    0.043513      0.0956
0.041927  -0.0074073     -0.0339
0.040436   -0.016013   -0.033439
0.041401   -0.011437   -0.032909
0.041398   -0.011527     -0.0319
0.055813    0.017292    0.087974
0.052071    0.016395     0.07773
0.040473   -0.016021     -0.0339
0.0050597   -0.045917     0.10853
-0.0018134   -0.047775     0.10507
-0.0018201    -0.04511    0.042978
0.044629   -0.030609      0.0931
-0.0018196   -0.047231     0.10693
0.034885   -0.039466     0.10502
0.015919   -0.044809     0.10849
0.049651    0.025889    0.095595
0.049254    0.025891      0.0936
0.056139    0.014213    0.093535
0.023099    -0.01761   -0.043378
0.023279   -0.024796    -0.04341
0.023679    -0.02531     -0.0429
0.036863   -0.038105    0.091656
0.010427    0.033641    0.089559
0.015251    0.042667    0.088294
0.010337    0.043598    0.089549
0.034535   -0.039629     0.10565
0.035287   -0.039216     0.10656
0.035823   -0.039001     0.10509
0.021471   -0.043771     0.10821
0.018018    0.041786      0.0841
0.018018    0.033641      0.0841
0.01868    0.033641      0.0841
0.027049   -0.042412     0.10774
0.054872    0.020409    0.089179
0.056548    0.021837     0.10551
0.015912    0.042535    0.076755
0.01866    0.042124      0.0811
0.018081    0.041562    0.081033
0.03153   -0.040866     0.10695
0.033461   -0.040096     0.10631
0.039258   -0.036106    0.084557
0.040176   -0.035546    0.085253
0.037823   -0.037588    0.092059
0.037115   -0.038135     0.09508
0.03583   -0.039018     0.10509
0.034877   -0.039449     0.10502
0.042053   -0.033239    0.079177
0.042892   -0.032683     0.08024
0.047663   -0.020695    0.044337
0.047951   -0.023959    0.072381
0.048659    -0.02364    0.074301
0.050948   -0.013541    0.066398
0.051443    -0.01175    0.069949
0.052201    -0.01168    0.072339
0.050948   -0.020614     0.07773
0.056295   -0.022408    0.098233
0.050522   -0.015625    0.066612
0.01868   -0.030048    0.095614
0.045853   -0.030259    0.095601
0.049874   -0.018167    0.066971
0.049232   -0.020205    0.067322
0.056199    0.015871     0.11704
0.048273   -0.022767    0.067915
0.01818    0.026391      0.0936
0.01818    0.026391      0.0956
0.01818    0.033141      0.0956
0.051951  -0.0021095    0.065941
0.05213  -0.0021095    0.069583
0.020679    -0.02481     -0.0524
0.051935  -0.0045278    0.065965
0.051958   -0.006545    0.066001
0.023163   -0.024905   -0.052396
0.020679    -0.02531     -0.0519
0.023679    -0.02531     -0.0519
0.051606  -0.0090567    0.066099
0.051362   -0.011074    0.066212
0.052891  -0.0021098    0.072057
0.010424   -0.037359    0.089559
0.0059692   -0.037359    0.087274
0.018136    0.026385    0.093586
0.01868    0.026391      0.0931
0.01867    0.025844    0.093601
0.051418   0.0083196    0.069806
0.052129  -0.0021095    0.069583
0.051413   0.0068407    0.066066
0.051646   0.0048302    0.066012
0.051993   0.0023227    0.065968
0.051938  0.00030749    0.065949
0.051956  -0.0021095    0.065943
0.052176    0.008316    0.072206
0.052359  -0.0021095    0.070866
0.054774    -0.02415     0.11814
0.048948  -0.0021102    0.065944
0.051952  -0.0021095    0.065944
0.051919  -0.0045274     0.06596
0.018651    0.042261      0.0841
0.015401    0.043403    0.093169
0.015217   -0.036859    0.077506
0.0064111   -0.036859    0.078184
0.0046809   -0.036859    0.082599
0.051724    0.016522    0.076972
0.051024     0.01728    0.076511
0.051958    0.016297    0.077766
0.048914  -0.0045274    0.065961
0.018024   -0.037392    0.083998
0.018176   -0.036962    0.083567
0.048907  -0.0045277    0.065963
0.051913  -0.0045277    0.065963
0.05115   -0.003319    0.052148
0.012663    -0.02736   -0.065906
0.0076949    -0.02736   -0.065906
0.0055839    -0.02736   -0.064495
0.02008    0.021645   -0.043401
0.020634    0.021091   -0.045399
0.020679     0.02119     -0.0434
0.017603   -0.036859      0.0816
0.01818   -0.036859      0.0816
0.050174  -0.0021098    0.038329
0.047176  -0.0021096    0.038323
0.050184  -0.0021096    0.038323
0.048144  -0.0033194    0.052153
0.048675  -0.0026104      0.0211
0.015987    0.041095      0.1088
0.032685    0.037157     0.10595
0.034587    0.036169     0.11685
0.018193      0.0264    0.083597
0.018675    0.025863    0.083578
0.01868    0.026391      0.0841
0.016185    -0.02736   -0.062384
0.014774    -0.02736   -0.064495
0.0041734    -0.02736   -0.062384
0.048673  -0.0021068      0.0211
0.01568    0.033141      0.0936
0.01568    0.033141      0.0956
0.020669   -0.024763   -0.052401
0.020135   -0.025304   -0.052386
0.045959  -0.0026104      0.0211
0.048675  -0.0026104      0.0211
0.050485  -0.0045158    0.042879
0.047394  -0.0044135     0.04171
0.051816   -0.006539    0.066006
0.048806   -0.006539    0.066006
0.051615  -0.0090566    0.066094
0.01568   -0.036859      0.0936
0.01568   -0.036859      0.0956
0.01818   -0.036859      0.0936
0.048594  -0.0090565    0.066096
0.050216  -0.0090968    0.043629
0.048764  -0.0051094    0.021088
0.048585  -0.0090567    0.066099
0.050354  -0.0070281    0.042912
0.007695    -0.02736   -0.053894
0.010179    -0.02736     -0.0534
0.012663    -0.02736   -0.053894
0.023165   -0.024905   -0.054392
0.023679    -0.02531     -0.0549
0.020679   -0.024727   -0.054424
0.04733  -0.0070241    0.042865
0.048496  -0.0071276      0.0211
0.0036791    -0.02736     -0.0599
0.0041734    -0.02736   -0.057416
0.046073  -0.0055885    0.026455
0.048613  -0.0051199      0.0211
0.037448    0.010959     -0.0333
0.020246   -0.024933   -0.054417
0.020679    -0.02531     -0.0549
0.020141   -0.025304   -0.054425
0.045854  -0.0071276      0.0211
0.050177  -0.0090387    0.042946
0.047144   -0.009034    0.042891
0.023229    0.013417   -0.052417
0.023676    0.012812   -0.052359
0.023679     0.01339     -0.0519
0.048327   -0.011074    0.066212
0.047901   -0.013601    0.066404
0.051372   -0.011075    0.066209
0.050951   -0.013601    0.066409
0.04789   -0.013601    0.066409
0.049856    -0.01155    0.042962
0.049505   -0.013545    0.042828
0.049891   -0.011605    0.043626
0.0076949     0.02314   -0.065906
0.010179     0.02314     -0.0664
0.012663     0.02314   -0.065906
0.046113   -0.020167      0.0211
0.046113   -0.020167      0.0191
0.048812  -0.0088004      0.0191
0.024273    0.040982      0.0961
0.01568     0.04343      0.0961
0.0468    -0.01154    0.042849
0.047988   -0.011645      0.0211
0.0041734     0.02314   -0.057416
0.0055839     0.02314   -0.064495
0.016185     0.02314   -0.062384
0.048258  -0.0096372      0.0211
0.048264  -0.0096379      0.0211
0.018193   -0.030618    0.081603
0.018675   -0.030082    0.081622
0.01868   -0.030609      0.0811
0.045345   -0.011645      0.0211
0.049506   -0.013548     0.04286
0.044718   -0.011413    0.018446
0.046434   -0.013544    0.042813
0.05053   -0.015627    0.066622
0.058799    0.018877     0.10609
0.056136    0.020058     0.11959
0.047439   -0.015627    0.066622
0.047452   -0.015629    0.066615
0.050541   -0.015628    0.066618
0.023179     0.02119     -0.0454
0.046733   -0.018167    0.066971
0.048965   -0.016065    0.042939
0.048431   -0.018076    0.042979
0.048992   -0.016114    0.043547
0.0043748   -0.044811    0.080279
0.0056644   -0.044789    0.077591
0.045828   -0.016013    0.042349
0.047094   -0.016162      0.0211
0.015656   -0.036773      0.0956
0.01518   -0.037359      0.0936
0.01518   -0.037359      0.0956
0.047544   -0.014154      0.0211
0.047551   -0.014156      0.0211
0.023163    0.021285   -0.045404
0.020679     0.02169     -0.0459
0.023679     0.02169     -0.0459
0.044371   -0.016162      0.0211
0.048429   -0.018078    0.042998
0.045246   -0.018012    0.042242
0.049235   -0.020207    0.067333
0.034708  -0.0015798   -0.058873
0.038956   0.0006883   -0.032967
0.034826  0.00051077   -0.057932
0.046039   -0.020207    0.067333
0.046055   -0.020209    0.067326
0.049249   -0.020208    0.067331
0.045437   0.0054184      0.0211
0.045717    0.002734      0.0191
0.045695   0.0029083      0.0211
0.023302   -0.017177   -0.052383
0.023679    -0.01761     -0.0519
0.023673   -0.017072   -0.052375
0.044986   -0.022767    0.067915
0.047634   -0.020628    0.043458
0.045214   -0.030609      0.0961
0.044396   -0.020585    0.042974
0.045916   -0.020167      0.0211
0.016185    -0.02736   -0.057416
0.016679    -0.02736     -0.0599
0.046403   -0.018672      0.0211
0.046407   -0.018673      0.0211
0.020679    0.021107   -0.043376
0.023679     0.02169     -0.0429
0.020679     0.02169     -0.0429
-0.0018203   -0.044603    0.011479
0.045921   -0.020167      0.0211
0.043564    -0.01867      0.0211
0.047101   -0.016162      0.0211
0.023679     0.01339     -0.0429
0.045917   -0.020167      0.0211
0.045725   -0.020167      0.0191
0.057741     0.01861     0.10174
0.05564    0.017416    0.088028
0.054704     0.02012    0.089265
0.045731   -0.020167      0.0191
0.044419   -0.015987      0.0191
0.046952   -0.015987      0.0191
0.01036   -0.043905    0.075648
0.04363   -0.018495      0.0191
0.023163   -0.024905   -0.043396
0.020679    -0.02531     -0.0429
0.057919    0.018493      0.1017
0.018286     0.03314    0.083572
0.018131    0.026391    0.083618
0.056974   -0.014235    0.093535
0.059592  -0.0020682     0.11562
0.058616  -0.0021085    0.093126
0.048954  -0.0023855      0.0211
0.048675  -0.0016088      0.0211
0.023676   -0.017032   -0.054441
0.023229   -0.017637   -0.054383
0.023356   -0.017222   -0.054396
0.045517    -0.02891     0.13739
0.044371   -0.028841     0.13742
0.029775   -0.035355     0.13783
0.045956  -0.0051195      0.0211
0.01568    -0.03678    0.093578
0.018166   -0.036951    0.093608
0.048501  -0.0071275      0.0211
0.045948  -0.0051199      0.0211
0.045626  -0.0096376      0.0211
0.04587   -0.006953      0.0191
0.045632  -0.0096366      0.0211
0.041619   0.0052983     -0.0319
0.041676   0.0047535     -0.0339
0.048198   -0.012141      0.0211
0.047994   -0.011645      0.0211
0.044885   -0.014154      0.0211
0.044872   -0.014154      0.0211
0.003717    0.044364    0.082516
0.0041802    0.043899    0.082578
0.0043658    0.044372    0.084911
0.018278    0.033127    0.093609
0.018097    0.026391    0.093576
0.04437   -0.016162      0.0211
0.023179    -0.02481     -0.0454
0.023179    -0.02481     -0.0434
0.023179    -0.01761     -0.0434
0.038923  0.00068782   -0.032962
0.038931  0.00060592     -0.0339
0.038996   -0.002316     -0.0339
0.038995  -0.0024053   -0.032878
0.041875   -0.002316     -0.0339
0.051229    0.019593    0.077452
0.050997    0.018978    0.076465
0.051215    0.018919    0.076112
0.056009    0.020684    0.092331
0.057008    0.021524     0.10193
0.041514  -0.0021099   -0.036256
0.041875  -0.0021098     -0.0339
0.041874  -0.0019037     -0.0339
0.041874  -0.0021098     -0.0339
0.041514  -0.0021099   -0.036256
0.052398    -0.02331    0.093573
0.055975   -0.018534     0.11703
0.0063879    0.033077    0.078166
0.0059691    0.033641    0.077926
0.010424    0.033641    0.075641
0.038478  -0.0021099   -0.036256
0.043552   -0.018675      0.0211
0.044429    -0.01599      0.0191
0.038993  -0.0018156   -0.032892
0.044997  -0.0042434    -0.01185
0.042024  -0.0024026    -0.03291
0.042024  -0.0021098    -0.03291
0.05189    0.016518    0.077804
0.044806  -0.0021099   -0.013205
0.018278   -0.036845    0.095591
0.020679    -0.02481     -0.0434
0.042025  -0.0024026    -0.03291
0.033779   -0.036306     0.11685
0.016664   -0.040357     0.10847
0.042023  -0.0024909     -0.0319
0.051353    0.019384    0.077469
0.044878   -0.014156      0.0211
0.045378   -0.011471      0.0191
0.04491   -0.013979      0.0191
0.015233   -0.036788    0.077482
0.018015   -0.037349    0.081082
0.015267   -0.037359    0.076917
0.040841  -0.0035307   -0.020014
0.043793  -0.0034806   -0.020586
0.045556  -0.0046785  -0.0068943
0.039141  -0.0024909     -0.0319
0.049944   -0.023603    0.077469
0.049722   -0.023274    0.076656
0.049046   -0.023603    0.077469
0.048865   -0.023117    0.076489
0.049306   -0.022065      0.0761
0.050179   -0.020984    0.076607
0.023265   -0.024788   -0.054391
0.023679    -0.01761     -0.0549
0.042038  -0.0021096   -0.032912
0.042024  -0.0018171    -0.03291
0.044818  -0.0021095   -0.013335
0.045577  0.00044837  -0.0069973
0.014774     0.02314   -0.064495
0.018032    -0.03737    0.081194
0.018174   -0.037011    0.081653
0.045123  -0.0067918    0.017262
0.048316  -0.0069526      0.0191
0.045865  -0.0069526      0.0191
0.048321  -0.0069524      0.0191
0.048085  -0.0094621      0.0191
0.048198   -0.012141      0.0191
0.048321   -0.006953      0.0191
0.045952   -0.004945      0.0191
0.046754  -0.0035276   0.0028997
0.04596  -0.0049447      0.0191
0.0181    -0.03061    0.083637
0.01868   -0.037359      0.0841
0.044783  -0.0021098   -0.013308
0.046749 -0.00069511   0.0028617
0.041758  -0.0021098   -0.013308
0.053542   -0.024848     0.12612
0.048362   -0.025827     0.13731
0.045089  -0.0069031   -0.010175
0.041871  -0.0069212   -0.032893
0.041973  -0.0049122   -0.032908
0.0041802   -0.037359    0.082599
0.051124    0.017225    0.076255
0.052206    0.016593    0.076597
0.016679     0.02314     -0.0599
0.016185     0.02314   -0.057416
0.041974  -0.0050006     -0.0319
0.041973  -0.0049122   -0.032909
0.04187  -0.0069212   -0.032892
0.044528  -0.0086422   -0.013126
0.041864  -0.0070081     -0.0319
0.04356  -0.0079966   -0.020601
0.041655  -0.0094323   -0.032874
0.041654  -0.0095184     -0.0319
0.023163    0.021285   -0.054404
0.020679     0.02169     -0.0549
0.023679     0.02169     -0.0549
0.01818   -0.036859      0.0836
0.050451    -0.02205    0.075826
0.040672  -0.0080999    -0.01942
0.045218  -0.0091805  -0.0070683
0.038972  -0.0070081     -0.0319
0.023131     0.01339   -0.043378
0.023265    0.021168   -0.043409
0.040816  -0.0060875   -0.019475
0.045521  -0.0072642  -0.0060243
0.043746  -0.0060194   -0.020253
0.041969  -0.0050004     -0.0319
0.014774     0.02314   -0.055305
0.005584     0.02314   -0.055305
0.047376    0.020005     0.13734
0.047649    0.028169     0.11697
0.047822    -0.01147      0.0191
0.045372    -0.01147      0.0191
0.047828    -0.01147      0.0191
0.047828   -0.011471      0.0191
0.018303    0.025957    0.081583
0.01868    0.026391      0.0811
0.018674    0.025853    0.081575
0.045652  -0.0094617      0.0191
0.044534   -0.011367   -0.010803
0.041404   -0.011437   -0.032909
0.041646  -0.0095176     -0.0319
0.043295   -0.010507   -0.020592
0.050651    0.018404     0.07648
0.050731    0.019414     0.07749
0.050467    0.018914    0.076993
0.036917 -0.00044352   -0.045893
0.038927   0.0006058     -0.0339
0.010427   -0.037359    0.075641
0.043995    -0.01321   -0.012554
0.041388   -0.011525     -0.0319
0.041401   -0.011436   -0.032915
0.043004   -0.012516   -0.020579
0.023265   -0.024788   -0.045391
0.023679    -0.01761     -0.0459
0.023679    -0.02531     -0.0459
0.047386   -0.013979      0.0191
0.051257   -0.021002    0.076305
0.051095   -0.021057    0.076531
0.039991   -0.012557    -0.02011
0.044551   -0.013695  -0.0070953
0.038474   -0.011525     -0.0319
0.020673    0.021146   -0.043386
0.020246    0.021313   -0.043383
0.040301   -0.010549   -0.020114
0.044896    -0.01169  -0.0070653
0.023099     0.01339   -0.045422
0.023279    0.021177    -0.04539
0.018656   -0.030023      0.0836
0.018662   -0.030042      0.0816
0.01818   -0.030609      0.0816
0.043612   -0.015728    0.016135
0.046945   -0.015987      0.0191
0.046951   -0.015989      0.0191
0.041861   0.0027026   -0.032882
0.044923   -0.013979      0.0191
0.044075   -0.013724    0.016187
0.042589   -0.030142    0.083718
0.042433   -0.030278    0.083974
0.04471   -0.030639    0.093106
0.04357    0.014452      0.0211
0.043068    0.014103    0.017114
0.019229    0.046005     0.10503
0.015821     0.04375    0.042314
0.0091764    0.047875     0.10502
-0.0018178     0.04478    0.029641
0.014716    0.038826   -0.020369
0.027736    0.033214   -0.020457
0.0085324     0.03358   -0.079064
0.020785    0.031203   -0.066088
0.047267    0.024356     0.13734
0.049035     0.02163     0.13729
0.015675   -0.036832    0.093622
0.01568   -0.037359      0.0931
0.015193   -0.037368    0.093603
-0.001821    0.033912   -0.082719
0.0151    0.033641    0.093563
0.015169    0.043444    0.093593
0.01568     0.04332      0.0931
0.045455   0.0052428      0.0191
0.048482  -0.0017838      0.0191
0.045847  0.00072569      0.0191
0.048428  0.00072569      0.0191
0.018015     0.03363    0.084118
0.04595  -0.0017836      0.0191
0.038994  -0.0019037     -0.0339
0.041874  -0.0019037     -0.0339
0.038934   0.0006055     -0.0339
0.041833  0.00060568     -0.0339
0.01818   -0.030609      0.0836
0.010678   -0.036859     0.08908
0.01818   -0.030609      0.0956
0.01818   -0.030609      0.0936
0.039882 -0.00048459   -0.046362
0.041821   0.0006058     -0.0339
0.01868   -0.030034    0.081566
0.040838   -0.030609      0.0811
0.037875  0.00051077   -0.057932
0.041777   0.0026188    -0.03391
0.041823  0.00060401   -0.033899
0.041716   0.0026132     -0.0339
0.038823   0.0026133     -0.0339
0.041711   0.0026133     -0.0339
0.039879   0.0015638   -0.045896
0.03863   0.0051225     -0.0339
0.036916   0.0016088   -0.045382
0.038045   0.0019944    -0.05655
0.017603     0.03314      0.0816
0.038251   0.0032917   -0.054831
0.035186   0.0033701   -0.054891
0.037867  0.00056608   -0.057991
0.038757   0.0056846   -0.050428
0.041487   0.0051193     -0.0339
0.035195   0.0032917   -0.054831
0.041522   0.0051228   -0.033901
0.045952    -0.00512      0.0211
0.045961  -0.0024354      0.0191
0.038628   0.0051235     -0.0339
0.010396   -0.044366    0.075178
0.036977   0.0042663   -0.043692
0.020679     0.02119     -0.0454
0.04148   0.0051229     -0.0339
0.04122   0.0071304     -0.0339
0.038621   0.0051229     -0.0339
0.020679    -0.02481     -0.0454
0.038644   0.0053004     -0.0319
0.037935   0.0098152     -0.0319
0.037667    0.010962     -0.0319
0.041227   0.0071302   -0.033902
0.038359   0.0071306     -0.0339
0.041213   0.0071306     -0.0339
0.038783   0.0056846   -0.050427
0.037858   0.0096381     -0.0339
0.040769   0.0096402     -0.0339
0.018193      0.0264    0.095597
0.018675    0.025863    0.095578
-0.0018196    0.045341     0.11083
-0.0018195     0.04182     0.12146
0.038338   0.0072353   -0.032704
0.039182   0.0073043   -0.046515
0.035688   0.0056846   -0.050428
0.039676   0.0089555   -0.041725
0.036585   0.0090264    -0.04175
0.038761    0.005745   -0.050452
0.040772   0.0096394     -0.0339
0.018007   -0.037357    0.084102
0.052089    0.016355    0.077717
0.010675    0.033077    0.076092
0.015265    0.033641    0.076915
0.037813   0.0097298   -0.032875
0.039682   0.0089555   -0.041725
0.03658   0.0089555   -0.041725
0.040482    0.010963     -0.0339
0.037806   0.0097274   -0.032823
0.037836   0.0096402     -0.0339
0.040504    0.010961     -0.0339
0.040565    0.010962   -0.033348
-0.00182    0.042138      0.1095
0.020246   -0.024933   -0.045417
0.020679    -0.02531     -0.0459
0.020141   -0.025304   -0.045425
0.0056362     0.04442     0.08757
0.0059426    0.043979    0.087244
0.047083   -0.029378     0.11698
0.0059192   -0.037329    0.077868
0.010677   -0.036795    0.076092
0.043656    0.011713   -0.010018
0.040869   0.0097054   -0.033155
0.040563    0.010962     -0.0339
0.040575    0.010965   -0.033349
0.023152    0.013384   -0.054378
0.023679     0.01339     -0.0549
0.023688    0.012903   -0.054398
0.01523    0.033075    0.077482
0.041333   0.0073056     -0.0319
0.040851   0.0098167     -0.0319
0.037061    0.023877    -0.02054
0.02309    0.013366   -0.045399
0.023656    0.012802   -0.043401
0.039404    0.010838   -0.020208
0.042465    0.010803   -0.020612
0.043982    0.011981  -0.0071484
0.040844   0.0098152     -0.0319
0.025408    0.028067   -0.063564
0.041018    0.029202    0.042182
0.02982    0.023586     -0.0629
0.045667    0.016522      0.0191
0.046365    0.014277      0.0191
0.010361    0.044044    0.090007
0.051754    0.016978    0.076268
0.051471    0.017994    0.075813
0.047896    0.016387    0.043246
0.045864    0.016517      0.0211
0.030233    0.038347    0.042246
-0.0018205    0.040683   -0.020297
-0.0018205    0.037698   -0.019993
-0.0018203    0.043332    0.010984
-0.001821    0.030889   -0.082719
0.0084806    0.033468   -0.079067
0.0085187     0.03038   -0.079044
0.01683    0.032152     -0.0704
0.01683     0.02884     -0.0704
0.020657    0.030932   -0.066024
0.020805    0.027312   -0.065911
0.025778    0.023551   -0.063455
0.02982    0.017922     -0.0629
0.034708  -0.0015782   -0.058871
0.037752  -0.0021098   -0.058904
0.037756  -0.0015786   -0.058867
0.034705  -0.0021104     -0.0589
0.034709  -0.0015786   -0.058867
0.023099     0.01339   -0.054422
0.046052    0.016517      0.0191
0.045671    0.016517      0.0191
0.04702    0.011767      0.0191
0.048239    0.007874      0.0191
0.04566    0.016517      0.0191
0.04201   -0.030609      0.0841
0.042554   -0.030299    0.083601
0.046524    0.014455      0.0211
0.01813    -0.03061    0.093582
0.046052    0.016517      0.0211
0.015264   -0.043064     0.07693
0.045873    0.016517      0.0211
0.046516    0.014452      0.0211
0.047894    0.016375    0.043077
0.044256    0.011943      0.0211
0.047178    0.011942      0.0211
0.052041   -0.020614     0.07773
0.050942   -0.020392    0.077651
0.044698    0.016344    0.042726
0.037769     0.03587    0.080445
0.043467    0.029344    0.074084
0.048795    0.018461    0.066915
0.034097     0.03914    0.090241
0.033494    0.040163     0.10502
-0.0018203    0.040358    0.011439
-0.0018201    0.045494    0.042368
-0.0018196     0.04833     0.10503
-0.0018201    0.042525    0.042978
0.049484    0.017005    0.070568
0.04961    0.015928    0.066625
0.04559    0.018461    0.066915
0.005965    0.043566    0.077931
0.045604    0.018461    0.066906
0.048807    0.018461    0.066908
0.049605    0.015926     0.06663
0.050832    0.019384    0.077469
0.050149    0.013903    0.066447
0.048623    0.013856    0.042964
0.046462    0.015926    0.066631
0.048624    0.013858    0.042994
0.020679    0.021127   -0.045414
0.045484    0.013834    0.042711
0.047171    0.011943      0.0211
0.049098    0.011834    0.042804
0.023179    -0.01761     -0.0544
0.047604   0.0099364      0.0211
0.0036791     0.02314     -0.0599
0.0041734     0.02314   -0.062384
0.044694   0.0099351      0.0211
0.047597   0.0099351      0.0211
0.049097    0.011832    0.042784
0.045979     0.01179    0.042297
0.050148    0.013903    0.066451
0.023131    -0.01761   -0.054422
0.047044    0.013903    0.066451
0.05071    0.011378    0.066276
0.047055    0.013903    0.066445
0.050158    0.013903    0.066447
0.051073    0.009361    0.066169
0.048244   0.0074261    0.021081
0.047641    0.011378    0.066276
0.049588   0.0093208    0.042763
0.010179    -0.02736     -0.0664
0.01568    0.033061    0.095622
0.01568    0.033641      0.0961
0.046505   0.0092857    0.042362
0.014774    -0.02736   -0.055305
0.032688    0.036611      0.0931
0.040397    0.032943      0.0931
0.048429   0.0054054    0.021087
0.048019   0.0074255      0.0211
0.038958   0.0027884     -0.0319
0.040556   0.0038097   -0.020226
0.045501     0.02589    0.081603
0.045433   0.0054179      0.0211
0.048275   0.0054179      0.0211
0.049897    0.007311    0.042737
0.046832   0.0072786    0.042367
0.02008   -0.025265   -0.054399
0.020634   -0.024711   -0.052401
0.020679    -0.02481     -0.0544
0.048026    0.009361    0.066169
0.048411   0.0068433    0.066068
0.051082   0.0093607    0.066166
0.051431   0.0068428     0.06607
0.048731   0.0029078     0.02108
0.048402   0.0068428     0.06607
0.050198   0.0048117    0.042856
0.018166    0.033232    0.095592
0.023265    0.021168   -0.052409
0.023679     0.02169     -0.0519
0.020669   -0.024763   -0.043401
0.020135   -0.025304   -0.043386
0.047163   0.0048009    0.042732
0.045842   -0.030221    0.095876
0.04533    -0.03076    0.096094
0.048756  0.00089111    0.021088
0.048502   0.0029083      0.0211
0.023679     0.01339     -0.0459
0.045837  0.00090063      0.0211
0.048614  0.00090063      0.0211
0.050361   0.0028029    0.042841
0.04605   0.0013432    0.026158
0.047335   0.0027945    0.042746
0.051645   0.0048304    0.066014
0.048684    0.026391      0.0931
0.049252    0.025933    0.093603
0.048635   0.0048301    0.066011
0.051652   0.0048301    0.066012
0.051829   0.0023168    0.065969
0.045149   0.0074255      0.0211
0.045177   0.0072505      0.0191
0.044533   0.0069816    0.016026
0.038828   0.0027005    -0.03289
0.04882   0.0023168    0.065969
0.050483  0.00029232     0.04283
0.005584    -0.02736   -0.055305
0.023656   -0.017021   -0.045399
0.023179    -0.01761     -0.0454
0.02309   -0.017586   -0.043401
0.047389  0.00018605    0.041615
0.050177  -0.0021091    0.038328
0.048674  -0.0016088      0.0211
0.056504    0.022967     0.11503
0.047176  -0.0021096    0.038323
0.050184  -0.0021096    0.038323
0.051148 -0.00090282    0.052117
0.048696  -0.0021094    0.021098
0.048141 -0.00090313    0.052113
0.051916  0.00030749     0.06595
0.051958  -0.0021093    0.065943
0.048954  -0.0021101    0.065943
0.050174    0.016949    0.072765
0.04408    0.029073     0.07554
0.038475    0.035477    0.081187
0.034917    0.038728    0.090508
0.034354    0.039289    0.094335
0.033161    0.040324     0.10581
0.034397    0.039703     0.10492
0.017372    0.045096     0.10857
0.0074819    0.047934     0.10503
0.032003     0.04084     0.10651
0.030263    0.041552     0.10708
0.027186    0.042643     0.10771
0.036362    0.031894     0.13765
0.019137    0.038929     0.13813
0.020669    0.021143   -0.045399
0.020135    0.021684   -0.045414
0.0062575    0.046668     0.10861
-0.0018154    0.048451     0.10507
0.015089   -0.039092     0.13825
-0.0018197   -0.041358     0.10905
0.038237    0.009882   -0.031943
0.034331    0.022608   -0.020132
0.037664    0.010962     -0.0319
-0.0018196    0.048004     0.10695
0.056675   -0.021938    0.092861
0.044245    0.011943      0.0211
0.048239    0.007874      0.0211
0.045159   0.0074259      0.0211
0.048025   0.0074253      0.0211
0.045704   0.0029086      0.0211
0.048507   0.0029082      0.0211
0.020179    -0.02531     -0.0524
0.045946  -0.0016086      0.0211
0.055948    0.020172     0.11962
0.012663     0.02314   -0.053894
0.045939  -0.0016088      0.0211
0.018657   -0.030023      0.0956
0.041347   0.0072152   -0.032933
0.041608   0.0052126    -0.03286
0.043976       0.009   -0.012445
0.044491   0.0071233   -0.011091
0.041353   0.0072163   -0.032926
0.042962   0.0082926   -0.020618
0.01808    0.041713    0.084181
0.015692    0.043144    0.088646
0.041625   0.0052127   -0.032875
0.018656    0.025804      0.0936
0.018662    0.025823      0.0956
0.041615   0.0052979     -0.0319
0.043269   0.0062862   -0.020605
0.04026   0.0063193   -0.020226
0.044887   0.0074712  -0.0070613
0.038706   0.0052979     -0.0319
0.051762    0.016583    0.077305
0.050957    0.017245    0.076522
0.050475    0.018981    0.077085
0.047434   0.0097601      0.0191
0.039936   0.0083277   -0.020217
0.044543   0.0094803  -0.0070454
0.04933    0.026032    0.096042
0.04702    0.011769      0.0191
0.044099   0.0094859    0.015967
0.04473   0.0097601      0.0191
0.0063876   -0.036796    0.087034
0.0041248   -0.037337    0.082604
0.044288    0.011768      0.0191
0.047013    0.011768      0.0191
0.044298    0.011768      0.0191
0.018217    0.042038      0.0811
0.018018    0.033641      0.0811
0.018018    0.041642      0.0811
0.04374    0.011579    0.016939
0.04496   0.0025937   -0.011206
0.041974  0.00069343   -0.032901
0.041859   0.0027025   -0.032881
0.023131     0.01339   -0.052378
0.044575   0.0044686   -0.012608
0.041969  0.00069325   -0.032901
0.041965  0.00078081     -0.0319
0.043693   0.0017686    -0.02061
0.041956  -0.0018177   -0.032885
0.042023  -0.0017287     -0.0319
0.041971  0.00078099     -0.0319
0.01868    0.025815    0.083635
0.046307    0.026158    0.083501
0.046029    0.026391      0.0841
0.040711   0.0018021   -0.020227
0.045395   0.0029535  -0.0070663
0.039079  0.00078081     -0.0319
0.018007    0.033638    0.081098
0.010454    0.043441    0.075137
0.015288    0.042129    0.076932
0.010375    0.042968    0.075646
0.0481   0.0052428      0.0191
0.045214   0.0049621  -0.0070563
0.043547   0.0037762   -0.020609
0.047854   0.0072513      0.0191
0.047855   0.0072504      0.0191
0.044785   0.0049705    0.015988
0.048325   0.0027331      0.0191
0.007695     0.02314   -0.053894
0.047849   0.0072505      0.0191
0.018032    0.033651    0.084006
0.018174    0.033293    0.083547
0.045186    0.007251      0.0191
0.043788 -0.00074121   -0.020613
0.037447    0.010962   -0.033324
0.040816 -0.00070473   -0.020196
0.045542  0.00045016  -0.0069963
0.020679   -0.024747   -0.043386
0.010179     0.02314     -0.0534
0.04571   0.0027333      0.0191
0.048321   0.0027333      0.0191
0.01809    -0.04227    0.084178
0.045718   0.0027336      0.0191
0.045083   0.0025308    0.016785
-0.001814    0.046483     0.10935
-0.0018196    0.046967     0.10861
0.034911    0.034544      0.0841
0.040339    0.031329      0.0841
-0.0018196    0.046342     0.10927
0.016218    0.045299     0.10861
0.040396    0.031278      0.0841
0.026915    0.039357      0.0841
0.016212    0.044287     0.11016
0.016594    0.043867     0.11199
0.023489    0.043814     0.10818
0.016287    0.043943      0.1119
0.016223    0.045356     0.10867
-0.0018065    0.046307     0.10925
0.038817   0.0027032   -0.032873
-0.0018171   -0.045818      0.1089
0.01321   -0.045108     0.10853
0.0051406    -0.04562     0.10881
0.013196    -0.04499     0.10874
-0.0018196   -0.045747     0.10888
0.01868    0.033641      0.0811
0.02763    0.038873      0.0811
-0.0018196   -0.046109     0.10853
0.04081   -0.030611      0.0811
0.020679     0.02119     -0.0524
0.020679     0.02119     -0.0544
0.023179     0.02119     -0.0524
-0.0018196   -0.045924     0.10871
-0.0018196   -0.044613      0.1105
-0.0018099   -0.044107     0.11242
0.061022   0.0099255      0.1181
0.05435    0.011222     0.13714
0.055841  -0.0021092      0.1371
0.062489  -0.0021202     0.11688
0.054055   -0.015019     0.13715
0.057565    0.019818     0.11815
0.050362    0.021484     0.13725
0.050295    0.021573     0.13726
0.054858   -0.025252    0.096315
0.057556    0.019867     0.11824
0.023179     0.02119     -0.0544
0.023179     0.01339     -0.0544
0.058252    0.017737    0.094466
0.058257     0.01779    0.094369
0.06093   0.0086626    0.094222
0.023655   -0.017023     -0.0524
0.023661   -0.017043     -0.0544
0.02309    0.013366   -0.054399
0.023679     0.01289     -0.0544
0.023656    0.012802   -0.052401
0.060587   -0.014513     0.11808
0.040547    0.030326      0.0811
0.036391    0.033134      0.0811
0.05295    0.016216     0.07705
0.048968  -0.0070956      0.0211
0.052134    0.016877    0.076198
0.015681    0.033077    0.093585
0.018164    0.033236    0.093596
0.052159    0.016865    0.076215
0.053038    0.016233    0.077682
0.052633    0.016407    0.076809
0.051471    0.018003    0.075812
0.01567    0.033094    0.093601
0.015136    0.033635    0.093586
0.051223    0.018916    0.076105
0.038633    0.005235   -0.032594
0.051254    0.019487    0.076799
0.015268   -0.043048    0.076918
0.051274    0.019452    0.076686
0.056292     0.02096     0.09341
0.01868    0.025836    0.093587
0.018176    0.033243    0.081633
0.018024    0.033673    0.081202
0.047431    0.031944    0.094572
0.056514    0.022807     0.11309
0.047281     0.02457     0.13734
0.045538    0.033614     0.11776
0.055661    0.023214     0.11775
0.034404    0.039719     0.10492
0.061802  -0.0021139     0.09365
0.01868     0.02589      0.0816
0.045496     0.02589      0.0816
0.01868     0.02589      0.0836
0.060612   -0.013139    0.094243
0.018289   -0.036856     0.08356
0.035828     0.03588     0.13766
0.048174    0.024922     0.13732
0.048159    0.024674     0.13732
0.032157    0.040232     0.11751
0.018622    0.042129     0.13815
-0.0018193    0.045082     0.11266
-0.0018194    0.044007     0.13872
0.018018   -0.042363      0.0841
0.018018   -0.037359      0.0841
0.015899    0.044048     0.11201
-0.0018195    0.044662     0.12569
-0.0018196    0.044997     0.11256
0.040478    -0.03341      0.0961
0.041742   -0.030144    0.081612
0.036102   0.0073051   -0.046513
0.0061229    0.044789     0.11253
0.033627    0.040009     0.10703
0.020038    0.043359      0.1116
0.018136    0.026385    0.081586
0.024663    0.042478     0.11088
0.027833    0.041741     0.11009
0.031336    0.040759     0.10873
0.044699    0.009936      0.0211
0.045185   0.0072519      0.0191
-0.0018196    0.044977     0.11265
0.024707    0.042459     0.11086
0.015662   -0.036792      0.0936
0.039155     -0.0324      0.0841
0.02008   -0.025265   -0.045399
0.020634   -0.024711   -0.043401
0.029597    0.041784     0.10726
0.033484    0.040144     0.10502
0.056093   -0.024053     0.11806
0.056849    -0.02372     0.11426
0.057004   -0.021899    0.093587
0.048565   -0.025732      0.1373
0.048445   -0.026043     0.13733
0.05666   -0.023814      0.1143
0.048502   -0.025801     0.13731
0.0059713    0.033641    0.087276
0.050026   -0.022875    0.075956
0.050439   -0.022045    0.075823
0.051256      -0.021    0.076304
0.052204   -0.020497    0.077667
0.047162   -0.032737    0.094586
0.054822   -0.025425    0.094603
0.049843   -0.023509    0.076472
0.042957   -0.035542      0.1177
0.053454   -0.027461     0.11778
0.054845   -0.025301    0.096368
0.05502   -0.025485    0.095326
0.050128   -0.023829     0.07737
0.054671   -0.026905     0.11145
0.055007   -0.025569    0.096253
0.050098   -0.023904    0.077376
0.049877   -0.023528    0.076451
0.040403    0.030453      0.0811
0.01813    0.026391    0.095618
0.049878   -0.022656    0.076257
0.052091    -0.02072    0.077718
0.038978 -0.00079973     -0.0319
0.046301     0.02589    0.083599
0.038417   0.0073056     -0.0319
0.051931    -0.02032    0.077781
0.057003    -0.02185    0.093892
0.015253    0.042675    0.088286
0.030324   -0.040894     0.10962
0.03357   -0.039775     0.10811
0.045334   -0.028846      0.1374
0.030241   -0.040718     0.10962
0.027708   -0.041344     0.11035
0.01868   -0.030034    0.093565
0.014665   -0.043319     0.11725
0.027602   -0.041461      0.1104
0.026944   -0.042451     0.10777
0.022534   -0.042359     0.11129
0.022718   -0.042334     0.11126
0.018212   -0.042754      0.0841
0.023679    -0.01711     -0.0434
0.023152   -0.017604   -0.043422
0.023679    -0.01761     -0.0429
0.023688   -0.017123   -0.043403
0.018674   -0.030072    0.083625
0.016254   -0.044732     0.10846
0.015568   -0.043321     0.11196
0.013238   -0.043614     0.11214
0.018193   -0.030618    0.093603
0.018675   -0.030082    0.093622
0.015675    0.033113    0.095578
0.015193     0.03365    0.095597
0.018018   -0.037359      0.0811
0.038993  -0.0018149   -0.032884
-0.0018198   -0.044327     0.11244
0.0051506    -0.04407     0.11237
0.033585    0.035754    0.088173
0.013238   -0.043379     0.11211
0.013126   -0.044669     0.10823
0.045217   -0.029114     0.13728
0.054606   -0.027104     0.11371
-0.0018195   -0.041044     0.12128
-0.0018196   -0.044219     0.11236
0.01818    0.026391      0.0816
0.01818    0.026391      0.0836
0.01818     0.03314      0.0836
-0.0018195   -0.043884     0.12559
0.016101   -0.041987     0.13822
-0.0018194   -0.043225     0.13872
0.032106   -0.037712     0.13777
0.045497   -0.029175     0.13739
0.038424   0.0073053     -0.0319
0.051049    -0.02815     0.12563
0.014006   -0.041696   -0.019989
0.0049524   -0.041468   -0.056036
0.0036791   -0.041367     -0.0599
0.0049753    -0.04098   -0.063795
0.0046316   -0.027358   -0.063539
-0.0018223   -0.044567    0.010066
0.0081948   -0.041122    -0.05371
0.0047201   -0.027356   -0.056091
0.01868    0.025891      0.0936
0.01868    0.025891      0.0956
0.012278   -0.040152   -0.053748
0.0089039   -0.027359   -0.053401
0.045446   -0.030187    0.093629
0.015553    -0.03882   -0.056244
0.020272   -0.037761   -0.043134
0.016679    -0.03801     -0.0599
0.015744   -0.027356   -0.056271
0.02602   -0.036199   -0.020013
0.020751    -0.03516    -0.06605
0.015591   -0.038185   -0.063501
0.012454   -0.039185   -0.065989
0.015662   -0.027356   -0.063656
0.0082929   -0.040281    -0.06612
0.011481    -0.02736    -0.06638
0.045305   -0.030375    0.093238
0.01868    0.025815    0.095633
0.028863   -0.030671     -0.0429
0.020679   -0.037476     -0.0429
0.020099    -0.02531   -0.043364
0.020297   -0.037719    -0.04344
0.034473   -0.027378    -0.02002
0.032987   -0.024269     -0.0429
0.035523   -0.017318   -0.042962
0.035496    -0.01761     -0.0429
0.035574   -0.017167   -0.043407
0.035554    -0.01711     -0.0434
0.023679   -0.017061   -0.043383
0.035554    -0.01711     -0.0434
0.035237    -0.01711     -0.0454
0.023679    -0.01711     -0.0454
0.020634    0.021091   -0.054399
0.02008    0.021645   -0.052401
0.020179     0.02169     -0.0544
0.037588   -0.016021     -0.0319
0.037378   -0.016022   -0.033375
0.034096    -0.01711     -0.0524
0.035114   -0.017325    -0.04583
0.018289    0.033137     0.08164
0.0181    0.026391    0.081562
0.023679   -0.017587    -0.04595
0.035237   -0.017064   -0.045421
0.035021    -0.01761     -0.0459
0.034097   -0.017325   -0.051966
0.032599   -0.024118     -0.0459
0.028032   -0.030004     -0.0519
0.028625   -0.030414     -0.0459
0.031756   -0.023902     -0.0519
0.020449   -0.036903   -0.051916
0.020382   -0.037374   -0.045823
0.020679   -0.037196     -0.0459
0.050463    0.018384    0.076517
0.020217   -0.037531   -0.045398
0.020179   -0.036855     -0.0524
0.020179   -0.037528     -0.0454
0.020118    -0.02531   -0.045414
0.0056887    0.044007    0.077545
0.01818    0.033141      0.0936
0.020179    -0.02531     -0.0434
0.020179    -0.02531     -0.0454
0.020179   -0.037709     -0.0434
0.018656    0.025804      0.0816
0.018662    0.025823      0.0836
0.049653    0.025891    0.095599
0.056476    0.021131    0.094057
0.023165    0.021285   -0.043408
0.020179   -0.036651     -0.0544
0.020392   -0.036499   -0.054825
0.023179     0.01339     -0.0524
0.020179    -0.02531     -0.0544
0.020179   -0.036651     -0.0544
0.044835    0.026391      0.0811
0.023229   -0.017637   -0.045383
0.023676   -0.017032   -0.045441
0.020099    -0.02531   -0.052365
0.020307   -0.036864   -0.052442
0.020679     -0.0366     -0.0519
0.034046    -0.01761     -0.0519
0.034116   -0.017184   -0.052403
0.023679   -0.017055   -0.052387
0.034097    -0.01711     -0.0524
0.033762    -0.01711     -0.0544
0.023679    -0.01711     -0.0544
0.020669    0.021143   -0.054399
0.020135    0.021684   -0.054414
0.023679    -0.01711     -0.0524
0.033551   -0.017151   -0.054648
0.033545    -0.01761     -0.0549
0.023679   -0.017587    -0.05495
0.033761   -0.017058   -0.054423
0.031345   -0.023742     -0.0549
0.027775   -0.029726     -0.0549
0.020679   -0.036283     -0.0549
0.020222   -0.036652   -0.054397
0.020118    -0.02531   -0.054414
0.0041802    0.033641    0.082601
0.03804   -0.014036     -0.0319
0.023356   -0.017222   -0.045396
0.037367   -0.016021     -0.0319
0.037595   -0.016021     -0.0319
0.038032   -0.014035     -0.0319
0.03848   -0.011525     -0.0319
0.040953   -0.014034     -0.0319
0.037702   -0.031452    0.042888
0.027719   -0.039028    0.042908
0.015806   -0.043856    0.076566
0.045977   0.0063225    0.031954
0.039138   0.0028087   -0.031925
0.039173  0.00077723   -0.031913
0.049168    0.021606     0.13729
0.033984  -0.0021103     -0.0629
0.034702  -0.0026401   -0.058871
0.01068   -0.036859     0.07612
0.03501  -0.0062055   -0.056559
0.035264  -0.0075077   -0.054848
0.036189   -0.011521   -0.046522
0.037875   -0.013928   -0.033098
0.034707  -0.0021104     -0.0589
0.034992   0.0019909   -0.056554
0.038966  -0.0049139   -0.032895
0.01818     0.03314      0.0816
0.038939  -0.0049137   -0.032891
0.038821  -0.0069184   -0.032921
0.038859  -0.0069211   -0.032924
0.018286   -0.036859    0.081627
0.020679   -0.024747   -0.052386
0.038825  -0.0069191   -0.032916
0.01818   -0.036859      0.0956
0.038746  -0.0080616     -0.0319
0.038835  -0.0068335     -0.0339
0.038586  -0.0094277   -0.032909
0.020673   -0.024765   -0.054414
0.038597  -0.0094287   -0.032917
0.038592  -0.0094286   -0.032913
0.023135   -0.017604   -0.052386
0.038331   -0.011434   -0.032946
0.038348   -0.011434   -0.032949
0.020673   -0.024765   -0.045414
0.037832   -0.013919   -0.033139
0.038354   -0.011352     -0.0339
0.020141    0.021684   -0.043375
0.048948  -0.0021102    0.065941
0.037375   -0.016023   -0.033367
0.037367   -0.016021   -0.033391
0.04392   -0.025467    0.075545
0.047626   -0.016024     0.07273
0.044983   -0.022764    0.067903
0.045197   -0.014907    0.029673
0.047445   -0.015628    0.066614
0.047124   -0.025844     0.13734
0.047888     -0.0136    0.066403
0.045765   -0.012475    0.030588
0.049233  -0.0021101    0.071928
0.046039   -0.010399    0.029779
0.040858   0.0098143     -0.0319
0.037445    0.010956   -0.033298
0.01068    0.033141     0.08908
0.048587  -0.0090566    0.066096
0.046502  -0.0081091    0.032202
0.046523  -0.0060058    0.031235
0.045499     0.02587    0.081592
0.050668    0.019106    0.077569
0.04906  -0.0065339    0.066001
0.048933  -0.0045277    0.065962
0.047176  -0.0021099    0.038327
0.023279    0.021177    -0.05439
0.020679   -0.024727   -0.045424
0.048955  -0.0021103    0.065942
0.049236  -0.0021101    0.071928
0.058616  -0.0021108    0.093126
0.039839   -0.031284      0.0811
0.041245   -0.030247    0.081207
0.020679    0.021107   -0.052376
0.020679     0.02169     -0.0519
0.041742   -0.030109      0.0816
0.028962   -0.039205      0.0811
0.01868    0.025836    0.081587
0.018648   -0.042857      0.0811
0.018074   -0.042312    0.081031
0.015723   -0.043525    0.076562
0.015162    0.043524    0.095611
0.038885   0.0027076   -0.032901
0.005637   -0.044847    0.077591
0.010418   -0.044395    0.075149
0.04203  -0.0017285     -0.0319
0.018662   -0.030042      0.0936
0.003705   -0.044913    0.082604
0.0056389   -0.044736    0.087623
0.019121   -0.042488     0.10581
0.010413   -0.044255     0.09006
0.015404   -0.043496    0.093169
0.015711   -0.043447    0.088651
0.038609   0.0052375    -0.03259
0.01518    -0.04349      0.0936
0.015223   -0.043633    0.095891
0.025644   -0.040654      0.0931
0.018647   -0.042843      0.0841
0.047878    0.024901     0.13722
0.01868   -0.030048    0.083614
0.028337   -0.039522      0.0841
0.03687    -0.03427     0.08821
0.038388   -0.032841      0.0841
0.035565   -0.035356      0.0931
0.042008   -0.030652      0.0841
0.040405   -0.033148      0.0931
0.01568   -0.043403      0.0931
0.015148   -0.043499    0.093585
0.015132    -0.03736    0.093583
0.01518   -0.043463      0.0956
0.015681   -0.036796    0.095615
0.01568   -0.037359      0.0961
0.018165   -0.036955    0.095604
0.020673    0.021146   -0.052386
0.020246    0.021313   -0.052383
0.050741    0.019545    0.077495
0.01568   -0.043364      0.0961
0.0151    -0.03736    0.095636
0.015172   -0.043468    0.095606
0.02539   -0.040733      0.0961
0.034338   -0.036261     0.10073
0.034976   -0.035806      0.0961
0.033997   -0.036482     0.10585
0.016526   -0.040219     0.10847
0.049654    0.026074    0.095533
0.023679     0.01289     -0.0454
0.041655  -0.0095172     -0.0319
0.038739  -0.0095176     -0.0319
0.038814  -0.0095094   -0.031909
0.038656   -0.011531   -0.031925
0.038977  -0.0070079     -0.0319
0.039085  -0.0050004     -0.0319
0.04203  -0.0024912     -0.0319
0.039142  -0.0024909     -0.0319
0.039152  -0.0049942   -0.031909
0.039144  -0.0070064   -0.031924
0.041782  -0.0021105   -0.013334
0.039166  -0.0021109   -0.031903
0.039285   -0.002494   -0.031921
0.023356    0.013003   -0.052404
0.023165   -0.024905   -0.045392
0.023152    0.013384   -0.045378
0.023688    0.012903   -0.045398
0.039226  -0.0017252   -0.031912
0.039142  -0.0021107     -0.0319
0.04176  -0.0021113   -0.013362
0.039141  -0.0017287     -0.0319
0.023096    -0.01761   -0.052376
0.018131    -0.03061    0.081582
0.020179     0.02169     -0.0454
0.04507   -0.002121    0.015251
0.045133  -0.0021121    0.015359
0.04584  0.00090075      0.0211
0.045949  -0.0017836      0.0191
0.038996   -0.002406   -0.032871
0.038479  -0.0021101   -0.036253
0.038996   -0.002406   -0.032871
0.038995  -0.0021106   -0.032877
0.039   -0.002316     -0.0339
0.038994  -0.0018149   -0.032885
0.038478  -0.0021101   -0.036259
0.013811    0.035977    -0.02005
0.015502    0.031356   -0.056169
0.016679    0.030401     -0.0599
0.020858    0.027531    -0.06598
0.015575    0.030354   -0.063524
0.015732    0.023135   -0.063556
0.020251    0.031047   -0.043128
0.012179    0.032689   -0.053715
0.015668    0.023134   -0.056133
0.0081492    0.033535   -0.053725
0.011466    0.023139   -0.053408
0.0049397      0.0337   -0.056053
0.0036791    0.033382     -0.0599
0.0046273    0.023137   -0.056262
0.020141    0.021684   -0.052375
0.0049812    0.032804   -0.063803
0.008303    0.032047   -0.066123
0.0047066    0.023134   -0.063705
0.01244    0.031093   -0.065994
0.0089184    0.023138   -0.066408
0.023679     0.01289     -0.0434
0.034974     0.01289     -0.0454
0.035305     0.01289     -0.0434
0.034974     0.01289     -0.0454
0.034833    0.013101   -0.045827
0.023165    0.021285   -0.052408
0.023131    -0.01761   -0.045422
0.035212    0.012928   -0.043106
0.018212    0.042176      0.0841
0.035229     0.01339     -0.0429
0.023679    0.013367   -0.042851
0.035323    0.012998   -0.043435
0.03235    0.037171      0.1008
0.032684    0.019293     -0.0429
0.028587    0.024933     -0.0429
0.025832    0.030901   -0.020096
0.020679    0.030843     -0.0429
0.020301     0.03104   -0.043412
0.015132    0.033641    0.095617
0.020118     0.02169   -0.043386
0.020179     0.03076     -0.0454
0.020179    0.031029     -0.0434
0.020179     0.02169     -0.0434
0.020179    0.029781     -0.0524
0.020408    0.030648   -0.045829
0.020099     0.02169   -0.045436
0.020201    0.030763   -0.045394
0.020679    0.030433     -0.0459
0.051393    0.019659    0.077408
0.028812    0.022692     -0.0519
0.030521    0.021893     -0.0459
0.020679     0.02958     -0.0519
0.020322    0.029754    -0.05205
0.033708     0.01339     -0.0519
0.034731     0.01339     -0.0459
0.034977    0.012835   -0.045421
0.033746    0.012942   -0.052106
0.023679    0.012842   -0.045417
0.023679    0.013367    -0.05185
0.033801    0.013004   -0.052437
0.020317    0.029791   -0.052416
0.020125     0.02169   -0.052387
0.045079    0.010711    0.031017
0.038554   0.0073298   -0.031919
0.038813   0.0052953   -0.031915
0.020179    0.029491     -0.0544
0.020179     0.02169     -0.0524
0.020407    0.029365   -0.054829
0.020099     0.02169   -0.054436
0.020205    0.029494   -0.054393
0.020679    0.029136     -0.0549
0.028478    0.022385     -0.0549
0.033401    0.013128   -0.054844
0.033183     0.01339     -0.0549
0.033436    0.012833   -0.054422
0.033433     0.01289     -0.0544
0.023679    0.012842   -0.054417
0.01567   -0.036813    0.095599
0.015136   -0.037354    0.095614
0.023679     0.01289     -0.0524
0.033433     0.01289     -0.0544
0.033783     0.01289     -0.0524
0.018136   -0.030604    0.095614
0.01867   -0.030062    0.095599
0.020679    0.021127   -0.054414
0.039141  -0.0017287     -0.0319
0.048404    0.006843    0.066067
0.045997   0.0083451    0.031121
0.047645    0.011379    0.066272
0.038369   0.0072571   -0.032462
0.023278   -0.024796   -0.052409
0.045215     0.01321       0.035
0.046458    0.015925    0.066623
0.038271    0.027887    0.042839
0.028339    0.036015    0.042886
0.01577    0.042602    0.076567
0.014906    0.040912    0.042933
0.0037068    0.044397    0.082533
-0.0018092    0.040475       0.013
0.0056646     0.04406    0.077537
0.010463    0.043453    0.075119
0.01541    0.043629    0.096033
0.018333    0.043164     0.10595
0.00561    0.044476    0.087562
0.015858    0.040965     0.10881
F
30  113  521
30  165  527
30  349  165
30  521  349
30  527  113
53    58  2306
53  59  58
53  2306    59
58    59  2206
58  82  99
58   99  101
58   101  2306
58  637   82
58  2206   637
59  1177  2206
59  2306  1177
82  267   99
82   637  2206
82  643  267
82  2206   643
97    98  2306
97  99  98
97  101   99
97  2306   101
98   99  506
98  113  535
98  506  113
98   535  2306
99  267  506
113  506  521
113  527  533
113  533  535
134  348  610
134  610  816
134  816  348
147  223  234
147  234  990
147   990  1019
147  1019  1219
147  1219   223
148  149  223
148  157  158
148  158  159
148  159  241
148  164  229
148  165  157
148  223  164
148  229  353
148  241  149
148  353  165
149  160  991
149  234  223
149  241  160
149  990  234
149  991  990
157  165  349
157  205  158
157  332  334
157  334  205
157  348  332
157  349  348
158  205  992
158  241  159
158  992  241
160  241  991
164   223  1015
164  1007   229
164  1015  1007
165  353  535
165  533  527
165  535  533
166   353  1225
166  537  353
166  543  537
166  1225  1255
166  1255  2306
166  2306   543
192  193  994
192  263  816
192  408  193
192  444  408
192  476  444
192  816  476
192  994  263
193  408  995
193  995  994
198  199  200
198  200  719
198  302  199
198  333  302
198  719  333
199  302  994
199  993  200
199  994  993
200  205  334
200  334  719
200  993  205
205  993  992
223  1219  1015
229  1007  1225
229  1225   353
241  992  991
263  302  333
263  333  816
263  994  302
267  610  506
267  643  810
267  810  610
332  348  334
333  334  348
333  348  816
333  719  334
348  349  521
348  511  610
348  521  511
353  537  535
369  370  371
369  371  387
369  387  388
369  388  406
369  406  408
369  408  480
369  468  370
369  480  468
370  456  371
370  468  810
370  643  456
370  740  643
370  810  740
371  375  434
371  434  387
371  441  375
371  455  441
371  456  455
375   441  1720
375  1720  1851
375  1849   434
375  1851  1849
387  421  998
387  431  421
387  434  431
387  996  388
387  997  996
387  998  997
388  996  406
391  431  434
391   434  1849
391  998  431
391  1730   998
391  1849  1730
406  996  408
408  444  480
408  996  995
421  431  998
441   455  1892
441  1892  1720
444  476  480
455  456  643
455   643  2206
455  1719  1892
455  2206  1719
468  476  810
468  480  476
476  610  810
476  816  610
506  511  521
506  610  511
535  537  543
535   543  2306
643  740  810
988   989  1003
988  1003  1205
988  1014  1215
988  1205  1208
988  1208  1014
988  1215   989
989  990  991
989  991  993
989  993  996
989   996  1002
989  1002  1003
989  1013  1019
989  1019   990
989  1215  1013
991  992  993
993  994  996
994  995  996
996  997  998
996   998  1002
998   999  1000
998  1000  1002
998  1723   999
998  1730  1723
999  1723  1855
999  1724  1000
999  1855  1724
1000  1001  1002
1000  1724  1838
1000  1838  1840
1000  1840  1001
1001  1195  1786
1001  1786  1002
1001  1840  1195
1002  1069  1003
1002  1100  1069
1002  1144  1146
1002  1146  1100
1002  1189  1144
1002  1761  1765
1002  1763  1761
1002  1765  1863
1002  1786  1763
1002  1863  1189
1003  1069  1205
1004  1007  1012
1004  1012  1207
1004  1207  2244
1004  1259  1271
1004  1271  1285
1004  1284  1007
1004  1285  1284
1004  1290  1259
1004  2244  2247
1004  2247  1290
1005  1006  1007
1005  1007  1284
1005  1255  1006
1005  1284  2274
1005  2274  2307
1005  2305  1255
1005  2307  2305
1006  1225  1007
1006  1255  1225
1007  1015  1012
1012  1013  1215
1012  1014  1207
1012  1015  1219
1012  1215  1014
1012  1219  1013
1013  1219  1019
1014  1208  1207
1069  1070  1205
1069  1099  1253
1069  1100  1099
1069  1253  2198
1069  2198  2234
1069  2234  1070
1070  1208  1205
1070  2234  2250
1070  2250  1208
1073  1086  2201
1073  1177  2146
1073  2146  2154
1073  2154  1086
1073  2201  1177
1082  1099  1100
1082  1100  1247
1082  1247  2198
1082  2198  1099
1086  2154  2192
1086  2191  2201
1086  2192  2191
1099  2198  1253
1100  1146  1247
1144  1173  1247
1144  1189  1173
1144  1247  1146
1173  1189  1748
1173  1748  1247
1177  2147  2146
1177  2149  2147
1177  2200  2204
1177  2201  2200
1177  2204  2206
1177  2236  2149
1177  2306  2236
1189  1765  1748
1189  1863  1765
1195  1794  1786
1195  1805  1794
1195  1823  1805
1195  1831  2158
1195  1840  1831
1195  2158  1823
1207  1208  2250
1207  2250  2244
1247  1568  1608
1247  1608  2194
1247  1748  1568
1247  2194  2198
1255  2305  2306
1259  1290  1271
1271  1290  2247
1271  2247  1285
1284  1285  2247
1284  2247  2307
1284  2307  2274
1450  1563  1990
1450  1990  2154
1450  2145  2159
1450  2154  2145
1450  2158  2384
1450  2159  2158
1450  2384  1563
1540  1753  1758
1540  1758  1763
1540  1763  1786
1540  1786  1794
1540  1794  1805
1540  1805  1823
1540  1823  2159
1540  2159  2194
1540  2194  1753
1563  2188  1990
1563  2384  2188
1568  1743  1608
1568  1748  1743
1608  1743  2194
1630  2149  2236
1630  2165  2149
1630  2232  2165
1630  2236  2310
1630  2310  2232
1717  1718  1719
1717  1719  2204
1717  1848  1718
1717  1890  2003
1717  2003  1848
1717  2008  1890
1717  2009  2008
1717  2203  2009
1717  2204  2203
1718  1720  1892
1718  1721  1851
1718  1848  1721
1718  1851  1720
1718  1892  1719
1719  2206  2204
1721  1722  1724
1721  1723  1849
1721  1724  1855
1721  1848  1722
1721  1849  1851
1721  1855  1723
1722  1831  1838
1722  1838  1724
1722  1848  2188
1722  2188  1831
1723  1730  1849
1743  1748  1753
1743  1753  2194
1748  1758  1753
1748  1765  1758
1758  1761  1763
1758  1765  1761
1823  2158  2159
1831  1840  1838
1831  2188  2384
1831  2384  2158
1848  2003  2188
1890  2004  2193
1890  2008  2004
1890  2193  2003
1990  2188  2191
1990  2191  2192
1990  2192  2154
2003  2193  2188
2004  2008  2203
2004  2191  2193
2004  2203  2191
2008  2009  2203
2145  2146  2147
2145  2147  2148
2145  2148  2159
2145  2154  2146
2147  2149  2165
2147  2165  2148
2148  2165  2198
2148  2194  2159
2148  2198  2194
2165  2232  2233
2165  2233  2198
2188  2193  2191
2191  2200  2201
2191  2203  2200
2198  2233  2234
2200  2203  2204
2232  2248  2298
2232  2298  2233
2232  2310  2248
2233  2250  2234
2233  2252  2253
2233  2253  2250
2233  2298  2252
2236  2305  2307
2236  2306  2305
2236  2307  2308
2236  2308  2310
2244  2250  2253
2244  2252  2298
2244  2253  2252
2244  2298  2247
2247  2248  2310
2247  2298  2248
2247  2308  2307
2247  2310  2308
