36 
r_forearm
V
-0.036839  -0.0066907   -0.068067
-0.036073  -0.0068382    -0.06708
-0.036333    -0.01294   -0.064584
-0.0563   -0.016939    0.048099
-0.050227   -0.023652    0.048099
-0.053287   -0.019852      0.0484
-0.045389    0.026785      0.0484
-0.037472    0.028674      0.0484
-0.039768    0.029036      0.0484
-0.015673   -0.029554    0.015704
-0.015673   -0.032059    0.047407
-0.015673   -0.031671    0.019377
-0.015673   -0.030028      0.0345
-0.015673    0.023391       -0.05
-0.023277    0.023937       -0.05
-0.020536    0.024383       -0.05
-0.015673   -0.031763     0.04811
-0.015673    -0.03008      0.0395
-0.015673   -0.029509      0.0345
-0.025842   -0.031137    0.019242
-0.01567   -0.032289    0.047413
-0.037323   -0.029924     0.04739
-0.030749   -0.030884    0.048125
-0.033125   -0.030693    0.047396
-0.025027   -0.031713    0.047403
-0.036226  0.00049159   -0.068169
-0.036186   -0.003464   -0.067884
-0.015673   -0.032148    0.047448
-0.044034    0.028729    0.047458
-0.04007    -0.02901    0.047387
-0.035222   -0.029498    0.019045
-0.055441   0.0013981   0.0018468
-0.055441  -0.0016019   0.0018468
-0.055381   0.0030206  0.00070021
-0.043529   -0.026615    0.018816
-0.045838   -0.026698    0.047381
-0.058313   0.0042422    0.029944
-0.057462    0.010793      0.0484
-0.058389    0.003256     0.02994
-0.044034   -0.027747    0.047458
-0.050447   -0.022314    0.018585
-0.054036   -0.020512    0.047381
-0.059236   0.0071476      0.0484
-0.057927    0.012681      0.0484
-0.055671   -0.016434    0.018382
-0.059639   -0.010213    0.047395
-0.058872   -0.012021    0.047393
-0.036068   0.0079228   -0.067046
-0.035648    0.012554   -0.064056
-0.03606   0.0068712   -0.066989
-0.04918   0.0098742   -0.036074
-0.044488    0.017045    -0.03558
-0.04911    0.016953    -0.01874
-0.058927  -0.0088455    0.018238
-0.060202  -0.0077417    0.047467
-0.060033  0.00049105    0.018183
-0.060729  0.00049087    0.047415
-0.037083     0.02224   -0.034947
-0.030695    0.026904   -0.017496
-0.042042    0.022546    -0.01817
-0.058927   0.0098276    0.018238
-0.059589    0.011291    0.047396
-0.059768   0.0005006     0.04855
-0.059236  -0.0061681      0.0484
-0.057954  0.00049058   -0.010969
-0.056296    0.010788   -0.010812
-0.056447  -0.0093697   -0.010825
-0.05218   -0.017129   -0.010467
-0.044548    -0.02354  -0.0099226
-0.032513   -0.028207   -0.009258
-0.024787    -0.02956  -0.0089521
-0.015673   -0.030082  -0.0087205
-0.015673   -0.027843   -0.011888
-0.015673    -0.02987   -0.011701
-0.043553   0.0079819   -0.052435
-0.040663    0.013997   -0.052148
-0.024566   -0.028843    -0.01739
-0.015673    -0.02938   -0.017132
-0.024948    0.031698      0.0484
-0.015673    0.031032      0.0484
-0.015673    0.032041      0.0484
-0.015674    0.025353   -0.045019
-0.015673    0.028361    -0.01695
-0.056822  0.00049187    -0.01966
-0.035647    0.013198   -0.064045
-0.034883    0.016981   -0.058608
-0.055221    0.010383   -0.019485
-0.051228   -0.016528   -0.019097
-0.01768   -0.023899    -0.04828
-0.019275   -0.023623       -0.05
-0.019438   -0.024548       -0.05
-0.055367  -0.0089743     -0.0195
-0.043799    -0.02284   -0.018481
-0.032086   -0.027484   -0.017733
-0.052784  0.00049139   -0.036756
-0.051533   0.0090781   -0.036584
-0.047923   -0.015105   -0.036144
-0.051533  -0.0080953   -0.036584
-0.042231   -0.020537   -0.035549
-0.034765   -0.024425   -0.034914
-0.025828   -0.026793   -0.034351
-0.020718    0.024351   -0.046069
-0.019092    0.024638   -0.046069
-0.021843    0.024153   -0.047267
-0.015673   -0.029371   -0.017132
-0.021765   -0.023184   -0.048916
-0.020536   -0.023401       -0.05
-0.015673    -0.02762   -0.033976
-0.015673   -0.025815   -0.032223
-0.015673   -0.027671   -0.033545
-0.050227    0.024634      0.0481
-0.053287    0.020833      0.0484
-0.0563     0.01792      0.0481
-0.021698   -0.021727   -0.050006
-0.015682   -0.022535   -0.045001
-0.015673   -0.022409       -0.05
-0.057926   -0.011701      0.0484
-0.019289    0.025943   -0.049917
-0.019438    0.025531       -0.05
-0.019275    0.024606       -0.05
-0.018915   -0.025338   -0.049655
-0.01842    -0.02561   -0.049081
-0.018482   -0.025609    -0.04914
-0.015673   -0.025666   -0.049139
-0.030181    0.031999    0.048104
-0.020112   -0.025776   -0.046964
-0.015673   -0.024216      -0.045
-0.015673   -0.025331   -0.049755
-0.025045   -0.024822   -0.049148
-0.018045    -0.02384   -0.048917
-0.017967   -0.023853   -0.047267
-0.020719    0.025425       -0.05
-0.024977    0.024848       -0.05
-0.018699     0.02319      -0.045
-0.015673    0.023391      -0.045
-0.024024    0.024564      -0.045
-0.031857   -0.022431   -0.051325
-0.030094   -0.023308   -0.050282
-0.027184   -0.024327   -0.049339
-0.035869   -0.019141    -0.05622
-0.042615   -0.013633   -0.052647
-0.045494  -0.0072331   -0.053025
-0.046484  0.00049149   -0.053174
-0.045511   0.0081546   -0.053028
-0.038059  0.00049159   -0.068568
-0.038017   0.0046208   -0.068263
-0.0379  -0.0070469   -0.067446
-0.038018  -0.0035617   -0.068275
-0.037416   -0.012671   -0.064334
-0.03427   -0.020689   -0.053652
-0.015673    0.030491      0.0395
-0.015673    0.031052      0.0395
-0.022584    0.030881      0.0395
-0.027566    0.024091    -0.05034
-0.02498    0.023621       -0.05
-0.029694    0.022125   -0.051095
-0.055472  -0.0016019    0.002446
-0.055495  -0.0025635   0.0028814
-0.021673   -0.028984      0.0395
-0.015673   -0.029509      0.0395
-0.021673   -0.021609      -0.045
-0.021673   -0.028984      0.0345
-0.031845    -0.02247    -0.05132
-0.029309    -0.02244   -0.051128
-0.025168     -0.0248   -0.049154
-0.021673    0.029966      0.0395
-0.022559    0.030852      0.0395
-0.021673    0.029966      0.0345
-0.022013   -0.025318   -0.049157
-0.025165   -0.024781   -0.049132
-0.024989   -0.023863       -0.05
-0.02498   -0.023841   -0.050019
-0.022008   -0.025297   -0.049145
-0.053344   0.0097695    -0.01916
-0.022077   -0.023132   -0.047904
-0.02074   -0.025127   -0.046784
-0.0216   -0.025287   -0.049279
-0.033146    0.019954    -0.05416
-0.029633    0.022126   -0.051121
-0.021843    -0.02317   -0.047267
-0.033673    -0.02012   -0.054545
-0.035411   -0.017398   -0.059009
-0.034882   -0.016585   -0.058608
-0.019716   -0.023544   -0.045817
-0.020038   -0.025956   -0.045892
-0.035384    0.018367   -0.059008
-0.033276    0.020427   -0.054686
-0.034883    0.017568   -0.058608
-0.019946    0.025042      -0.045
-0.020705    0.025404   -0.049824
-0.024987    0.024867   -0.050086
-0.025167    0.025786   -0.049356
-0.021698    0.022711   -0.050001
-0.021695    0.022695   -0.044996
-0.03705  0.00049408   -0.069006
-0.036828   0.0075999   -0.068085
-0.037977   0.0081349   -0.067535
-0.037056  0.00049051   -0.069035
-0.036513   -0.017284   -0.058786
-0.035714   -0.019009   -0.056082
-0.035542   -0.017429   -0.059003
-0.015674    0.033133    0.047447
-0.034305    -0.02072   -0.053695
-0.031087     0.03145    0.017497
-0.015673    0.031064  -0.0087201
-0.024579    0.030566  -0.0089448
-0.056332 -0.00059669    0.018839
-0.056332  0.00039275    0.018839
-0.056918  -0.0044496    0.030017
-0.015673    0.032653    0.019377
-0.015673    0.030536    0.015704
-0.015673    0.030852     -0.0117
-0.032948    0.030691      0.0484
-0.027194    0.030487      0.0484
-0.015673    0.028826   -0.011888
-0.030605    0.022684   -0.051732
-0.033068    0.019855   -0.054119
-0.032132     0.02928  -0.0092404
-0.031706    0.028559   -0.017713
-0.024363    0.029849   -0.017382
-0.015673    0.030353   -0.017131
-0.015673    0.031073  -0.0087209
-0.043529    0.027597    0.018816
-0.043903    0.024891  -0.0098809
-0.043157    0.024196   -0.018433
-0.055771     0.00544   0.0081372
-0.055661   0.0025068   0.0060529
-0.057276   0.0025068   0.0059683
-0.050447    0.023296    0.018585
-0.05161    0.018784   -0.010423
-0.055671    0.017416    0.018382
-0.05067    0.018174   -0.019046
-0.054037    0.021493    0.047381
-0.045839     0.02768    0.047381
-0.037324    0.030905    0.047391
-0.055688   0.0021436   0.0065625
-0.057328   0.0021436   0.0064766
-0.057277   0.0025068   0.0059682
-0.024037    0.024611   -0.044991
-0.023272    0.023939       -0.05
-0.022725    0.032931    0.047406
-0.015673    0.033041    0.047408
-0.015673    0.031062      0.0395
-0.035647   -0.012213   -0.064049
-0.015673     0.03101      0.0345
-0.030178    0.023736   -0.051153
-0.025024    0.024997   -0.049866
-0.025027    0.032695    0.047404
-0.015673    0.032755    0.048099
-0.024948   -0.030717      0.0484
-0.032948    -0.02971      0.0484
-0.058873    0.013001    0.047393
-0.060285   0.0084073    0.047468
-0.053379     0.01918      0.0484
-0.055274    0.002023  -0.0013493
-0.055327  -0.0018268 -0.00033992
-0.055274  -0.0022267  -0.0013493
-0.033126    0.031675    0.047396
-0.040071    0.029991    0.047388
-0.020866   -0.024581   -0.050202
-0.015673    0.026798   -0.032222
-0.015673    0.028654   -0.033545
-0.025828    0.027776   -0.034351
-0.015672     0.03053   -0.017149
-0.055381  -0.0032244  0.00070017
-0.055347  -0.0020517   4.928e-05
-0.034765    0.025408   -0.034914
-0.042231     0.02152   -0.035549
-0.047923    0.016088   -0.036144
-0.015673    0.030491      0.0345
-0.015673    0.025199      -0.045
-0.033183   -0.019677   -0.054051
-0.02213    0.024099   -0.048304
-0.021693    0.026204   -0.049508
-0.020544    0.026759   -0.046714
-0.022535    0.030832      0.0345
-0.022011    0.026296   -0.049144
-0.025168    0.025783   -0.049154
-0.020519    0.026717   -0.046967
-0.027935    0.025089   -0.049487
-0.027931     0.02509   -0.049484
-0.036331    0.013932   -0.064604
-0.036185   0.0045212   -0.067873
-0.03185    0.023502    -0.05129
-0.031792     0.02343   -0.051249
-0.056407   -0.000102    0.020274
-0.056918    0.003256    0.030018
-0.055693 -0.00059661   0.0066553
-0.055693  0.00039282   0.0066553
-0.03642     0.01874   -0.058271
-0.034903    0.021035   -0.054556
-0.04268    0.014516   -0.052655
-0.05841   0.0032558    0.029939
-0.055911   0.0081267    0.010814
-0.055797   0.0050768   0.0086469
-0.057224   0.0050768    0.008572
-0.037894   0.0081346   -0.067412
-0.037417    0.013657   -0.064331
-0.015673    0.026649   -0.049139
-0.018482    0.026688   -0.049152
-0.021673    0.022591      -0.045
-0.018909    0.026327    -0.04965
-0.015673    0.026314   -0.049755
-0.01854    0.026579   -0.049227
-0.015674    0.026661   -0.049135
-0.015672    0.025689   -0.050074
-0.035624    0.018431   -0.059003
-0.018407      0.0266   -0.049107
-0.017733    0.024881   -0.047901
-0.022556    0.030849      0.0395
-0.015674     0.03108      0.0395
-0.020097    0.024458   -0.045818
-0.033536    0.020213   -0.054824
-0.055347  0.00094814  4.9299e-05
-0.055347  -0.0011518  4.9284e-05
-0.055327   0.0011731  -0.0003399
-0.059698  0.00049086      0.0484
-0.015673   -0.031059      0.0484
-0.036513    0.018267   -0.058786
-0.034922    0.021087   -0.054573
-0.021673    0.022591       -0.05
-0.024027    0.024567      -0.045
-0.02327    0.023932       -0.05
-0.01944    -0.02457       -0.05
-0.015673   -0.024675       -0.05
-0.056814  -0.0013779 -0.00041852
-0.056855  -0.0011518 -2.9722e-05
-0.056875  -0.0013767  0.00035938
-0.056862   0.0081249    0.010763
-0.055345  -0.0011204  1.2787e-05
-0.056804  -0.0020805 -6.3529e-05
-0.05685  -0.0018268  0.00036077
-0.021765    0.024167   -0.048917
-0.055349   -0.002083  8.5684e-05
-0.056858  -0.0011236  6.4842e-06
-0.056789   -0.001828 -0.00041583
-0.056805  -0.0020517 -2.7125e-05
-0.015673    0.025658       -0.05
-0.055367   0.0011731   0.0004385
-0.055367    0.001623  0.00043851
-0.046347    0.025161      0.0484
-0.02088    0.025604   -0.050071
-0.019448   -0.024535   -0.049819
-0.015674   -0.025766   -0.049197
-0.055735   0.0015112     0.00745
-0.018699     0.02319       -0.05
-0.055367  -0.0013768  0.00043849
-0.055556  0.00039284   0.0040368
-0.057188  0.00039284   0.0039513
-0.057277  0.00039283   0.0052317
-0.055495   0.0023597   0.0028814
-0.055556  -0.0005966   0.0040368
-0.055844   0.0044444   0.0095344
-0.055958   0.0074943    0.011702
-0.057187  0.00049113   0.0039343
-0.057303  0.00044194    0.005265
-0.019092   -0.023655   -0.046069
-0.057328   0.0021436   0.0064766
-0.057187  0.00049113    0.003934
-0.057067    0.002306   0.0028666
-0.057189  0.00039427   0.0039586
-0.055347   0.0018481  4.9303e-05
-0.057286  0.00049113   0.0053015
-0.055623 -0.00059661   0.0053184
-0.055623  0.00039283   0.0053184
-0.055911  -0.0083306    0.010814
-0.057278  0.00039285   0.0052317
-0.057334   0.0021434   0.0064761
-0.055327  -0.0013768 -0.00033991
-0.054532  -0.0088203   -0.010621
-0.056718  0.00049117  -0.0022013
-0.056689  -0.0013351  -0.0020031
-0.055966  0.00049123   -0.010777
-0.056698 -0.00041005  -0.0024001
-0.056803   0.0029983   -0.000123
-0.05523 -0.00010186    -0.00218
-0.056687  -0.0027208 -0.00084024
-0.056788  -0.0032284   0.0010654
-0.056635  -0.0083738      0.0108
-0.057008  -0.0024078   0.0029863
-0.057173  -0.0005966   0.0039521
-0.057263 -0.00059661   0.0052325
-0.057173  -0.0005966   0.0039521
-0.057119  -0.0046737    0.008145
-0.056541  -0.0083306    0.010781
-0.056415    -0.01036    0.018876
-0.056763  -0.0076982    0.011659
-0.056543  -0.0083305    0.010781
-0.055958  -0.0076982    0.011701
-0.057238  -0.0043206   0.0092278
-0.056847   -0.007715    0.011667
-0.058045 -0.00059679     0.01875
-0.057353 -0.00059422   0.0065666
-0.057354 -0.00059661   0.0065683
-0.058044 -0.00059669    0.018749
-0.057374 -0.00059661   0.0065676
-0.055327   0.0016231 -0.00033989
-0.058214  -0.0044457    0.029951
-0.058187  -0.0025292    0.024364
-0.050545   -0.015987   -0.010247
-0.052253   -0.017774     0.01908
-0.053493    -0.01805      0.0484
-0.057491  -0.0097046      0.0484
-0.04337   -0.021922  -0.0097105
-0.045781   -0.023203    0.019325
-0.046566   -0.024054      0.0484
-0.037238   -0.026892    0.019568
-0.029075   -0.027079  -0.0089406
-0.027044   -0.029002    0.019781
-0.037683   -0.027636      0.0484
-0.022509   -0.029818      0.0345
-0.015669   -0.030252    0.034495
-0.056838   0.0081267    0.010765
-0.027338    -0.02949      0.0484
-0.022556   -0.029867      0.0395
-0.03405    0.029643    0.048397
-0.015673   -0.028088  -0.0085648
-0.018045    0.024823   -0.048916
-0.017967    0.024836   -0.047267
-0.031441   -0.025593   -0.017519
-0.031875   -0.026311  -0.0090771
-0.024445   -0.027592  -0.0087873
-0.015673   -0.027379    -0.01695
-0.015673   -0.028097  -0.0085656
-0.042619   -0.021233   -0.018213
-0.049602   -0.015394   -0.018785
-0.039768   -0.028055      0.0484
-0.05347  -0.0084262   -0.019174
-0.055986  0.00049367    -0.01078
-0.05676   0.0023096  -0.0011253
-0.056729  0.00049105  -0.0022024
-0.055956  0.00049123   -0.010776
-0.024976   -0.023865       -0.05
-0.020719   -0.024442       -0.05
-0.054404    0.010173   -0.010607
-0.054872  0.00048877   -0.019338
-0.056875   0.0030304   0.0008709
-0.057152   0.0054404   0.0080657
-0.056847   0.0081278    0.010766
-0.058192  -0.0044496    0.029951
-0.058692  0.00049859      0.0484
-0.058298  -0.0034602    0.029945
-0.056918    -0.00346    0.030017
-0.058195  -0.0044495    0.029951
-0.055367  -0.0018268  0.00043848
-0.058296    -0.00346    0.029945
-0.058144 -0.00010274    0.020188
-0.02498    0.024813       -0.05
-0.058118 -0.00010199    0.020185
-0.058331  -0.0034597    0.029942
-0.058235  0.00048841    0.021903
-0.055472   0.0013981    0.002446
-0.01944    0.025553       -0.05
-0.058124 -0.00010192    0.020185
-0.058743  0.00049505    0.048399
-0.058219  0.00049087    0.021906
-0.058696  0.00049086      0.0484
-0.045389   -0.025804      0.0484
-0.015673   -0.030051      0.0484
-0.015675   -0.030095      0.0395
-0.015673   -0.030061      0.0484
-0.022584   -0.029899      0.0395
-0.015673    -0.03007      0.0395
-0.022507   -0.029817      0.0345
-0.022559    -0.02987      0.0395
-0.022535    -0.02985      0.0345
-0.01848   -0.025631   -0.049153
-0.056918   0.0042454    0.030018
-0.058058  0.00039276    0.018749
-0.058357   0.0042449     0.02994
-0.05576   0.0011675   0.0079325
-0.055869   0.0041006    0.010017
-0.058079  0.00049152     0.01903
-0.056649     0.01063    0.018863
-0.057389  0.00039282   0.0065668
-0.058057  0.00039275    0.018749
-0.057444   0.0011702   0.0078406
-0.057373  0.00049112   0.0066373
-0.05741   0.0015112   0.0073623
-0.057037   0.0013948   0.0017632
-0.056971  -0.0016019   0.0017667
-0.057016  -0.0016019   0.0023651
-0.057072  0.00049115   0.0023621
-0.05698  -0.0016022   0.0017662
-0.057028  0.00049115   0.0017636
-0.057023  -0.0016022   0.0023648
-0.057073  0.00049115   0.0023621
-0.057018   0.0013981   0.0017642
-0.057081   0.0013948   0.0023617
-0.024045   -0.023685   -0.044999
-0.015673   -0.024357   -0.045018
-0.037083   -0.021257   -0.034947
-0.044488   -0.016062    -0.03558
-0.04918  -0.0088915   -0.036074
-0.054841  0.00049128   -0.019334
-0.050837  0.00049139   -0.036284
-0.024976    -0.02264   -0.049999
-0.029607   -0.021126   -0.051108
-0.029341   -0.022377   -0.051001
-0.029621   -0.021165   -0.051108
-0.02498   -0.022638       -0.05
-0.023277   -0.022954       -0.05
-0.024979   -0.023831       -0.05
-0.033138   -0.018979    -0.05415
-0.033391   -0.019567     -0.0543
-0.033061    -0.01888   -0.054109
-0.040662   -0.013016   -0.052147
-0.034883   -0.015998   -0.058608
-0.043553  -0.0070005   -0.052435
-0.035642   -0.011624   -0.064012
-0.044566  0.00049149   -0.052557
-0.036058  -0.0059474   -0.066972
-0.036175  0.00049159   -0.067802
-0.024024   -0.023581      -0.045
-0.019946   -0.024059      -0.045
-0.015673   -0.022409      -0.045
-0.023273    -0.02295       -0.05
-0.018699   -0.022208      -0.045
-0.02327   -0.022949       -0.05
-0.024027   -0.023584      -0.045
-0.018699   -0.022208       -0.05
-0.021673   -0.021609       -0.05
-0.057062   0.0013981   0.0023627
-0.057017   0.0013981   0.0017643
-0.056844   0.0016242 -0.00041871
-0.056867   0.0018481 -3.0307e-05
-0.056904    0.001623   0.0003579
-0.055345   0.0018792  1.2907e-05
-0.056878  0.00091954 -6.6613e-05
-0.056854    0.001174  -0.0004205
-0.056915   0.0011732  0.00035729
-0.055349  0.00091694  8.5699e-05
-0.056879   0.0018747  3.5933e-06
-0.056888  0.00094814  -3.151e-05
-0.057164   0.0054388   0.0080634
-0.057225   0.0050769   0.0085719
-0.020667   -0.024379    -0.04981
-0.052601    0.018332    0.019065
-0.050042    0.017555   -0.010205
-0.046153    0.023959    0.019313
-0.04279    0.023233  -0.0096722
-0.037549    0.027779    0.019561
-0.02874     0.02812   -0.008928
-0.031526    0.027375  -0.0090612
-0.022507    0.030799      0.0345
-0.031095    0.026659   -0.017501
-0.024253    0.028596  -0.0087807
-0.027223    0.029961    0.019778
-0.015671    0.031267    0.034494
-0.015673     0.02907  -0.0085645
-0.015673    0.028371   -0.016951
-0.02251    0.030807    0.034501
-0.019288    -0.02496   -0.049916
-0.019467    0.025494   -0.049838
-0.057418   0.0041006   0.0099356
-0.057354   0.0044444   0.0094552
-0.057047   0.0074979    0.011646
-0.057408   0.0015112   0.0073623
-0.057447   0.0011675   0.0078441
-0.057438   0.0040997   0.0099339
-0.057052   0.0074927    0.011643
-0.057354   0.0044444   0.0094552
-0.022018    0.026298   -0.049152
-0.057028   0.0074943    0.011645
-0.029815    -0.01365      -0.074
-0.015673  0.00049163      -0.074
-0.023326   -0.017986      -0.074
-0.015673   -0.019508      -0.074
-0.0080191   -0.017986      -0.074
-0.0015307    -0.01365      -0.074
0.0028048   -0.007162      -0.074
0.0043273  0.00049163      -0.074
0.0028048   0.0081452      -0.074
-0.0015307    0.014634      -0.074
-0.0080191    0.018969      -0.074
-0.015673    0.020492      -0.074
-0.023326    0.018969      -0.074
-0.029815    0.014634      -0.074
-0.03415   0.0081452      -0.074
-0.035673  0.00049163      -0.074
-0.03415   -0.007162      -0.074
-0.0018941   -0.030911    0.025366
-0.014673   -0.030076  -0.0087038
-0.0025206   -0.028763  -0.0086305
-0.014676   -0.027467   -0.035666
-0.014673   -0.031663     0.01931
-0.014673   -0.030687    0.019835
-0.014673   -0.029085  -0.0086427
-0.014673   -0.028882   -0.022192
0.0048281   -0.028047   0.0093428
0.0064024    -0.02553  -0.0087524
-0.004188   -0.026139    -0.03558
0.0019797   -0.029376    0.015174
0.00012431   -0.030082    0.019606
-0.001847     0.03179    0.025299
-0.0032681    0.031285    0.033576
-0.0011252    0.030728    0.025647
0.011435   -0.023254  -0.0013567
0.012937   -0.020555  -0.0089585
0.0035495   -0.022992   -0.035743
0.0081815   -0.025992   0.0035268
0.014139   -0.020064  -0.0049752
0.017608   -0.013225  -0.0091833
0.0092307   -0.018013   -0.036025
-0.015666   -0.022516   -0.049499
-0.010542   -0.021894     -0.0455
-0.010552   -0.021842     -0.0495
0.013174   -0.010402   -0.036334
0.019085  -0.0071835    -0.01086
0.018872  -0.0070007   -0.010024
0.017645   -0.013232   -0.009171
-0.010548   -0.021732     -0.0495
-0.010554   -0.021829     -0.0455
-0.0090169   -0.022246     -0.0455
-0.018673   -0.029296      0.0145
-0.018673   -0.029231       0.013
-0.015673    -0.02948      0.0145
-0.018673   -0.028024  -0.0070002
-0.018673   -0.027909  -0.0085002
-0.015673   -0.028208  -0.0070002
0.0026967    0.019541   -0.054226
0.0045463    0.015015   -0.058816
0.0037842    0.014288   -0.058264
0.0082965    -0.02604   0.0034568
0.014125   -0.020196  -0.0049063
-0.0052964     0.03267    0.039811
-0.0044999    0.031527    0.039971
0.0019814   -0.029308    0.016199
-0.013041    -0.02276       -0.05
-0.010443   -0.022317       -0.05
-0.0099011   -0.022343       -0.05
-0.0018875   -0.030726    0.025268
-0.013214    0.025315   -0.048917
-0.011984    0.025098       -0.05
-0.011913    0.025505       -0.05
-0.0069908   -0.031717    0.043665
-0.010373    0.025731   -0.049926
-0.010634    0.025381       -0.05
-0.010723    0.024876       -0.05
-0.0041035   -0.031292    0.033307
-0.0053774   -0.031539    0.039805
0.015694    0.004737   -0.016379
0.013176 -0.00010511   -0.027286
0.013499  0.00038961   -0.025886
-0.014673   -0.032055    0.047407
-0.010774   -0.032021    0.046674
-0.012454   -0.025428   -0.049409
-0.01205    -0.02492   -0.049922
-0.011984   -0.024115       -0.05
-0.014664   -0.032042    0.047419
-0.014368   -0.031756    0.048109
-0.014674   -0.032153    0.047452
-0.014365   -0.032052    0.047407
-0.014673   -0.031758     0.04811
-0.014673   -0.031051      0.0484
-0.013041    0.023743       -0.05
-0.009453    0.023631       -0.05
-0.010443    0.023299       -0.05
-0.0053719   -0.031546    0.039806
-0.010429   -0.030959    0.047588
-0.014376   -0.031052      0.0484
-0.0047267   -0.031186    0.039917
-0.015673   -0.031051      0.0484
-0.015673   -0.030686    0.019831
-0.0087317   -0.031849    0.045465
-0.0061842   -0.030781    0.044396
-0.018673    0.028892  -0.0084999
-0.018673    0.027991  -0.0069999
-0.018673    0.029007  -0.0069999
-0.013041    0.023743      -0.045
-0.010443    0.023299      -0.045
-0.0099011    0.023326      -0.045
-0.0099391   -0.031625    0.047052
-0.010779   -0.031958    0.046675
-0.0099391    0.032606    0.047052
-0.014376    0.032033      0.0484
-0.010433    0.031941     0.04759
0.01061  -0.0012235   -0.038399
0.010765  -0.0051522   -0.037728
0.010719 -0.00087964   -0.037928
-0.015673   -0.024534       -0.05
-0.011913   -0.024522       -0.05
-0.014673   -0.027893   -0.022113
-0.014673   -0.027131   -0.038044
-0.012058    0.025913   -0.049918
-0.011918    0.025515   -0.049984
-0.014673    0.025646       -0.05
-0.014673   -0.026113   -0.038229
-0.010464    0.029963    0.035005
-0.0095544    0.030731      0.0345
-0.0091787    0.030372    0.034986
-0.011026   -0.025734   -0.046836
-0.0058953   -0.024588   -0.049153
-0.014673   -0.025653    -0.04914
-0.014673   -0.027433   -0.035663
0.019679  0.00049348    -0.01149
0.01468  0.00049139   -0.036493
0.010249  -0.0081866   -0.050331
-0.0057699    0.025692   -0.049272
-0.0034751     0.02361   -0.050341
-0.0060647    0.024563       -0.05
0.019498  -0.0035664    -0.01132
-0.0098948    0.023294   -0.050067
-0.0097421    0.022852     -0.0495
-0.010563    0.022839   -0.049493
0.011186  0.00049148    -0.05044
0.013517    0.010197   -0.036367
0.019498    0.004549    -0.01132
0.019085   0.0081663    -0.01086
0.019644  0.00049123   -0.011482
0.019455  0.00049122   -0.010624
0.019269   0.0044608   -0.010477
0.019686  0.00049295   -0.011469
-0.0047264    0.032173    0.039918
-0.0064706    0.032362    0.044111
-0.0062654    0.031702     0.04425
0.019269  -0.0034781   -0.010477
0.0019491    0.030333    0.016321
0.0026259    0.029399    0.015636
0.005388    0.028086   0.0098311
-0.0058216    -0.02454   -0.049384
-0.0075389   -0.024923   -0.049149
-0.0094148   -0.025242   -0.049241
-0.0093499   -0.025231   -0.049145
-0.010449   -0.022296   -0.044941
-0.015673   -0.022409     -0.0455
-0.015665   -0.022887   -0.044957
-0.0094934   -0.023676   -0.048917
-0.0098915   -0.025046   -0.049681
-0.009453   -0.022648       -0.05
-8.7927e-05   -0.022058   -0.050663
0.0020225   -0.020503   -0.052128
-0.0040282   -0.023998   -0.049299
-0.00174   -0.022588   -0.050625
-9.3327e-05   -0.022057   -0.050657
-0.0057708   -0.024697   -0.049242
0.0034109    -0.01874   -0.053635
0.0051602   -0.015875   -0.056442
-0.018673   -0.025009       -0.03
-0.018673   -0.025875       -0.03
-0.018673    -0.02604     -0.0285
-0.018673    0.030213       0.013
-0.018673    0.029291      0.0145
-0.018673    0.030279      0.0145
-0.010455   -0.022297   -0.050043
-0.015671   -0.022887   -0.050059
-0.010554   -0.021829     -0.0495
-0.010449    0.023279   -0.050059
-0.010531    0.022951   -0.049441
-0.015673    0.023391     -0.0495
0.0064308  -0.0073876   -0.062683
0.0056114   -0.013763   -0.058375
-0.009079    0.023336   -0.045507
-0.0094531    0.023631      -0.045
-0.0098869    0.023297   -0.044933
0.0067067  0.00049156   -0.064102
0.010249   0.0091692   -0.050331
-0.012866   -0.025586    -0.04914
-0.014673   -0.025319   -0.049755
-0.010634   -0.024398       -0.05
-0.010358   -0.024759    -0.04992
-0.013214   -0.024332   -0.048916
-0.010723   -0.023893       -0.05
-0.011354   -0.024004   -0.046668
0.0054266  -0.0074651   -0.063382
0.0064373  -0.0073789   -0.062684
0.0034702   -0.018836    -0.05365
0.0049656   -0.015932   -0.056259
0.0044097   -0.014005   -0.058823
0.004618   -0.013999   -0.058761
-0.0095545    0.030731      0.0395
-0.0099354    0.030493      0.0395
-0.010383    0.030445      0.0395
0.0058378  0.00050232   -0.064716
0.0064469   0.0083795   -0.062687
0.0058378  0.00048082   -0.064716
0.006404   0.0084743    -0.06264
0.0024122   -0.018914   -0.053842
0.0021386   -0.020306   -0.052258
-0.010385   -0.029454    0.034483
-0.015672    -0.02958    0.034987
-0.010444   -0.028967       0.035
-0.015666    0.023499   -0.045501
-0.010546    0.022857     -0.0495
-0.010554    0.022812     -0.0455
-0.01467    0.026733   -0.049196
0.0085651   -0.025116   0.0041359
0.0053658   -0.027116   0.0098737
0.0086283  -0.0017351   -0.046984
0.0088557 -0.00088524   -0.045999
0.0088557   0.0016646   -0.045999
-0.015673   -0.022555   -0.045146
-0.015673   -0.022908      -0.045
-0.014673    0.031669    0.019836
-0.014673    0.033036    0.047408
-0.014673    0.032645     0.01931
-0.014675    0.032068    0.048478
-0.014364    0.033087    0.047431
-0.014673     0.03274    0.048111
0.01108  -0.0041567   -0.036365
0.01088   -0.004789   -0.037231
0.011368   -0.007839   -0.035117
-0.010778    0.033005    0.046676
-0.014664    0.033028    0.047419
-0.0090701   -0.022327     -0.0495
-0.014368    0.032738     0.04811
-0.010782     0.03294    0.046676
-0.014365    0.033033    0.047407
-0.0098869   -0.022314   -0.050067
-0.0097421   -0.021869     -0.0495
-0.009079   -0.022354   -0.049493
-0.0087327    0.032831    0.045466
-0.0019113     0.03191    0.025425
-0.0069899    0.032698    0.043664
-0.0053774    0.032521    0.039806
-0.00411    0.032275    0.033336
0.0032502   -0.015369    -0.05636
0.0037842   -0.013305   -0.058264
-0.014376    0.032035      0.0484
-0.0011116   -0.029742    0.025604
0.00012011    0.031066    0.019617
0.011568   0.0079859   -0.034251
0.010431  0.00088443   -0.039174
0.011951  0.00088443   -0.039525
-0.0020563    0.029638  -0.0086326
0.0071799    0.026079  -0.0087709
0.0019778    0.030359    0.015179
-0.014673    0.031058  -0.0087034
-0.014673    0.030067  -0.0086424
-0.014673    0.029864   -0.022191
-0.014673    0.028392    -0.03566
0.0048513    0.029017   0.0092998
-0.011911    0.025518       -0.05
-0.014673    0.025517       -0.05
0.0082267    0.026942   0.0034548
0.0083592    0.026998   0.0033769
0.011482     0.02419   -0.001422
-0.015673    0.023891       -0.05
0.013468    0.020949  -0.0089801
0.014177    0.020993   -0.005023
0.017466   -0.012845  -0.0083755
0.014137    0.021143  -0.0049273
0.017608    0.014208  -0.0091831
0.017648    -0.01324  -0.0091855
0.010371    0.017414   -0.036102
0.017646    0.014218  -0.0091735
0.014231     0.02034   -0.004285
0.017466    0.013827  -0.0083753
0.0045921  -0.0072569   -0.062485
0.0047835  0.00049156    -0.06393
0.0051215    0.022928   -0.035806
-0.0030585    0.026816   -0.035591
0.018872   0.0079835   -0.010024
0.017653    0.014224  -0.0091858
-0.012428    0.026296   -0.049661
0.0074508    0.016142    -0.05008
0.0027605    0.021403   -0.049799
-0.0059107    0.025555    -0.04915
-0.004027    0.024981   -0.049299
-0.014673    0.028876   -0.022113
-0.014673    0.028114   -0.038044
-0.018526   -0.024655     -0.0285
-0.018173   -0.024509     -0.0285
-0.011026    0.026717   -0.046835
-0.014674    0.026659   -0.049141
-0.015673   -0.022908       -0.05
-0.0043796   -0.030592     0.03999
-0.0032617   -0.030301    0.033548
-0.0081792    0.031833    0.046249
-0.014673    0.027096   -0.038229
-0.012866    0.026564    -0.04914
0.00075889   -0.019561   -0.052689
0.0019389   -0.018036   -0.054004
-0.003472   -0.022625   -0.050342
-0.0010368   -0.021181   -0.051355
-0.009079    0.023336   -0.049493
-0.014673    0.026636   -0.049139
-0.014673    0.026301   -0.049756
-0.014673    0.025526   -0.050013
0.0049649    0.016917   -0.056258
0.0056114    0.014746   -0.058375
-8.8826e-05    0.023042   -0.050663
0.0034088    0.019726   -0.053632
0.002023     0.02133   -0.052164
-0.018195   -0.026459  -0.0070002
-0.018723   -0.026986  -0.0085002
-0.018673   -0.027009  -0.0070002
-0.00174    0.023571   -0.050625
-9.3427e-05    0.023041   -0.050658
-0.015665     0.02387   -0.050043
-0.010274    0.025864   -0.050016
-0.0058304    0.025472   -0.049104
-0.0060447    0.024614   -0.050132
-0.0093499    0.026213   -0.049145
-0.0094934    0.024659   -0.048916
-0.009898    0.026025   -0.049685
-0.011354    0.024987   -0.047417
-0.0091789    -0.02939    0.039014
-0.0097735   -0.029037       0.039
-0.010464   -0.028981    0.038995
0.0058397   0.0084036   -0.063274
0.0046925    0.014972   -0.058731
0.0050107   0.0083175   -0.063205
0.0045527   0.0081724   -0.062519
0.0034469    0.019831   -0.053627
-0.0097421    0.022852     -0.0455
0.0032496    0.016354   -0.056359
-0.018195   -0.024459     -0.0285
-0.018723   -0.024986       -0.03
-0.018673   -0.025009     -0.0285
0.0021355    0.021292   -0.052255
0.0019371    0.019022   -0.054001
0.00075609    0.020547   -0.052686
-0.018173   -0.026509  -0.0085002
-0.011919   -0.028007  -0.0085002
-0.015673   -0.028093  -0.0085002
0.015694  -0.0029685   -0.016379
0.015694   -0.003958   -0.016379
-0.010436     0.02988       0.039
-0.0091647    0.030317       0.035
-0.0092009    0.030377       0.039
-0.018673   -0.027909  -0.0085002
-0.018673   -0.027009  -0.0085002
-0.018527   -0.026655  -0.0085002
0.010411  -0.0018558   -0.039265
0.010431 -0.00010504   -0.039174
-0.010444    0.029949       0.035
-0.015673    0.030591       0.039
-0.015673    0.030591       0.035
0.015694   0.0037476   -0.016379
-0.0064656   -0.027462  -0.0085002
-0.015673   -0.026225     -0.0285
-0.01004   -0.027962  -0.0084919
-0.0087902   -0.025812     -0.0285
-0.015673   -0.027233   -0.018537
-0.015673   -0.029085  -0.0086427
-0.015673   -0.028152  -0.0077657
-0.0062393   -0.029639    0.044214
-0.0088029   -0.029793       0.035
-0.0087628   -0.029832    0.038997
-0.0092009   -0.029395       0.035
-0.0087626   -0.029833       0.039
-0.0070051   -0.029044    0.014499
-0.0089931   -0.029802    0.034652
-0.014673   -0.024534       -0.05
-0.014672   -0.024677       -0.05
-0.015673    0.030067  -0.0086424
-0.018673    0.025991       -0.03
-0.018673    0.025991     -0.0285
-0.018673    0.026858       -0.03
-0.0096252   -0.029893    0.047199
-0.0089491   -0.029847    0.039348
-0.0092009   -0.029395       0.039
-0.0094237   -0.029879      0.0395
-0.0095383   -0.029733     0.03955
-0.0088399   -0.029913     0.03896
-0.011864    -0.02999    0.048079
-0.015673   -0.030083    0.039499
-0.010383   -0.029463      0.0395
-0.012328   -0.030017      0.0395
-0.0095545   -0.029749      0.0395
-0.010455     0.02328   -0.044957
-0.015671     0.02387   -0.044941
0.0093482   0.0018897   -0.043866
0.0095812   0.0028513   -0.042856
0.0090899   0.0035122   -0.044984
-0.015321   -0.030069      0.0395
-0.015665    0.023532   -0.045559
-0.014376   -0.030043      0.0484
0.0089433 -0.00066017    -0.04562
0.0089433   0.0014397    -0.04562
-0.015673   -0.030055      0.0484
0.0089433   0.0023397    -0.04562
0.009031   0.0021147    -0.04524
-0.014673    0.027407   -0.035563
-0.014673    0.025537   -0.050003
-0.015673    0.027427   -0.035566
-0.015673    0.030462      0.0145
-0.015673    -0.03008    0.039503
-0.015673   -0.030028    0.034507
-0.015673   -0.029742    0.039338
-0.010455   -0.028884    0.039037
-0.015672   -0.029581    0.039013
-0.015669   -0.030079    0.039484
-0.014376   -0.030044      0.0484
-0.015022   -0.030049      0.0484
-0.010156   -0.029927    0.047605
-0.0082658   -0.024054       -0.05
-0.0094992   -0.030931    0.047297
-0.015673    0.027096   -0.038228
-0.015673    0.025517       -0.05
-0.0044999   -0.029422    0.039971
-0.0062663   -0.030721    0.044251
-0.00066502   -0.028407    0.024222
-0.0044999   -0.030545    0.039971
0.0010229   -0.027799    0.019525
-8.5951e-05   -0.027809      0.0145
0.0063013   -0.023309  -0.0085494
0.0041112   -0.026404    0.012395
0.0026278   -0.028416    0.015631
-0.015665   -0.030028    0.034504
-0.015675   -0.029828    0.024419
-0.015673   -0.029609       0.035
-0.015673   -0.029609       0.039
-0.018527    0.028937       0.013
-0.018673    0.030213       0.013
-0.018173    0.028791       0.013
-0.0094661   -0.029853      0.0345
-0.010444   -0.028967       0.039
-0.015665   -0.022549   -0.049441
-0.010563   -0.021856   -0.045507
-0.010443   -0.022317      -0.045
-0.0098948   -0.022311   -0.044933
-0.015673    -0.02948      0.0145
-0.015673   -0.029789    0.022824
-0.015673   -0.029436    0.013461
-0.018673    0.029291       0.013
-0.015673   -0.029728    0.034677
-0.015675   -0.030014    0.034381
-0.014673    0.032033      0.0484
-0.009466   -0.029827      0.0345
-0.01218   -0.029968      0.0345
-0.014965   -0.030026      0.0345
-0.0099366    -0.02951      0.0345
-0.010383   -0.029463      0.0345
-0.010531   -0.021968   -0.045559
-0.0095544   -0.029749      0.0345
-0.0088642   -0.029862     0.03503
-0.0094704   -0.029833      0.0345
-0.0091667    -0.02936    0.034978
0.016432    -0.01164  -0.0071156
0.017966  -0.0026423  -0.0089698
0.016038   -0.011838   -0.008861
0.016528  -0.0029696    -0.01657
0.018067  0.00049005  -0.0090921
0.018055 -0.00033122  -0.0090732
0.013053   -0.018722  -0.0026797
0.012012   -0.018624  -0.0086962
0.0087555   -0.015316   -0.035721
-0.018195    0.028741       0.013
-0.018723    0.029269      0.0145
0.01643   -0.003958   -0.016549
0.012384  -0.0050215   -0.036035
0.012326  -0.0072082   -0.034424
0.0094832  -0.0011103   -0.043281
0.0094832   0.0018897   -0.043281
0.011997  -0.0078392   -0.035262
0.0087793   -0.023348   0.0037814
0.0033469   -0.020781   -0.035456
-0.0081782   -0.030851    0.046248
-0.0024513   -0.024509     -0.0285
-0.0016861   -0.026509  -0.0084806
-0.0011749   -0.026509  -0.0070001
-0.0016777   -0.026509  -0.0084614
-0.018173   -0.026509  -0.0070002
-0.0011728   -0.026509  -0.0070001
-0.0016935   -0.026509  -0.0085001
0.0093482  -0.0011103   -0.043866
0.0090899  -0.0027327   -0.044984
-0.015673   -0.028208  -0.0070002
-0.0081657   -0.027805  -0.0070002
-0.00043934   -0.027808       0.013
-0.0077784   -0.029031       0.013
-0.015673   -0.029414       0.013
-0.015673   -0.028888   0.0029941
-0.018195   -0.027759      0.0145
-0.018173   -0.027809       0.013
-0.018723   -0.028287       0.013
0.0095812  -0.0020719   -0.042856
0.0098416 -0.00010502   -0.041729
0.0098416  0.00088444   -0.041729
-0.0060647    -0.02358       -0.05
-0.018673   -0.029231       0.013
-0.018673   -0.028309       0.013
-0.018527   -0.027955       0.013
0.011368   0.0086183   -0.035117
0.01013 -0.00010503   -0.040479
-0.00044064   -0.027809       0.013
-0.018173   -0.027809      0.0145
-0.00043914   -0.027809       0.013
-0.0075877   -0.029082      0.0145
-0.010563   -0.021856   -0.049493
0.01165   -0.022473  -0.0006758
0.014196   -0.019408   -0.004238
0.014838  0.00049095   -0.025891
0.014763  0.00038961   -0.026177
0.014764  0.00038962   -0.026178
0.016559   0.0037473    -0.01658
0.013176  0.00088435   -0.027286
-0.015673    0.023538   -0.049854
0.015698  -0.0013174   -0.021303
0.016518  -0.0029685    -0.01657
0.016433  -0.0039579    -0.01655
0.014501  -0.0001061   -0.027582
0.01553  -0.0020703    -0.02197
-0.014673   -0.029154  -0.0086489
-0.015673   -0.026493   -0.035571
-0.014673   -0.026424   -0.035563
-0.018673    0.027991  -0.0084999
0.014475 -0.00010511   -0.027586
-0.0091936      0.0304    0.038995
0.012713 -0.00010506   -0.036076
-0.0091935   -0.029418    0.035005
0.011963 -0.00010504   -0.039527
0.014481 -0.00010511   -0.027587
0.012481  -0.0038136   -0.036192
0.01236  -0.0050141   -0.036034
0.012739 -0.00010594   -0.036082
0.0086082    0.026067   0.0040647
0.011694     0.02341 -0.00074022
0.012216 -0.00087963   -0.038274
0.01233  -0.0072059   -0.034427
0.012343  -0.0041571   -0.036656
0.0088557   0.0021147   -0.045999
0.012338  -0.0041569   -0.036655
0.011568  -0.0072065   -0.034251
0.011997   -0.007839   -0.035262
0.012317  -0.0072065   -0.034424
0.012073   -0.006511   -0.036249
0.011996   -0.007839   -0.035262
0.0081064  -0.0086366   -0.049895
0.012051  -0.0068418      -0.036
0.010051   -0.002194   -0.046769
-0.014673   -0.026444   -0.035566
-0.015673   -0.024554   -0.050003
-0.010563    0.022839   -0.045507
0.0048543   -0.015484    -0.04966
-0.0031182   -0.024508       -0.03
-0.0044338   -0.024154    -0.03532
-0.0013622   -0.020389   -0.051168
-0.0093441   -0.025707       -0.03
-0.015673   -0.025431   -0.035445
-0.008193   -0.023583   -0.045157
-0.0080742   -0.023513   -0.045502
-0.015673   -0.026063   -0.030001
-0.0084206   -0.023639   -0.045018
-0.015671   -0.024265   -0.044997
-0.010384    0.030439    0.039509
-0.015672    0.030562    0.039013
-0.010444    0.029949       0.039
-0.018673   -0.028309      0.0145
-0.015673   -0.026113   -0.038228
-0.015673   -0.026196   -0.028772
-0.015673   -0.025274    -0.03681
-0.018173   -0.024509       -0.03
-0.015673   -0.026059       -0.03
-0.015673   -0.026225     -0.0285
-0.018673   -0.025875       -0.03
-0.018526   -0.024655       -0.03
0.01013  0.00088444   -0.040479
-0.0031216   -0.024509       -0.03
-0.003118   -0.024509       -0.03
-0.015673   -0.026424   -0.035563
-0.015673   -0.027894   -0.022111
0.009031 -0.00088524    -0.04524
0.009031  -0.0013352    -0.04524
0.0089433  -0.0015603    -0.04562
0.0088557  -0.0013352   -0.045999
0.016546   0.0037479   -0.016576
0.014846  0.00049102   -0.025894
0.018065   0.0004925  -0.0090916
0.017986   0.0034475  -0.0089985
0.01022  -0.0013366   -0.046314
0.010311  -0.0015603   -0.045935
0.010421  -0.0013353   -0.045561
0.010447  -0.0011549   -0.045492
0.0088396  -0.0011716   -0.046069
0.01021  -0.0010636   -0.046388
0.010236 -0.00088649   -0.046319
0.010437 -0.00088524   -0.045565
0.0090469  -0.0010489   -0.045171
0.010343 -0.00066017   -0.045943
-0.013041    -0.02276      -0.045
0.011872  -0.0018558   -0.039602
0.011342 -0.00010502   -0.042075
0.011029  -0.0019765   -0.043071
0.011648 -0.00010513   -0.040829
0.011736   -0.002219   -0.040094
0.010479  -0.0027424   -0.045013
0.011921  -0.0051528   -0.037994
0.0098249  0.00049011   -0.048115
0.0098347  -0.0010177   -0.047774
0.0097431 -0.00013034   -0.048196
-0.0094531   -0.022648      -0.045
-0.0099011   -0.022343      -0.045
0.0084413  0.00038975   -0.047795
-0.0082658    0.025037       -0.05
0.0081064   0.0096195   -0.049895
0.0097849  0.00049175   -0.048107
0.0099576   0.0025692   -0.047239
0.0086283   0.0025147   -0.046984
0.0047941  0.00049529   -0.063682
0.0045342   0.0073979   -0.062517
0.0048532  0.00049156   -0.063705
0.0037842   -0.012823   -0.058264
0.0045358  -0.0063904   -0.062526
0.0018567   -0.017296   -0.053896
-0.008507   -0.023005   -0.049497
-0.0043803   -0.022058   -0.050019
-0.018526    0.025638       -0.03
-0.018673    0.026858       -0.03
-0.018173    0.025491       -0.03
-0.015673    0.031668    0.019831
-0.015673    0.032033      0.0484
-0.015673     0.03071    0.034677
-0.0080737   -0.023514     -0.0455
-0.0085104   -0.022994     -0.0495
-0.0089801   -0.023022   -0.049995
-0.0090701   -0.022327     -0.0455
-0.0082239   -0.023602   -0.045147
-0.0080752   -0.023513     -0.0455
-0.010548    0.022715     -0.0455
-0.0090169    0.023229     -0.0495
-0.0090701     0.02331     -0.0455
-0.0094373   -0.022636   -0.044956
-0.0085931   -0.023673      -0.045
-0.012071    -0.02408      -0.045
0.009031   0.0016646    -0.04524
0.012071   -0.004789   -0.037506
0.012071   -0.004789   -0.037506
-0.015673   -0.022555   -0.049854
-0.015673   -0.022409     -0.0495
0.011736   -0.002219   -0.040094
0.011932   -0.005151   -0.037998
-0.018527   -0.027955      0.0145
0.010296   -0.002219   -0.039762
0.011643 -0.00010503   -0.040828
0.011878  -0.0018556   -0.039604
0.0047365  0.00049156   -0.063664
0.0045364   0.0081786   -0.062529
0.0045364  -0.0071955   -0.062529
-0.0013815   -0.020335   -0.051164
-0.0036288   -0.021528   -0.050301
-0.0060639    -0.02237       -0.05
0.010951    0.001889    -0.04362
-0.0091648   -0.029335       0.039
-0.010436   -0.028898       0.035
-0.0091373   -0.023025       -0.05
-0.0060667   -0.022398       -0.05
-0.0087036   -0.022976   -0.049843
-0.0087203   -0.022971   -0.049878
-0.0010411    0.022167   -0.051353
-0.0090024   -0.022276   -0.049538
0.011949 -0.00010504   -0.039525
0.0121  -0.0012235   -0.038743
-0.018173    0.028791      0.0145
0.012217 -0.00087963   -0.038274
0.012099  -0.0012235   -0.038742
-0.018195    0.025442       -0.03
-0.018173    0.025491     -0.0285
-0.018723    0.025969     -0.0285
0.012493  -0.0038119   -0.036196
0.011188   -0.003813   -0.035894
0.010963  0.00049143   -0.043623
0.010813  0.00049144   -0.044204
0.010787  -0.0011103   -0.044198
0.01079  -0.0011101   -0.044199
0.010802    0.001889   -0.044202
-0.015673    0.023891      -0.045
-0.014673   -0.024663       -0.05
-0.01192   -0.024541   -0.050014
-0.010458   -0.028949    0.034986
-0.0097735   -0.029037       0.035
0.010933  -0.0011103   -0.043616
0.010933  -0.0011103   -0.043616
0.010785  -0.0011103   -0.044197
0.010938  -0.0011101   -0.043617
0.010795   0.0018897     -0.0442
0.010813  0.00049144   -0.044204
0.010961  0.00049143   -0.043622
0.010943   0.0018897   -0.043618
-0.015672    0.027234   -0.028502
-0.010284    0.028914  -0.0084884
-0.018527   -0.026655  -0.0070002
-0.015673    0.028215   -0.018537
-0.015673    0.029134  -0.0077652
-0.0064668    0.028445  -0.0084998
-0.0016935    0.027491  -0.0084998
-0.011919     0.02899  -0.0084998
-0.0087902    0.026794     -0.0285
-0.015673    0.029076  -0.0084999
-0.018173    0.027491  -0.0084999
-0.015673    0.029191  -0.0069999
-0.018673    0.028891  -0.0084999
-0.009417    0.030852      0.0395
-0.012328    0.030999      0.0395
-0.015321    0.031051      0.0395
-0.014376    0.031024      0.0484
-0.015673    0.031053    0.039499
-0.0094224    0.030883      0.0395
-0.014673   -0.024543   -0.050013
-0.0098529    0.030887    0.047319
-0.0062901    0.030625    0.044284
-0.0089492    0.030829    0.039349
-0.0088325     0.03089    0.038967
-0.0094237    0.030861      0.0395
-0.0087628    0.030814    0.038997
-0.0091666    0.030342    0.039022
-0.009079   -0.022354   -0.045507
-0.012418   -0.025305   -0.049669
-0.014673    0.027476   -0.035571
-0.015673    0.027407   -0.035563
-0.015673    0.030137  -0.0086486
-0.0088029    0.030775       0.035
-0.0087626    0.030815       0.039
-0.015673    0.030674    0.019929
-0.0089931    0.030784    0.034652
-0.0073678    0.030073    0.014499
-0.0092009    0.030377       0.035
-0.0094664    0.030834      0.0345
-0.0095382    0.030715     0.03445
-0.0094704    0.030815      0.0345
-0.0088708    0.030848    0.035036
-0.010383    0.030445      0.0345
-0.01218     0.03095      0.0345
-0.0094783    0.030794      0.0345
-0.015673    0.031029    0.034504
-0.014965    0.031008      0.0345
-0.018195    0.027441  -0.0084999
-0.018723    0.027969  -0.0069999
-0.015673    0.031011    0.034508
-0.018173    0.027491  -0.0069999
-0.012867    0.026597   -0.049156
-0.015673    0.030771    0.022823
-0.015673     0.03101    0.034507
-0.010454     0.02987    0.034965
-0.015672    0.030563    0.034987
-0.015673    0.030462      0.0145
-0.015673    0.030418    0.013461
-0.0010594    0.029517    0.025439
0.0010171    0.028783     0.01954
-8.5951e-05    0.028791      0.0145
-0.0044999    0.030404    0.039971
-0.0097421   -0.021869     -0.0455
-0.0011749    0.027491  -0.0069998
0.003418    0.027735     0.01387
-0.0094763    0.031914    0.047281
-0.014376    0.031025      0.0484
-0.018673    0.027023     -0.0285
-0.015023    0.031031      0.0484
-0.015674    0.031043      0.0484
-0.018527    0.027638  -0.0084999
-0.015673    0.031062    0.039503
-0.015673    0.030724    0.039339
-0.015675    0.031045    0.039567
-0.0075877    0.030064      0.0145
-0.018527    0.028937      0.0145
-0.00043934     0.02879       0.013
-0.015673    0.030396       0.013
-0.0077784    0.030013       0.013
-0.00044064    0.028791       0.013
-0.0081657    0.028787  -0.0069998
-0.015673    0.029191  -0.0069999
-0.015674    0.030451    0.012997
-0.015673     0.02987   0.0029944
-0.018527    0.027638  -0.0069999
0.0069895    0.023874  -0.0085626
-0.0016777    0.027491  -0.0084611
0.012256   0.0034148   -0.037748
-0.0024513    0.025491     -0.0285
-0.0016582    0.027491  -0.0084812
0.013342    0.019278  -0.0030799
0.012697    0.018778  -0.0087195
0.0044875    0.020938   -0.035497
0.0085079     0.02455   0.0042315
-0.0034849    0.024875   -0.035325
0.016568    0.012171  -0.0072834
0.016296    0.012119   -0.008874
0.0093991    0.015241   -0.035767
0.017966   0.0036222  -0.0089699
0.012042   0.0086182   -0.035272
0.012365   0.0079871   -0.034433
0.01645    0.004737   -0.016554
-0.0097726     0.03002       0.035
0.012095   0.0076296   -0.036006
0.012058   0.0086158   -0.035278
0.012358   0.0079859   -0.034433
0.012043   0.0086183   -0.035272
0.012399   0.0061825   -0.035759
0.012415   0.0058073   -0.036039
-0.010554    0.022812     -0.0495
0.014489  0.00090037   -0.027531
0.012721  0.00088412   -0.036077
0.014483  0.00088435   -0.027588
0.011965  0.00088443   -0.039528
0.011957  0.00088768   -0.039524
0.012717  0.00090674   -0.036071
0.012458   0.0058021   -0.036053
-0.010458    0.029931    0.039014
0.01554   0.0028489   -0.021974
0.014477  0.00088435   -0.027586
0.019409  0.00049122   -0.010636
0.016533   0.0037476   -0.016573
0.016452    0.004737   -0.016554
-0.015673    0.028876    -0.02211
-0.015673    0.027179   -0.028773
-0.015673    0.027207     -0.0285
-0.018526    0.025638     -0.0285
-0.0031185     0.02549   -0.029999
-0.0097727     0.03002       0.039
-0.015673    0.027042       -0.03
-0.0091733     0.02667       -0.03
-0.0031216    0.025491       -0.03
-0.015673    0.026414   -0.035445
-0.015673    0.027046       -0.03
-0.015673    0.026256   -0.036811
-0.015673    0.027208     -0.0285
-0.00055383    0.021234   -0.049464
-0.015673    0.026426   -0.035446
-0.0085964    0.024717   -0.045002
-0.008199    0.024568   -0.045152
-0.0080742    0.024496   -0.045502
-0.0085097     0.02398     -0.0495
0.0048543    0.016467    -0.04966
0.012154   0.0076346    -0.03602
0.01204   0.0044041   -0.038349
0.010241   0.0016654    -0.04632
0.010347   0.0014397   -0.045944
0.010442   0.0016651   -0.045566
0.010455   0.0018198   -0.045497
0.0088396   0.0018284   -0.046069
0.010215   0.0019585   -0.046386
0.010428   0.0021153   -0.045563
0.0090469   0.0019511   -0.045171
0.010228   0.0021151   -0.046316
0.01032   0.0023397   -0.045938
0.010434   0.0035155   -0.045248
0.011013   0.0028334   -0.043163
0.011344  0.00088444   -0.042076
0.011645  0.00088444   -0.040828
0.011345  0.00088444   -0.042076
0.011646  0.00088444   -0.040829
-0.0085931    0.024656      -0.045
-0.012071    0.025063      -0.045
-0.015673    0.023391     -0.0455
-0.015673    0.023538   -0.045146
-0.0090326    0.023278   -0.045478
-0.0080752    0.024495     -0.0455
-0.0085104    0.023977     -0.0495
-0.0080737    0.024497     -0.0455
-0.0062277    0.023404   -0.049983
0.0019006    0.018217   -0.053953
-0.0036119    0.022503   -0.050305
-0.0013417    0.021292   -0.051185
0.0037842    0.013806   -0.058264
-0.0087057    0.023959   -0.049845
-0.0090701     0.02331     -0.0495
-0.0089655    0.024003   -0.049989
-0.0094367    0.023618   -0.050046
-0.0085367    0.024011   -0.049492
-0.0091373    0.024007       -0.05
-0.0060667    0.023381       -0.05
-0.014376   -0.031053      0.0484
-0.0060639    0.023353       -0.05
0.0015473    0.019833   -0.053109
-0.0099011    0.023326       -0.05
-0.015674  0.00049075       0.066
-0.029816   -0.013651       0.066
-0.023327   -0.017987       0.066
-0.015674   -0.019509       0.066
-0.00802   -0.017987       0.066
-0.0015316   -0.013651       0.066
0.0028039   -0.007163       0.066
0.0043264  0.00049075       0.066
0.0028039   0.0081443       0.066
-0.0015315    0.014633       0.066
-0.00802    0.018968       0.066
-0.015674    0.020491       0.066
-0.023327    0.018968       0.066
-0.029816    0.014633       0.066
-0.034151   0.0081443       0.066
-0.035674  0.00049075       0.066
-0.034151  -0.0071628       0.066
F
4     6  1458
4  42   6
4  45  42
4  46  47
4  47  45
4  117   46
4  1458  1473
4  1473   117
5   6  42
5  36  40
5    40  1459
5  41  36
5  42  41
5  1458     6
5  1459  1458
12  20  72
12  21  20
12   72  586
12  586   21
20  21  25
20  24  31
20  25  24
20  31  70
20  70  71
20  71  72
21  23  25
21  586  646
21  646  652
21   651  1460
21  652  651
21  1460    23
22    23  1459
22  24  23
22  31  24
22  40  31
22  1459    40
23  24  25
23  1460  1459
29   111  1469
29  223  234
29  234  111
29  235  223
29  1469   235
31  35  70
31  40  35
35  36  41
35  40  36
35  41  69
35  69  70
41  42  45
41  45  68
41  68  69
43    63  1472
43  253   63
43  1471   253
43  1472  1471
44   62  253
44  113   62
44   253  1471
44  1471   113
45  47  54
45  54  67
45  67  68
46  54  47
46  55  54
46  117   55
54  55  56
54  56  65
54  65  67
55  57  56
55  63  57
55  64  63
55   117  1473
55  1473    64
56   57  253
56  61  65
56  253   61
57   63  253
61   62  252
61  66  65
61  231   66
61  252  231
61  253   62
62  113  252
63    64  1472
64  1473  1472
65  66  84
65  84  67
66  87  84
66  230  232
66  231  230
66  232   87
67  84  92
67  88  68
67  92  88
68  88  93
68  93  69
69  93  94
69  94  70
70  77  71
70  94  77
71  74  72
71  77  74
72   74  583
72  583  586
74  77  78
74   78  589
74  589  583
77   94  101
77  101  185
77  110   78
77  185  110
78  110  589
84  87  96
84  95  98
84  96  95
84  98  92
87  232  269
87  269   96
88  92  97
88  97  99
88  99  93
92  98  97
93   99  100
93  100   94
94  100  101
95   96  144
95  142   98
95  143  142
95  144  143
96  269  292
96  292  144
97   98  141
97  140   99
97  141  140
98  142  141
99  140  203
99  163  100
99  203  163
100  138  139
100  139  101
100  163  138
101  129  169
101  139  165
101  165  129
101  169  185
108  110  185
108  185  585
108  585  110
110  585  589
111   112  1470
111  229  233
111  233  112
111  234  229
111  1470  1469
112   113  1470
112  233  113
113  231  252
113  233  231
113  1471  1470
125   235  1469
125  241  248
125  248  258
125  258  235
125  1468   241
125  1469  1468
129  165  169
138  163  567
138  567  139
139  567  165
140  141  199
140  199  565
140  565  567
140  567  203
141  142  149
141  149  199
142  143  580
142  147  149
142  580  147
143  144  580
144  197  580
144  292  298
144  298  197
147  580  581
147  581  149
149  565  199
149  581  565
163  203  567
165  567  568
165  568  169
169  467  185
169  568  467
185  344  585
185  467  344
192  263  563
192  280  263
192  563  576
192  576  577
192  577  280
197  298  579
197  579  580
202  210  241
202  241  249
202  249  806
202  796  210
202  798  803
202  803  796
202  806  798
204  206  218
204  210  206
204  218  223
204  223  235
204  235  258
204  241  210
204  248  241
204  258  248
206  210  222
206  220  218
206  222  264
206  264  220
210  796  222
218  219  224
218  220  219
218  224  223
219  220  263
219  225  224
219  263  267
219  267  225
220  264  300
220  300  263
222  796  828
222  828  264
223  224  229
223  229  234
224  225  230
224  230  229
225  232  230
225  267  268
225  268  232
229  230  231
229  231  233
232  268  269
241  1468   249
249  799  806
249  1468   799
262  264  831
262  300  264
262  831  861
262  861  300
263  280  267
263  300  563
264  825  830
264  828  825
264  830  831
267  280  284
267  284  268
268  284  320
268  290  269
268  320  290
269  290  292
280  577  284
284  577  320
290  298  292
290  320  577
290  577  578
290  578  298
298  578  579
300  576  563
300  786  576
300  861  786
344  467  568
344  568  758
344  758  585
565  568  567
565  581  568
568  569  736
568  570  569
568  571  570
568  581  571
568  723  758
568  736  723
569  570  732
569  731  736
569  732  731
570  571  738
570  738  767
570  767  732
571  572  766
571  573  572
571  574  573
571  575  574
571  581  575
571  698  752
571  752  738
571  766  698
572  573  775
572  698  766
572  706  698
572  757  706
572  775  757
573  574  881
573  757  775
573  881  757
574  575  911
574  880  881
574  905  880
574  911  905
575  576  699
575  577  576
575  580  577
575  581  580
575  699  882
575  882  911
576   786  1323
576  894  699
576  1323   894
577  580  578
578  580  579
582  583  584
582  584  594
582  586  583
582  593  628
582  594  593
582  628  662
582  640  586
582  659  640
582  662  659
583  589  584
584  585  592
584  589  585
584  590  593
584  591  590
584  592  591
584  593  594
585  692  592
585  758  692
586  640  659
586  659  646
590  591  624
590  624  662
590  628  593
590  662  628
591  592  600
591  598  624
591  600  598
592  692  723
592  723  736
592  733  600
592  736  733
598  599  625
598  600  599
598   625  1463
598  662  624
598  867  662
598  1463   867
599  600  604
599  604  625
600  731  732
600  732  604
600  733  731
604  608  844
604  732  767
604  738  608
604  767  738
604  844  625
608  609  844
608  697  702
608  698  697
608  702  609
608  738  752
608  752  698
609   702  1464
609  1464   844
625   844  1463
626  714  832
626  715  714
626  718  813
626  796  803
626  803  812
626  812  814
626  813  796
626  814  715
626  832  718
636  646  659
636  659  662
636  662  666
636  665  646
636  666  665
646  651  652
646  665  673
646  673  651
651   673  1460
662   867  1463
662  1462   666
662  1463  1462
665   666  1462
665  1462   673
673  1461  1460
673  1462  1461
675  715  812
675  803  806
675   806  1468
675  812  803
675  1467   715
675  1468  1467
692  758  723
697  698  706
697  706  757
697  707  708
697  708  713
697  713  702
697  757  707
699  852  859
699  859  882
699  864  852
699  894  864
702   713  1464
707  709  708
707  757  856
707  845  854
707  854  709
707  856  845
708   709  1464
708  1464   713
709   854  1464
714   715  1466
714  836  832
714  837  836
714  1465   837
714  1466  1465
715  814  812
715  1467  1466
718  827  813
718  832  827
731  733  736
757  881  856
786   861  1323
796  813  828
798  806  803
799  1468   806
813  825  828
813  827  825
825  826  852
825  827  832
825  832  826
825  852  864
825  864  830
826  832  836
826  836  837
826  837  851
826  851  852
830  864  831
831  864  861
837  839  851
837  842  839
837  1465   842
839  842  854
839  845  851
839  854  845
842  1465   854
844  1464  1463
845  856  905
845  905  851
851  857  911
851  882  852
851  905  857
851  911  882
852  882  859
854  1465  1464
856  880  905
856  881  880
857  905  911
861   864  1323
864   894  1323
1458  1459  1473
1459  1460  1472
1459  1472  1473
1460  1461  1466
1460  1466  1472
1461  1462  1463
1461  1463  1465
1461  1465  1466
1463  1464  1465
1466  1467  1468
1466  1468  1470
1466  1470  1471
1466  1471  1472
1468  1469  1470
