18 
r_upper_leg
V
-0.0024484    0.048558     0.10899
-0.0024399    0.049706    0.049539
-0.015281    0.048043     0.10941
-0.027868   -0.043607   0.0050917
-0.024765   -0.042955   0.0012977
-0.019367   -0.048064  -0.0095702
-0.024827    0.047295     0.04937
-0.0015702    0.040249   -0.005084
-0.001495    0.040235    0.001965
-0.0023231    0.040764     0.00193
-0.013156    0.045322   0.0019309
-0.0071734    0.045646  -0.0050691
-0.0074135    0.045864   0.0019299
-0.0024406    0.047432     0.10946
-0.0024406    0.048446     0.10905
-0.0094402     0.04389     0.07503
-0.011353    0.046263    0.071009
-0.0092312     0.04628     0.07503
0.0015601   -0.047687    0.036453
0.0015601   -0.047687    0.038453
0.0015601   -0.048951    0.036453
-0.0024393    0.048587    -0.01057
-0.0024399    0.048707    0.049543
-0.0024392    0.048313   -0.017947
-0.03757    0.039854     0.10943
-0.039722    0.038145    0.049161
-0.027014    0.044662   0.0044167
-0.018208    0.046713   -0.010572
-0.0084031   -0.044894   0.0034299
-0.01218   -0.048557   0.0034299
-0.0071967   -0.044609   0.0034299
-0.019474    0.046042  -0.0094442
-0.018657    0.046165   -0.010877
-0.019575    0.045341  -0.0095702
-0.0032259    -0.04693    0.068453
-0.0032259    -0.04693    0.066453
-0.0044401   -0.048145    0.066453
-0.047981    0.025196     0.10943
-0.045224    0.025437    0.034552
-0.038994    0.036278    0.024686
-0.002596    0.044748    0.038453
-0.0014928    0.046686    0.038453
-0.0044712    0.046599    0.038453
-0.034318    0.040628    0.016805
-0.051461  0.00038773     0.10943
-0.048257  0.00038552    0.040098
-0.047688    0.010088    0.039446
-0.0089644    0.041123  -0.0065701
-0.012794    0.044952  -0.0065701
-0.0079103    0.040471  -0.0065701
-0.02357    0.044502  -0.0026413
-0.024877    0.041737  0.00055471
-0.029006    0.042643   0.0068657
-0.002596    0.044748    0.036453
-0.0044693    0.046589    0.036453
-0.0014936    0.046673    0.036453
-0.0094402   -0.043109     0.07503
-0.01744   -0.043109     0.07503
-0.0099775   -0.043109    0.077031
-0.041338   -0.029624    0.028525
-0.041309   -0.027956    0.028632
-0.036017   -0.036169    0.019289
-0.046198   -0.021049    0.048977
-0.04783   -0.022768     0.10943
-0.0087912   -0.045515   0.0026669
-0.012174   -0.048551   0.0019299
-0.012692   -0.048492   0.0024619
-0.052257   -0.013368     0.13545
-0.052656  0.00039509     0.13076
-0.043423    0.033755     0.11547
-0.050126     0.01909     0.12246
-0.031744    0.043239     0.11121
-0.016612    0.047502     0.10943
-0.0024406    0.048445     0.10905
-0.0095437    0.048209     0.10915
-0.0014406    0.045395      0.1103
-0.0014406    0.047431     0.10946
-0.0024406    0.047431     0.10946
-0.0023231   -0.044983    -0.00507
-0.0023181   -0.044988     0.00193
-0.0015703   -0.044468    0.001945
-0.0024393    0.047508   -0.013145
-0.0032253    0.044711    0.008453
-0.0044395    0.045925    0.008453
-0.0032252    0.044711    0.006453
-0.002318    0.040769    -0.00507
-0.0023181    0.040769     0.00193
-0.0071714    0.045623  -0.0050701
-0.0024393    0.048589    -0.01057
-0.0024392    0.048384    -0.01557
-0.01825    0.046884   -0.010568
-0.015298    0.047043   -0.015564
-0.0084027   -0.044894  -0.0065701
-0.0070071   -0.049352  -0.0065701
-0.012114   -0.048491  -0.0065701
-0.011439     0.04389    0.071567
-0.016903     0.04389    0.073029
-0.015441     0.04389    0.071567
-0.0087832    0.041304   0.0026799
-0.01374     0.04529   0.0024519
-0.01315    0.045308   0.0019299
0.0015598   -0.046845    0.066453
0.0015598   -0.046845    0.068453
0.0015598   -0.048109    0.066453
-0.016903   -0.043109    0.077031
-0.0099775     0.04389    0.073029
-0.018164   -0.049691    -0.01059
-0.019416   -0.048068  -0.0095982
-0.018518   -0.048394   -0.011057
-0.028514    0.043986   0.0067657
-0.023102      0.0456  -0.0022133
-0.0191    0.046564  -0.0091772
-0.045571   -0.015337    0.036359
-0.044343  -0.0094818    0.037983
-0.042463   -0.018495    0.034327
-0.046727   0.0098817    0.038554
-0.044528    0.010527    0.038375
-0.047073  0.00038975    0.039207
-0.044885    0.025256    0.034567
-0.034517     0.04064    0.016933
-0.016139   -0.043094    0.071937
-0.012297   -0.043115    0.071102
-0.013388   -0.047289    0.070665
-0.0018111   -0.047581    0.008453
0.0010604   -0.047581    0.008453
0.0010605   -0.047581    0.006453
-0.0044398    0.046648    0.036453
-0.0044395    0.046173    0.008453
-0.00144    0.046669    0.036453
-0.0087905    0.041297  -0.0058101
-0.012861     0.04502  -0.0050701
-0.013361    0.044994  -0.0056151
-0.046383   -0.015848    0.037192
-0.012133   -0.048538  -0.0050701
-0.0067253   -0.049418   0.0019299
-0.0067167   -0.049387  -0.0050701
0.0015605   -0.048081    0.006453
0.0015605   -0.048081    0.008453
0.0015605   -0.049346    0.006453
-0.049732  0.00039302     0.13075
-0.052754  0.00039059     0.13075
-0.049181   -0.013306     0.13543
-0.04667    0.020342     0.12187
-0.038895    0.034451     0.11515
-0.02315    0.043091     0.11127
-0.048054    -0.02676     0.13832
-0.038618   -0.037259     0.10943
-0.036382   -0.038075    0.019187
-0.037081   -0.038677     0.13923
-0.024434   -0.045889     0.10943
0.0045606     0.03989    -0.00607
0.0045605     0.03989     0.00293
-0.00019677     0.03989    -0.00557
-0.022707   -0.048441    0.072769
-0.0024406   -0.049381     0.10943
-0.0024409   -0.047487     0.13883
-0.0024407   -0.049418     0.10943
-0.02157   -0.045277     0.13901
-0.012613   -0.048241  -0.0053222
-0.022314   -0.045336    0.049357
-0.0126   -0.048336   0.0020519
-0.048158  0.00037288     0.04005
-0.00244   -0.050902     0.04953
-0.0024406   -0.048242     0.11236
-0.0024406   -0.049238     0.11236
-0.00244   -0.051896    0.049552
-0.0083982   -0.044892   0.0019299
-0.0071967   -0.044609   0.0019299
-0.0067814    -0.04944   0.0019299
0.0045606   -0.049109  -0.0065699
-0.0071966   -0.044609  -0.0065701
0.0045606   -0.044609  -0.0065699
-0.0024409   -0.046482     0.13892
-0.019658   -0.042634     0.13916
-0.0014409   -0.044467     0.13907
0.0078587     0.04039  0.00056407
0.0046945     0.04489   0.0037281
0.0045605    0.040391     0.00343
-0.0014409   -0.046482     0.13892
-0.0024409   -0.046482     0.13892
-0.0024409   -0.047488     0.13883
-0.03429   -0.036908     0.13919
-0.044869   -0.026211     0.13824
-0.034359    0.039515    0.016324
-0.038734    0.035232    0.024118
-0.044955   -0.021892     0.10943
-0.048281  0.00038682     0.10943
-0.049525  0.00039346     0.13075
-0.048441  0.00039059     0.10943
-0.015441   -0.043109    0.071567
-0.0099774   -0.043109    0.073029
-0.011439   -0.043109    0.071567
-0.045906    0.021891     0.10941
-0.047577  0.00038738    0.074123
-0.042806   -0.018559    0.034349
-0.048657  0.00041884     0.10942
-0.030358    0.039325    0.010809
-0.038729    0.034849     0.10933
-0.043672    0.019547    0.035804
-0.045171  0.00039721    0.039209
-0.025023    0.042672     0.10928
-0.037231    0.036449    0.049297
-0.0018111   -0.047581    0.006453
-0.016408    0.045601     0.07793
-0.0014432    0.045459     0.10931
-0.0014406    0.045436     0.10931
-0.017581    0.045504     0.07503
-0.023476    0.044557    0.049394
0.0010604    0.044125    0.008453
-0.0018111    0.044125    0.006453
0.0010605    0.044125    0.006453
-0.00144    0.048707     0.04938
-0.0014406    0.045396     0.11029
-0.0014403    0.046426    0.078579
0.006328   -0.044109  -0.0053369
0.0045606   -0.044109    -0.00607
0.0045605   -0.044109     0.00293
-0.0014406    0.047432     0.10946
-0.013462    0.045895    0.079205
-0.010478     0.04615    0.078004
-0.0044401    0.046541    0.068453
-0.0014408    0.046634    0.068454
-0.01163   -0.043083     0.07896
-0.016548   -0.043092    0.077729
-0.01649   -0.046419    0.078047
-0.016373    0.045726    0.072079
-0.013383    0.044925  -0.0060512
-0.031067   -0.038005     0.01273
-0.0093267   -0.044981   0.0029619
-0.0089995   -0.045287   0.0035799
-0.0071892   -0.044374   0.0033169
-0.009318   -0.044988  -0.0055701
-0.009318   -0.044988  -0.0060701
-0.012687   -0.048357  -0.0060701
-0.0014409   -0.044505     0.13907
-0.0014406   -0.046391     0.10926
-0.046358   -0.015991     0.03716
-0.0014407   -0.048242     0.11236
-0.0014407   -0.046022     0.11581
-0.0014409   -0.044466     0.13907
-0.022951   -0.043234     0.10929
0.0066819    0.040391   0.0025511
0.0063279     0.03989   0.0021971
0.0075226    0.040429  0.00039509
-0.0019044   -0.044618     0.00193
-0.0014403   -0.047929    0.078674
-0.036331   -0.035297     0.10936
-0.004436   -0.048226    0.068451
-0.0014437   -0.046428     0.10926
-0.013409   -0.046963    0.079367
-0.010327   -0.047442    0.078109
-0.0044409   -0.048323    0.066453
-0.017714   -0.046236     0.07503
-0.0032641    0.044651    0.008453
-0.0018259    0.044056    0.006453
-0.0018111    0.044125    0.008453
0.006682   -0.044609  -0.0056909
-0.035614   -0.035655    0.049276
-0.0093181    0.040769   0.0024299
-0.013805    0.045256   0.0029298
-0.013786    0.045237   0.0024298
-0.009318    0.040769  -0.0055701
-0.013447    0.044899  -0.0055701
-0.009318    0.040769  -0.0060701
0.0015598      0.0463    0.068453
-0.0014401    0.046589    0.066453
-0.0014402    0.046563    0.068453
0.0063281     0.03989  -0.0053369
0.0070606     0.03989  0.00043008
0.0078588   -0.044609  -0.0037039
0.0075606   -0.049109  -0.0035699
0.0046946   -0.049109  -0.0068679
0.001446    0.044676    0.068453
-0.001492    0.046566    0.068453
-0.0025963    0.044668    0.068453
-0.012683   -0.048317   0.0031689
-0.007011   -0.049359   0.0034299
-0.0018107    0.042642   -0.023547
-0.0018107    0.042642   -0.025547
0.0010608    0.042642   -0.023547
0.0015598    0.046326    0.066453
-0.0014398    0.046715     0.03816
-0.0014397    0.046709    0.049541
-0.0014404    0.046592    0.066453
0.0015605   -0.049333    0.008453
0.0075227   -0.044648  -0.0035349
0.001446    0.044676    0.066453
-0.0014915    0.046593    0.066453
-0.04322    0.019323    0.035896
-0.0025963    0.044668    0.066453
-0.0093181   -0.044988   0.0029299
-0.012753   -0.048423   0.0024298
-0.012756   -0.048426   0.0029299
-0.013687   -0.051026   -0.018281
-0.015792   -0.049386   -0.016086
-0.014222   -0.049821   -0.018749
0.0015608   -0.049069   -0.025547
0.0015608   -0.047803   -0.023547
0.0015608   -0.049159   -0.023547
-0.0093522   -0.044954  -0.0055481
-0.01264   -0.048426  -0.0055961
-0.0089644   -0.045342  -0.0050701
-0.0090403    0.043899    0.075146
-0.011913    0.045993    0.079117
0.0074382    0.040434  -0.0035029
0.0070606     0.03989  -0.0035699
0.0066821    0.040391  -0.0056909
-0.013761    0.045468   0.0032999
-0.018752    0.043278   -0.010321
-0.0014398    0.046686    0.038453
-0.0044398    0.046661    0.038453
-0.0044401   -0.048145    0.068453
0.0015601    0.045143    0.038453
0.0015601    0.045143    0.036453
0.0015601     0.04642    0.038453
-0.0072195   -0.044003  -0.0055701
-0.0071966   -0.044109  -0.0060701
-0.0093759     -0.0449  -0.0060701
-0.0014393    0.047505   -0.013212
0.0014463    0.044756    0.038453
-0.012198   -0.048701   0.0034359
-0.0044394   -0.049536    0.006453
-0.044157    0.024522    0.033852
0.0015601    0.046407    0.036453
-0.0014398    0.046669    0.036453
-0.0014398    0.046682    0.038453
-0.008403   -0.044894  -0.0050701
-0.012127   -0.048504  -0.0050701
-0.0067814   -0.049438  -0.0050701
-0.00019686   -0.044109     0.00243
-0.00019677   -0.044109    -0.00557
-0.044964  0.00038786    0.039208
-0.019179    0.043196  -0.0095702
0.0014464    0.044756    0.036453
0.0045606    0.040391  -0.0065699
-0.0071285    0.045566  -0.0065701
-0.0032638    0.043168   -0.023547
-0.0032249    0.043228   -0.025547
-0.0018255    0.042572   -0.025547
-0.045372  0.00036669    0.039171
-0.0014395    0.046073     0.00343
-0.0025963    -0.04645    0.068453
-0.004455   -0.048218    0.068453
-0.0015655   -0.048307    0.068453
-0.01744     0.04389     0.07503
-0.0014393    0.046248    0.008453
0.0044939    0.040434   0.0033081
0.0014467    0.044239    0.008453
0.0015605    0.045943    0.008453
-0.0015192    0.046211    0.008453
-0.0025957    0.044231    0.008453
-0.011414   -0.050387   -0.022806
-0.0085453   -0.050815   -0.025899
-0.014202   -0.050186   -0.018678
-0.0018514   -0.044587   -0.005025
-0.0071967   -0.044858  -0.0058201
0.0015605     0.04589    0.006453
-0.0014395    0.046152    0.006453
-0.0014395    0.046205    0.008453
-0.0374   -0.030094    0.024603
-0.0018114   -0.047187    0.038453
0.0010601   -0.047187    0.036453
-0.0018114   -0.047187    0.036453
0.0045254   -0.044648    0.003392
0.006328   -0.044109   0.0021971
0.0015605    0.045889    0.006453
0.0014467    0.044239    0.006453
-0.0015224    0.046158    0.006453
0.0010608    0.042642   -0.025547
-0.0025956    0.044231    0.006453
-0.0025957   -0.047687    0.008453
-0.0044606   -0.049484    0.008453
-0.0016139   -0.049606    0.008453
-0.0071891   -0.044374  -0.0051841
-0.0073247   -0.043514  -0.0053351
-0.0093267   -0.044981  -0.0055381
-0.0014949   -0.044454   -0.005105
-0.0014395    0.044891     0.00343
-0.0079103    0.040471   0.0034299
-0.0014395    0.046067     0.00343
-0.0073295    0.045916   0.0034299
-0.0014393    0.045743    -0.00657
-0.0014393    0.044891    -0.00657
0.0045605    0.044891     0.00343
-0.0014393     0.04574    -0.00657
0.0045606    0.044891  -0.0065699
0.0066815    0.044891  -0.0056909
0.0075606    0.044891  -0.0035699
-0.015441     0.04389    0.078493
-0.0099776     0.04389    0.077031
-0.011439     0.04389    0.078493
-0.030111    0.039608     0.01025
-0.038195    0.032013     0.02618
-0.0014392    0.045155   -0.020478
0.0015598    0.045062    0.066453
-0.018795    0.043453   -0.010335
-0.0014486    0.045556   -0.015447
-0.0014393    0.045595   -0.010454
-0.047697    0.010135    0.039422
-0.0093771    0.040678  -0.0055711
-0.0072185    0.039786  -0.0060691
-0.0071966     0.03989  -0.0055701
0.0010598    0.044562    0.068453
-0.0018117    0.044562    0.066453
0.0010598    0.044562    0.066453
-0.0089994   -0.045287  -0.0049191
-0.016903   -0.043109    0.073029
-0.0044386    0.044786   -0.023546
-0.001438    0.044899    -0.02355
-0.0014392    0.045393   -0.015444
-0.010995   -0.047346    0.078953
0.0074382   -0.044653  0.00036308
0.0070606   -0.044109  0.00043008
0.006682   -0.044609   0.0025511
-0.0087928     0.04417   -0.025736
-0.016049    0.043908   -0.015337
-0.014585    0.043925    0.071107
-0.0014392      0.0469   -0.023181
-0.00019686     0.03989     0.00243
-0.016247    0.043858    0.078094
-0.012313     0.04392    0.078969
-0.0014391     0.04607   -0.030807
0.001447    0.042756   -0.023547
0.0015608    0.044596   -0.023547
-0.001609     0.04487   -0.023547
-0.0025953    0.042748   -0.023547
-0.0091307   -0.045189  -0.0064461
-0.0096435    -0.04449  -0.0062991
-0.0071958   -0.044098  -0.0061021
-0.007197   -0.044065   0.0024099
-0.0018511   -0.044581    0.001873
0.0015607    0.044406   -0.025547
-0.0014391    0.044669   -0.025547
-0.0014392    0.044861   -0.023547
-0.0014391    0.044059   -0.030869
-0.0081536     -0.0448   0.0019299
-0.0090647   -0.045366   0.0025759
-0.004439    0.044605   -0.025547
-0.0014406    0.044047   -0.030873
-0.0014399    0.044671   -0.025548
-0.01344     0.04389     0.07103
0.0015608    0.044405   -0.025547
0.001447    0.042756   -0.025547
-0.0016175    0.044679   -0.025547
-0.002596   -0.047293    0.036453
-0.001585   -0.049222    0.036453
-0.0044642   -0.049106    0.036453
-0.0025953    0.042748   -0.025547
-0.018181   -0.046603   -0.010463
-0.011439   -0.043109    0.078493
-0.015441   -0.043109    0.078493
-0.0032645    0.045168    0.038453
-0.0018262    0.044573    0.036453
-0.0018114    0.044643    0.038453
-0.0089645    0.041123   0.0019299
-0.0074536    0.045899   0.0019299
0.0015605    0.044625    0.006453
-0.0044673    0.046063    0.006453
-0.0024388    0.047472   -0.015533
-0.0014392    0.047391   -0.015528
-0.0014393    0.046114   -0.030812
-0.0024389    0.046135   -0.030308
-0.0072184    0.039787   0.0024299
-0.0093771    0.040678   0.0029299
-0.016903     0.04389    0.077031
-0.0032648    0.045088    0.068453
-0.0032259    0.045148    0.066453
-0.0018265    0.044493    0.066453
-0.0073247   -0.043514   0.0031649
-0.0024393    0.047594   -0.010531
-0.0014393    0.047593   -0.010531
-0.0014392    0.047392   -0.015528
-0.0024392    0.047391   -0.015528
-0.0032249    0.043228   -0.023547
-0.0044391    0.044442   -0.023547
-0.0018117    0.044562    0.068453
-0.0024391    0.048031      0.1094
-0.0014406    0.047434     0.10939
-0.0014416     0.04819   -0.010542
-0.0024393    0.047593   -0.010531
-0.0018117   -0.046345    0.068453
0.0010598   -0.046345    0.068453
0.0010598   -0.046345    0.066453
0.0046946   -0.044609   0.0037281
0.0078582   -0.049109  0.00056407
0.0075606   -0.044609  0.00043008
-0.016136   -0.050407     -0.0141
-0.018619   -0.048403   -0.011111
-0.016561   -0.049117   -0.014576
-0.0018266   -0.046275    0.068453
-0.0032648   -0.046871    0.066453
-0.0044395   -0.049153    0.036453
-0.0044365   -0.049097    0.038449
-0.0071966   -0.044109  -0.0055701
-0.0024406   -0.048415     0.10937
-0.0014406   -0.048387     0.10937
-0.0014409   -0.046509     0.13892
-0.0014398   -0.049204    0.038158
-0.00144   -0.050903    0.049468
-0.0014395    0.046156    0.006453
-0.0044394    0.046118    0.006453
-0.0014406    0.046109    0.003431
-0.0044394    0.045925    0.006453
-0.010466    0.046267    0.072053
-0.0091089   -0.043118    0.074934
-0.010317    -0.04768    0.071931
-0.0014393   -0.049641    -0.00657
-0.0014392    -0.05162   -0.018427
-0.0024399   -0.052079   -0.010561
-0.0014393   -0.051631   -0.010567
-0.0014404   -0.048834     0.10939
0.0015598   -0.048037    0.068453
0.0045605   -0.049109     0.00343
-0.0014395   -0.049627     0.00343
0.0075605    0.044891  0.00043008
0.0070606   -0.044109  -0.0035699
0.0010601    0.044643    0.038453
-0.0018114    0.044643    0.036453
0.0010601    0.044643    0.036453
-0.0089645    0.041123   0.0034299
-0.013206    0.045364   0.0034299
-0.0071343     -0.0442   0.0026199
-0.0071959    0.039879   0.0029619
-0.0072108    0.040327   0.0035799
-0.0091366    0.040961   0.0033169
-0.0024406   -0.048387     0.10937
-0.0024393   -0.051631   -0.010567
-0.0014392    -0.05161   -0.015564
-0.0032253   -0.048167    0.008453
-0.0032252   -0.048167    0.006453
-0.0044394   -0.049381    0.006453
-0.0014392   -0.049593     -0.0179
-0.0018515    0.040368    0.001885
-0.0071968    0.040639   0.0026799
-0.017866    0.043899    0.074906
-0.0093762   -0.044899   0.0024289
-0.0072195   -0.044004   0.0029309
-0.0024392    -0.05161   -0.015564
-0.0014391   -0.049209   -0.028225
-0.0014391   -0.051014   -0.030705
-0.0024391   -0.051044   -0.030291
-0.0014817   -0.051009   -0.030747
-0.0014396   -0.051709   -0.015567
-0.0071967     0.03989   0.0024299
-0.0044391    0.044442   -0.025547
-0.0024389    -0.05167   -0.015566
0.0075606    0.040391  -0.0035699
-0.0071967     0.03989   0.0029299
-0.019462   -0.048074  -0.0096322
-0.028039    -0.04465   0.0059707
-0.0032256    0.045228    0.036453
-0.0044398    0.046443    0.038453
-0.0044398    0.046443    0.036453
0.0075606   -0.049109  0.00043008
-0.0044697    0.046509    0.066453
-0.0072132   -0.044536  -0.0067431
0.0015608   -0.049068   -0.025547
-0.0014392   -0.049423   -0.023547
-0.0014391    -0.04933   -0.025547
-0.009327    0.040761   0.0023979
-0.0090045    0.041059   0.0017569
-0.0071872    0.040165   0.0020539
0.001447   -0.047417   -0.025547
0.0015608   -0.049067   -0.025547
-0.0016753   -0.049343   -0.025547
-0.0025953   -0.047409   -0.025547
-0.013713    0.045114   0.0021978
-0.013489    0.044957  -0.0058232
-0.01322     0.04495  -0.0051461
0.0046947     0.04039  -0.0068679
0.0078583     0.04489  -0.0037039
0.001447   -0.047417   -0.023547
-0.0016704   -0.049434   -0.023547
-0.002596   -0.047293    0.038453
-0.0044581   -0.049076    0.038453
-0.0015834    -0.04918    0.038453
-0.0025953   -0.047409   -0.023547
-0.010869   -0.048721   -0.010536
-0.0014393   -0.049632   -0.010561
-0.0014734   -0.049943    -0.01555
-0.0071967   -0.044109   0.0029299
-0.0014461   -0.049766   -0.006571
-0.0014393   -0.049631   -0.010561
-0.0014393   -0.049109    -0.00657
-0.0014393   -0.049638    -0.00657
-0.0014395   -0.049109     0.00343
-0.0014395   -0.049623     0.00343
0.0045605   -0.044609     0.00343
0.0066814   -0.049109   0.0025511
-0.0014395   -0.049614    0.006453
-0.0032249   -0.047889   -0.023547
-0.0018255   -0.047234   -0.023547
-0.0032638   -0.047829   -0.025547
-0.0090386   -0.047699     0.07503
0.0014467   -0.047695    0.006453
0.0015605   -0.049345    0.006453
-0.0016165   -0.049618    0.006453
-0.0025956   -0.047687    0.006453
-0.0014395   -0.049596    0.008453
-0.0014395   -0.049608    0.006453
-0.0044407   -0.049531    0.008453
-0.0014403   -0.049617    0.008453
-0.015781    0.046572   -0.015869
-0.015919    0.045893   -0.015986
-0.016723    0.045785   -0.014565
0.0014467   -0.047695    0.008453
-0.0018107   -0.047303   -0.025547
-0.0044658     0.04649    0.068453
-0.0014398   -0.049213    0.036453
0.004494   -0.044653  -0.0064479
-0.0032256   -0.047773    0.038453
-0.0018262   -0.047117    0.038453
-0.0032644   -0.047713    0.036453
0.0014464   -0.047301    0.036453
0.0015601   -0.048909    0.038453
-0.0014398   -0.049171    0.038453
-0.0014398   -0.049214    0.036453
-0.0074135    0.045865   0.0019299
0.0014463   -0.047301    0.038453
-0.0087902    0.041297   0.0026879
-0.01372    0.045349   0.0028848
-0.0018107   -0.047303   -0.023547
0.0010608   -0.047303   -0.025547
0.0045255    0.040429   -0.006532
-0.0014401   -0.048371    0.066453
-0.0014388   -0.049223    0.038455
-0.016493   -0.046631     0.07199
-0.0044401    0.046362    0.068453
-0.0044401    0.046362    0.066453
-0.0019043    0.040399    -0.00507
-0.0072181    0.045662  -0.0050701
-0.0079153    0.040473  -0.0050701
0.001446   -0.046458    0.066453
-0.0015665   -0.048379    0.066453
-0.0025963    -0.04645    0.066453
-0.0014402   -0.048299    0.068453
-0.0089644    0.041123  -0.0050701
0.0015598   -0.048037    0.068453
0.001446   -0.046458    0.068453
0.0015598    0.045062    0.068453
0.0010608   -0.047303   -0.023547
-0.0044401    0.046568    0.066453
-0.0044621   -0.049492    0.006453
-0.0018117   -0.046345    0.066453
-0.018582   -0.046163  -0.0095702
-0.0024391    0.046921    -0.02293
-0.0024391    0.047076   -0.029873
-0.0024391    0.046149   -0.030312
-0.0018259   -0.047511    0.008453
-0.0032641   -0.048107    0.006453
-0.001628    0.044056    -0.03078
-0.0073512    0.044218   -0.027252
-0.0024133    0.046202   -0.030259
-0.0014976    0.046074   -0.030783
-0.010505    0.046178   -0.023999
-0.0022513    0.046773   -0.029566
-0.0024391    0.046274     -0.0303
-0.0091532    0.046367   -0.025622
-0.01439    0.046407   -0.018758
0.0075606   -0.044609  -0.0035699
-0.018226    0.046643   -0.010589
-0.016764    0.045805   -0.014589
-0.018759    0.045479   -0.010994
-0.007055    0.047364   -0.026166
-0.013711    0.047101   -0.018324
-0.0024531    0.048601   -0.015571
-0.0024386    0.047317   -0.029298
-0.0093522   -0.044954   0.0029519
-0.012703   -0.048489   0.0029049
-0.0089645   -0.045342   0.0034299
-0.0044395   -0.049381    0.008453
-0.0024392   -0.051614   -0.018393
-0.0024392   -0.052608   -0.017981
-0.018146   -0.049813    -0.01057
-0.0024393   -0.052622    -0.01057
-0.016599    0.046468   -0.014446
-0.0071969    0.039846  -0.0055501
-0.001851    0.040362   -0.005013
-0.0071967   -0.044109   0.0024299
-0.048144   0.0003972    0.040061
-0.0044391   -0.049103   -0.025547
-0.0044391   -0.049103   -0.023547
-0.018163   -0.049837   -0.010573
-0.0024547   -0.052772   -0.015561
-0.0032259    0.045148    0.068453
-0.018758    0.045479   -0.010993
-0.0081957   -0.051877   -0.025052
-0.002585   -0.052183   -0.029123
-0.0024392   -0.052601    -0.01557
-0.013424    0.044876  -0.0060702
-0.015248   -0.050792    -0.01556
-0.0024391   -0.051939   -0.029848
-0.0044752    0.046102    0.008453
-0.0024612   -0.051736    -0.03006
-0.0024391    -0.05211   -0.029228
-0.0024391   -0.051051   -0.030299
-0.013649   -0.050974   -0.018264
-0.0071966   -0.044609  -0.0050701
-0.009542   -0.050718   -0.025029
-0.0089034    -0.04874   -0.025457
-0.0023694   -0.051108   -0.030194
0.0015605    0.044625    0.008453
-0.001513   -0.051077   -0.030622
-0.01344   -0.043109     0.07103
-0.015926    0.046598   -0.015561
-0.016041    0.045934   -0.016051
-0.015287     0.04697   -0.015568
-0.013761    0.047184    -0.01835
-0.016112    0.046873   -0.014135
-0.013665   -0.050976   -0.018245
-0.0071871    0.040165  -0.0064461
-0.0073189    0.039308  -0.0062991
-0.0093269    0.040761  -0.0061021
-0.015188   -0.050581   -0.015566
-0.0096482    0.040258   0.0031649
-0.015194   -0.050574   -0.015567
-0.0019043   -0.044618    -0.00507
-0.0071342    0.039981  -0.0057601
-0.0071966    0.040391  -0.0050701
-0.0090646    0.041147  -0.0057161
-0.0087909   -0.045516  -0.0058321
-0.01263   -0.048423  -0.0060402
-0.014379    0.046079   -0.018749
-0.018106   -0.049631    -0.01057
-0.008153    0.040581  -0.0050701
-0.0044614    0.044551   -0.025547
-0.0044391     0.04479   -0.023547
-0.0044391    0.044558   -0.025553
-0.0054107    0.044196   -0.028545
-0.00449    0.044689   -0.023547
-0.016004    0.043694   -0.015331
0.0075605    0.040391  0.00043008
-0.014256    0.043863   -0.018693
-0.016711    0.045786   -0.014559
-0.014222    0.043867   -0.018745
-0.016424     0.04364   -0.014563
-0.01344   -0.043109     0.07903
-0.013406    0.046068    0.070839
-0.014388    0.046075   -0.018754
-0.014369    0.046067   -0.018743
-0.014218     0.04386   -0.018743
-0.0044654   -0.048269    0.066453
-0.0067221   -0.049392   0.0019299
-0.010702    0.043865    0.071922
-0.013192    0.045027  -0.0065061
-0.0014538    0.045992   -0.010469
-0.0032256    0.045228    0.038453
-0.0014421    0.045828   -0.006568
-0.019567    0.045343  -0.0095652
-0.016432    0.043642   -0.014567
-0.019177    0.043199  -0.0095682
-0.036197   -0.037175    0.019867
-0.0093181   -0.044988   0.0024299
-0.0079104    0.040471   0.0019299
-0.016738    0.045792   -0.014573
-0.0071966     0.03989  -0.0060701
-0.007319    0.039308   0.0022009
-0.0014583   -0.049846   -0.015564
-0.0044391   -0.049328   -0.023547
-0.004439   -0.049234   -0.025547
-0.0014402   -0.049433   -0.023547
-0.0044721   -0.049263   -0.023547
-0.0014419   -0.048988   -0.030834
-0.0014398   -0.049332   -0.025546
-0.012692   -0.048362  -0.0055701
-0.0078296   -0.048822   -0.026332
-0.0044398   -0.048987    0.036453
-0.0044398   -0.048987    0.038453
-0.0044583   -0.049196   -0.025547
-0.0015483   -0.049003    -0.03078
-0.010879   -0.048406   -0.022952
-0.0019044    0.040399     0.00193
-0.0032256   -0.047773    0.036453
-0.015394   -0.047324    -0.01548
-0.013893   -0.047713   -0.018474
-0.013712   -0.047798   -0.018743
-0.01344     0.04389     0.07903
-0.014206   -0.049809   -0.018742
-0.016519   -0.049109   -0.014554
-0.015882   -0.047169   -0.014561
-0.013718   -0.047805   -0.018744
-0.014211   -0.049819   -0.018742
0.0010601   -0.047187    0.038453
-0.015392   -0.047323   -0.015479
0.0015608   -0.047803   -0.025547
-0.002318   -0.044988    -0.00507
-0.012567   -0.048385  -0.0064471
-0.0032249   -0.047889   -0.025547
-0.018091   -0.046375   -0.010468
-0.0093523    0.040735  -0.0060921
-0.019353    -0.04807  -0.0095612
-0.018578   -0.046168  -0.0095662
-0.015897   -0.047171   -0.014568
-0.016543   -0.049115   -0.014566
-0.0090044    0.041059  -0.0067431
-0.027739   -0.044741   0.0056067
-0.018988   -0.049301  -0.0090712
-0.018987   -0.049303  -0.0090702
-0.041771   -0.028805    0.029313
-0.0093181    0.040769   0.0029299
-0.0014387  0.00039059    -0.06457
-0.02548   -0.023651    -0.06457
-0.032851   -0.012621    -0.06457
-0.035439  0.00039059    -0.06457
-0.032851    0.013402    -0.06457
-0.02548    0.024432    -0.06457
-0.01445    0.031802    -0.06457
-0.0014387     0.03439    -0.06457
0.011572    0.031802    -0.06457
0.022603    0.024432    -0.06457
0.029973    0.013402    -0.06457
0.032561  0.00039059    -0.06457
0.029973   -0.012621    -0.06457
0.022603   -0.023651    -0.06457
0.011572   -0.031021    -0.06457
-0.0014387   -0.033609    -0.06457
-0.01445   -0.031021    -0.06457
-0.023713    0.038891   -0.042296
-0.0014387    0.038891    -0.06457
-0.030541    0.038891   -0.052516
-0.032939    0.038891    -0.06457
-0.030541    0.038891   -0.076624
-0.023712    0.038891   -0.086844
-0.013493    0.038891   -0.093672
-0.0014384    0.038891    -0.09607
0.010616    0.038891   -0.093672
0.020835    0.038891   -0.086844
0.027664    0.038891   -0.076624
0.030061    0.038891    -0.06457
0.027663    0.038891   -0.052516
0.020835    0.038891   -0.042296
0.010615    0.038891   -0.035468
-0.001439    0.038891    -0.03307
-0.013494    0.038891   -0.035468
-0.0014387   -0.038109    -0.06457
-0.023713   -0.038109   -0.042296
-0.030541   -0.038109   -0.052515
-0.032939   -0.038109    -0.06457
-0.030541   -0.038109   -0.076624
-0.023712   -0.038109   -0.086844
-0.013493   -0.038109   -0.093672
-0.0014384   -0.038109    -0.09607
0.010616   -0.038109   -0.093672
0.020835   -0.038109   -0.086844
0.027664   -0.038109   -0.076625
0.030061   -0.038109    -0.06457
0.027663   -0.038109   -0.052516
0.020835   -0.038109   -0.042296
0.010616   -0.038109   -0.035468
-0.001439   -0.038109    -0.03307
-0.013494   -0.038109   -0.035468
0.00073303   -0.046609     -0.0144
0.0063883   -0.046609     -0.0144
0.0035608   -0.046609   -0.015571
0.05936   -0.020415     0.10943
0.058571    -0.02714    0.060452
0.059503   -0.025378    0.063122
0.063207   0.0011788   -0.015572
0.062738  0.00073087   -0.019355
0.061583  0.00039121    -0.02957
0.060629     0.01451    0.010431
0.063882    0.017451     0.04405
0.063585     0.01451    0.010431
0.013387   -0.043109     0.07786
0.0077321   -0.043109     0.07786
0.01056   -0.043109    0.079031
0.05987  0.00097481   -0.019115
0.062885  -0.0001942   -0.019115
0.062899  0.00094161   -0.019081
0.062862  0.00039059   -0.019508
0.0068275    0.045518  -0.0088009
-0.0014388    0.045734   -0.006567
0.0053565    0.045609  -0.0076739
0.056041    0.030047    0.056074
0.056486    0.029502    0.049839
0.059579    0.030047    0.056071
0.061546  0.00095869    0.010431
0.061522    0.003293   0.0084307
0.06154  0.00078356   0.0084307
0.060973  -0.0092588    -0.02967
0.062766 -5.2901e-05   -0.019262
0.05629    0.028062    0.010431
0.059582    0.029858    0.030965
0.059555    0.028062    0.010431
0.019934   -0.045672     0.13899
-0.0014409   -0.047528     0.13883
-0.0014406   -0.049386     0.10943
0.061625   0.0003908   -0.029575
-0.0014393    0.045191    -0.00657
0.014398    0.045191  -0.0065698
0.060651    0.011372   -0.029726
0.062289   0.0098693   -0.019657
0.058543  0.00039044   -0.029569
0.061579  0.00039059   -0.029569
0.060202     0.01702    0.010431
0.06066    0.014336   0.0084307
0.062559   0.0073639   -0.019618
0.062709   0.0053576   -0.019592
0.061331   0.0078102   0.0084307
0.064204   0.0078103   0.0084307
0.061459   0.0053008   0.0084307
0.06282   0.0028505   -0.019575
0.063199   0.0032009   -0.015575
0.012099   -0.043131    0.078755
0.012189   -0.047269    0.079497
0.058002  -0.0085627   -0.029663
0.059689    0.020882    -0.01999
0.057729    0.021077   -0.030198
0.055069     0.01952   -0.030175
0.060366    0.018884   -0.019908
-0.0014395    0.045191     0.00343
0.0087361    0.045883   0.0034301
0.061073     0.01638   -0.019825
0.061934     0.01495   -0.015578
0.051381   -0.031475    0.010431
0.051787   -0.031475   0.0084306
0.05185   -0.031475    0.010431
0.062395    0.012237   -0.015575
0.062006    0.011875   -0.019699
0.057703    0.010568   -0.029718
0.056214    0.027886   -0.020321
0.053174    0.028621   -0.030868
0.050941    0.026477   -0.030841
0.058444    0.024936     0.02634
0.057822    0.026998    0.049903
0.061495     0.02622    0.041016
0.057676    0.025382   -0.020194
0.058175    0.025772   -0.015569
0.058657    0.023389   -0.020095
0.060071  0.00044177     0.10924
0.060726    0.015291    0.070989
0.060987    0.013343    0.071667
0.04503    0.039605   -0.015573
0.043358    0.037622   -0.032145
0.044731    0.032494   -0.031709
0.046492    0.035034   -0.031718
0.056783    0.028292   -0.015575
0.059783    0.018228     0.12287
0.061386  0.00039059     0.13075
0.063078  0.00038865     0.10944
0.039559    0.039203   -0.032443
0.056716    0.017922     0.12302
0.058356  0.00038969     0.13075
0.061367  0.00039059     0.13075
0.038168    0.036455   -0.032447
0.033249    0.041799   -0.032963
0.025889    0.046251   -0.015573
0.023837    0.044452   -0.033512
0.032128    0.038941   -0.032971
0.02719    0.043587   -0.033338
0.052552   -0.030976    0.023981
0.055562   -0.032109    0.036938
0.056302   -0.030969    0.023912
0.026258    0.040671   -0.033347
0.019699    0.045146   -0.033644
-0.0014395     0.04843   -0.015574
0.011865    0.046201   -0.033774
0.059339    0.022004    0.067252
0.062461    0.021989    0.067232
0.063017    0.019633    0.068883
0.019081     0.04216   -0.033648
0.061527  0.00095858    0.010431
0.065066   0.0040086    0.045294
0.064497  0.00095855    0.010431
0.011576    0.046122   -0.033743
0.061982   0.0065192    0.045306
0.064464   0.0034681    0.010431
0.064987   0.0065078    0.045175
0.0048364    0.046665   -0.032974
0.011299    0.043096   -0.033743
-0.0016306    0.047128   -0.031339
-0.0014391    0.047083   -0.030775
0.06452  -0.0081427    0.072767
0.064186   -0.010103    0.072359
0.051886    -0.03181    0.044819
0.052596   -0.030856    0.050963
0.056376   -0.030867    0.050965
0.039624    0.039308     0.10918
0.045623    0.039677    0.049586
0.050673     0.03164     0.10913
-0.0015466    0.044079   -0.031187
-0.0014391    0.044045    -0.03087
-0.0014392    0.047903   -0.023187
-0.0014392    0.045167   -0.020174
-0.0014393    0.048505   -0.013228
0.003558    0.048515   -0.011851
-0.0014392     0.04839    -0.01557
-0.0014393    0.048593    -0.01057
0.061536  0.00078358   0.0084307
0.064433   0.0033082   0.0084307
0.064427  0.00078358   0.0084307
0.060486   -0.011721    0.010431
0.063566   -0.011717    0.010431
0.060883  -0.0092112    0.010431
0.030158    0.045737    -0.01057
0.046722    0.039256   -0.010569
0.056769    0.028296   -0.015573
0.051683   -0.032109    0.036938
0.051678   -0.032109    0.038431
0.055559   -0.032109    0.038431
0.052558     0.02788   -0.020324
0.056227     0.02788   -0.020325
0.05703    0.028531    -0.01289
0.057207    0.028731    -0.01057
0.056355   -0.030788    0.050857
0.057463   -0.029321    0.056259
0.038419   -0.039523     0.13923
0.048952   -0.035228     0.10943
0.053079   -0.027009     0.13836
0.053509    0.028632   -0.011732
0.055744   -0.031817    0.044759
0.063934  -0.0090423   0.0084307
0.063129   -0.013554   0.0084307
0.063493   -0.011546   0.0084307
0.055967   -0.025097   0.0084306
0.057185   -0.022588   0.0084306
0.060536   -0.022599   0.0084307
0.054231    0.025385   -0.020195
0.056238    0.027878   -0.020323
0.05254     0.02788   -0.020325
0.053152   -0.029609   0.0084306
0.054855   -0.027105   0.0084306
0.058359   -0.027103   0.0084306
0.05422    0.025382   -0.020193
0.058342    0.025906   -0.014214
0.059333   -0.013673     0.13553
0.0035478    0.045667   -0.007275
0.0017402     0.04568   -0.007678
0.056379   -0.025442    0.041046
0.057175   -0.022763    0.010431
0.060438   -0.022763    0.010431
0.020873   -0.047136    0.049551
0.010816   -0.048972  -0.0062839
0.010739   -0.049088   0.0031951
0.058613     0.02623   -0.010569
0.059143    0.023787   -0.015572
0.058208    0.025788   -0.015575
0.017835    0.045179  -0.0064788
0.059169    0.023038    0.027591
0.057991    0.026113    0.063118
0.055131    0.026139   -0.011543
0.059154    0.023776   -0.015575
0.059551    0.024212    -0.01057
0.057153    0.027921    0.060452
0.056027    0.030082     0.05609
0.060483    0.027974     0.06048
0.05916   -0.019132    0.043505
0.057976   -0.021208    0.067232
0.061212   -0.021208    0.067232
0.055067    -0.02714    0.060452
0.059769    -0.02543    0.040913
0.062084    0.021537    0.010431
0.062189     0.02431    0.042128
0.056183    0.024131   -0.011546
0.055318    0.023383   -0.020098
0.05929      0.0239   -0.014188
0.058656    0.023383   -0.020098
0.060541    0.028091     0.03371
0.061479     0.01175    0.030512
0.061391    0.013425    0.049666
0.064511    0.012992    0.044711
0.056458    0.020885   -0.019989
0.059682    0.020883   -0.019989
0.058674    0.023382   -0.020096
0.055304    0.023383   -0.020098
0.061712   0.0089216    0.072753
0.060651   0.0036481   -0.010407
0.060653   0.0016434   -0.010408
0.056451    0.020883   -0.019989
0.060277    0.021392   -0.014167
0.060147    0.021273   -0.015573
0.057099   -0.022747    0.010431
0.054814    -0.02728    0.010431
0.055968   -0.025274    0.010431
0.058841   -0.018842    0.068868
0.063052   -0.016662    0.043952
0.06201   -0.018842    0.068868
0.0065597     0.04389     0.07503
0.0075804    0.046269    0.078002
0.0063433    0.046364     0.07503
0.051381   -0.031475   0.0084306
0.060525    0.021711   -0.010569
0.060796    0.019267   -0.015572
0.060149     0.02127   -0.015574
0.061753   0.0064529    0.073119
0.061609   0.0044499    0.073285
0.05846    0.023369   0.0084307
0.060435    0.025879   0.0084307
0.061404    0.023369   0.0084307
0.057262    0.021621   -0.011553
0.060805     0.01926   -0.015574
0.061676  -0.0011701    0.073409
0.062018  0.00039059    0.055571
0.065018  0.00039059    0.055571
0.061174    0.019696    -0.01057
0.060913    -0.01011    0.072331
0.064688  -0.0077121    0.044922
0.06395    -0.01011    0.072331
0.022276    0.043953     0.10927
0.014744    0.045998     0.07503
0.013539     0.04631    0.072061
0.06153 -2.4006e-06   0.0084307
0.061382   9.173e-05   0.0073547
0.064388  9.1737e-05   0.0073547
0.06274    0.022349    0.048433
0.063284    0.019937    0.044116
0.010815   -0.049109   0.0031281
0.010808   -0.049109  -0.0062699
-0.0014393   -0.049109    -0.00627
0.057218    0.018882   -0.019909
0.060366    0.018882   -0.019911
0.060934    0.019386   -0.014156
0.057634   -0.029095    0.031171
0.06213    0.021529    0.010431
0.059093    0.021536    0.010431
0.062734    0.019027    0.010431
0.057964    0.016381   -0.019825
0.060379    0.018882    -0.01991
0.057185    0.018882   -0.019911
0.061484    0.016752   -0.015574
0.05798     0.01638   -0.019823
0.061611    0.016877    -0.01415
0.061457   0.0054768    0.010431
0.061295   0.0079853    0.010431
0.061332   0.0078106   0.0084307
0.060339    0.017711    0.069948
0.057335    0.027172    0.023216
0.061841    0.017192   -0.010569
0.061925    0.014748   -0.015572
0.061491    0.016752   -0.015574
0.061464   0.0053008   0.0084307
0.064366   0.0053007   0.0084297
0.061452   0.0054756     0.01043
0.035486   -0.037629     0.13921
0.060923    0.012327   0.0084307
0.063085    0.010795  -0.0090893
0.063793    0.012327   0.0084307
0.061508 -0.00017737    0.010431
0.062279    0.015179    -0.01057
0.061565  -0.0036693    0.073297
0.061647  -0.0011701     0.07341
0.064649  -0.0011701     0.07341
0.029431    -0.04553     0.10943
0.060485   -0.023074    0.065609
0.061533   -0.021383    0.046265
0.061669  -0.0077137    0.044941
0.064339  -0.0046945    0.010431
0.0077321     0.04389     0.07786
0.058474    0.014378   -0.019763
0.061536    0.014378   -0.019765
0.062055     0.01487   -0.014144
0.059938   -0.016667    0.044012
0.062135    0.021349   0.0084307
0.062681    0.018852   0.0084307
0.059805    0.018852   0.0084307
0.058457    0.014377   -0.019763
0.061999    0.011874   -0.019701
0.061546    0.014377   -0.019764
0.064708  -0.0056729    0.073111
0.058428   -0.021092    0.042962
0.058886   -0.018246    0.010431
0.062026   -0.018246    0.010431
0.051633   -0.032066    0.037535
0.039144   -0.041391    0.049564
0.058939    0.011874   -0.019701
0.061694  -0.0056732    0.073122
0.056584   -0.019297     0.10922
0.061559  -0.0036692    0.073294
0.058682    0.024994    0.049946
0.061967  0.00040457    0.027072
0.062717    0.012674   -0.010569
0.062654     0.01023   -0.015573
0.062383    0.012235   -0.015574
0.0074386   -0.047678    0.078131
0.006143   -0.047872     0.07503
0.058966    0.011874     -0.0197
0.062818    0.012813  -0.0089713
0.062023    0.011874     -0.0197
-0.0014393    0.044891    -0.00627
0.017913    0.044891  -0.0062698
0.021692    0.044891   0.0031302
0.062661    0.010226   -0.015574
0.057491    0.019591     0.10918
0.059352    0.021994    0.067266
0.059926    0.019623    0.068868
0.062994    0.010663    -0.01057
0.059744   -0.025468    0.041369
0.060643   -0.023558    0.042468
0.019072    0.045191   0.0034302
0.057183   -0.023074    0.065609
0.061647   -0.021084    0.042874
0.059271     0.00987   -0.019658
0.062311     0.00987   -0.019658
0.062326   -0.019125    0.043429
0.010552    0.046132    0.079226
0.01352    0.046007    0.077989
0.063042   -0.016704    0.044426
0.063156   -0.013729    0.010431
0.063537   -0.014706    0.044531
-0.0014458   -0.050003    0.003436
0.0074288   -0.047927    0.071908
0.059253   0.0098696   -0.019658
0.062297   0.0098696   -0.019658
0.057363    0.026052    0.010431
0.058396    0.023544    0.010431
0.061451    0.023544    0.010431
0.063071   0.0057089   -0.015573
0.062923   0.0077178   -0.015573
0.064524 -0.00027011   0.0084307
0.064382   -0.002512   0.0084307
0.061443  -0.0025119   0.0084307
0.059529   0.0073639   -0.019618
0.058016   -0.020756    0.010431
0.061691    0.011014    0.045052
0.064705    0.011002    0.044914
0.013387     0.04389    0.072201
0.0077322     0.04389    0.072201
0.01056     0.04389     0.07103
0.0602   -0.014488    0.071017
0.060842   -0.012568    0.071723
0.06088  -0.0092117    0.010431
0.063392   0.0061481   -0.010569
0.062918   0.0077179   -0.015573
0.063252   0.0081557    -0.01057
0.059554   0.0073641   -0.019616
0.063338   0.0082754  -0.0092003
0.062581   0.0073641   -0.019617
0.0035607     0.04229   -0.007569
0.0061742    0.045574  -0.0080269
0.0012596    0.045712   -0.007779
0.057184   -0.022453    0.010431
0.061401  -0.0047021    0.010427
0.06088  -0.0090597   0.0084727
0.064661   0.0019525     0.07342
0.065039  0.00038852    0.055557
0.0063883   -0.046609  -0.0087399
-0.0004393   -0.046609    -0.01157
0.00073297   -0.046609    -0.00874
0.063077   0.0057101   -0.015574
0.051677   -0.032109    0.038431
0.060186    0.005851   -0.013964
0.062731   0.0053585   -0.019593
0.063318   0.0060281   -0.011939
0.0063883     0.04229  -0.0087399
0.06154  0.00078358   0.0084307
0.061376  0.00068948   0.0073557
0.053146    -0.02979    0.010431
0.056776    -0.02979    0.010431
0.059686   0.0053585   -0.019594
0.05981   0.0028507   -0.019574
0.062715   0.0053582   -0.019593
0.061552  -0.0081452    0.072783
0.060677    0.017948    0.049722
0.063011    0.019623    0.068868
0.057362   -0.023522    0.042055
0.060666   -0.023513    0.041944
0.058006   -0.020756    0.010431
0.055128    0.031673    0.051364
0.064514  0.00039045    0.010431
0.064985  0.00038019    0.027052
0.064496 -0.00017737    0.010431
0.059803   0.0028505   -0.019575
0.060306   0.0033416   -0.013962
0.062842   0.0028505   -0.019574
0.056088   -0.025374     0.06312
0.056204   -0.025587    0.043073
0.062314   -0.019162    0.043835
0.063434   0.0035184   -0.011941
0.063557    0.001631   -0.010569
0.063178      0.0032   -0.015573
0.063519    0.003637    -0.01057
0.054379    0.032569    0.045051
0.059069   -0.018798    0.068986
0.063228   0.0011928   -0.015574
0.060028  0.00039059     0.10924
0.05991  0.00088876   -0.019051
0.062923  0.00088875   -0.019051
0.063478   0.0015112   -0.011935
-0.0014409   -0.044466     0.13908
-0.0014407   -0.046217      0.1127
-0.0014409   -0.047491     0.13883
0.035373    0.040696     0.11231
0.04926    0.032048     0.11628
0.05228     0.03336     0.11566
0.012371   -0.043123    0.071309
0.014914   -0.047159     0.07503
0.011484   -0.047684     0.07054
0.061207   -0.020756    0.010431
0.061464   0.0053007   0.0084307
0.064369   0.0053025   0.0084297
0.064384   0.0032918   0.0084317
0.063497    0.003639   -0.010568
0.061576    0.012705    0.041329
0.061703    0.010863    0.043327
0.063598   0.0016294   -0.010571
0.008919     -0.0493  -0.0065549
0.0068488   -0.049399  -0.0088869
0.0053765    -0.04948  -0.0077259
0.0035607   -0.046609   -0.007569
0.064428    0.003293   0.0084297
0.060631   0.0017311  -0.0094233
0.06112   -0.010112    0.072353
0.049736    -0.02649     0.13828
0.060212   0.0081214   -0.010961
0.010544    -0.04741    0.079406
0.061426  -0.0056598    0.073095
0.065026  -0.0032116    0.045112
0.064437  -0.0056598    0.073096
0.060388    0.018622    0.028751
0.063394    0.019913    0.043508
0.060113    0.020462    0.049773
0.060548    0.026043    0.010431
0.06408   0.0098197   0.0084297
0.064192   0.0078084   0.0084317
0.063233   0.0081557   -0.010568
0.032355    0.044169    0.049608
0.063443    0.006148   -0.010572
0.056242   -0.013599     0.13551
0.059484   -0.016239    0.010431
0.060095   -0.013729    0.010431
0.064235   0.0078102   0.0084297
0.060327    0.017715    0.069941
0.063381    0.017707    0.069925
0.06377    0.015296    0.071002
0.058848    -0.01885    0.068881
0.061218   -0.021223    0.067252
0.059653    0.012644   -0.010898
0.01456   -0.043109     0.07503
0.061863  -0.0057136    0.045027
0.06118  -0.0081376    0.072733
0.064203  -0.0081376    0.072733
0.061162   0.0099929    0.010431
0.063797    0.012324   0.0084307
0.062697    0.012672   -0.010568
0.063553    0.014337   0.0084297
0.0075768    0.046384    0.072048
0.010554    0.046299     0.07082
0.062983    0.010665   -0.010569
0.018357   -0.042888     0.13915
-0.0014409   -0.044467     0.13907
0.02013    0.045084   0.0034172
-0.0014366    0.046218    0.003431
0.061187  -0.0081399    0.072749
0.06421   -0.008139    0.072743
0.063158     0.01702    0.010431
0.059941    0.010634   -0.010929
0.046971   -0.032986     0.10921
0.059476   -0.016238    0.010431
0.058726    0.017168   -0.010817
0.058399  0.00038947     0.13075
0.059987  0.00039059     0.10924
0.060488   -0.012562    0.071667
0.060922   -0.010113     0.07234
0.063556   -0.012565    0.071681
0.062717    0.018852   0.0084297
0.063091    0.016834   0.0084307
0.061821    0.017189   -0.010568
0.062699    0.018852   0.0084297
0.05625    0.028988    0.021019
0.062268    0.015182   -0.010569
0.06354   -0.014682    0.044272
0.063533   -0.011721    0.010431
0.063137    0.016845   0.0084297
0.05919    0.015157   -0.010854
0.062063   0.0040257    0.045489
0.059085    0.021539    0.010431
0.059132    0.021362   0.0084307
0.059812    0.018854   0.0084307
0.062013    0.024329    0.043112
0.062093    0.021539    0.010431
0.059948    0.021418    0.037793
0.060508    0.019356    0.037041
-0.0014409   -0.047492     0.13884
0.061445    0.023369   0.0084287
0.061373    0.023354   0.0084317
0.061999    0.021336   0.0084337
0.060503    0.021705   -0.010567
0.061163      0.0197   -0.010569
0.061533   -0.020666   0.0084307
0.057101   -0.029987    0.010428
0.056301   -0.030449   0.0084306
0.062072    0.021362   0.0084297
0.058009    0.019683    -0.01076
0.06457   -0.003669    0.073293
0.06204  -0.0016187    0.049854
0.061558  -0.0036687    0.073285
0.064564  -0.0036687    0.073285
0.060491     0.02583   0.0084287
0.05954    0.024225   -0.010568
0.058602    0.026224   -0.010569
0.059567    0.027886   0.0084287
0.059432    0.027837   0.0084367
0.052594   -0.030827    0.051008
0.061119  -0.0072041    0.010431
0.064371   -0.010207    0.044758
0.064136  -0.0072041    0.010431
0.054028   -0.029106    0.031301
0.058282    -0.02728    0.010431
0.060492    0.025879   0.0084287
0.061215  -0.0057786   0.0084307
0.061067  -0.0070291   0.0084307
0.060655    0.014335   0.0084307
0.063098    0.016845   0.0084307
0.063529    0.014335   0.0084307
0.060992    0.013346     0.07168
0.064012    0.013343    0.071668
0.064263    0.010894    0.072341
0.034204     0.04684    0.049622
0.014434    0.049456    0.054279
0.057159    0.031819   0.0084306
0.057195    0.028734   -0.010569
0.057723    0.032773    0.037738
0.048495    0.041502    0.049607
0.060451   -0.011546   0.0084307
0.060833  -0.0090367   0.0084307
0.057445    0.025877   0.0084306
0.058169    0.030396   0.0084277
0.058169    0.030362   0.0084266
0.064567  -0.0036693    0.073295
0.028573   -0.042661     0.10923
0.061488  -0.0014406    0.010431
0.061493  -0.0012654   0.0084307
0.053837   -0.029344    0.056253
-0.00048244    0.048591    -0.01057
-0.00144    0.049707    0.049545
-0.0014393    0.048592    -0.01057
0.061398   0.0089188    0.072733
0.064427 -2.3932e-06   0.0084307
0.056063    -0.02536    0.063062
0.057182   -0.023096    0.065631
0.059467   -0.025383    0.063081
0.059883 -0.00016051   -0.019081
0.055847   -0.025307   0.0084166
0.05148   -0.031562   0.0084256
0.058206     0.03056    0.010431
0.054651    0.030566    0.010431
0.053719   -0.029266    0.056074
0.055042   -0.027206    0.060486
0.057348   -0.029292    0.056086
0.062822  -0.0020695   -0.019573
0.063217 -0.00041191   -0.015573
0.059553    0.022471    0.049796
0.061944    0.023855    0.065609
0.062917     0.02187    0.042923
0.0043383   -0.049528   -0.007302
0.064566  -0.0011833    0.073405
0.05991 -0.00010758   -0.019051
0.063651 -0.00097245  -0.0091653
0.062923 -0.00010757   -0.019051
0.060947    0.017017    0.039098
0.055225   -0.027318    0.033805
0.055966   -0.025278    0.010431
0.064338   0.0053007   0.0084307
0.06318  -0.0024195   -0.015573
0.063228 -0.00041159   -0.015574
0.063551 -0.00084967   -0.010569
0.063173  -0.0024194   -0.015573
0.063508  -0.0028574    -0.01057
0.060299  -0.0025594   -0.013973
0.062841  -0.0020694   -0.019574
0.063595  -0.0029811  -0.0091533
0.00073297     0.04229    -0.00874
0.060682  -0.0010264  -0.0085483
0.064377  -0.0025119   0.0084307
-0.0014395     0.04672    0.051816
0.059802  -0.0020694   -0.019575
0.06271   -0.004577   -0.019592
0.062819  -0.0020694   -0.019575
0.06271   -0.004577   -0.019595
0.057342    0.026054    0.010431
0.057424    0.025879   0.0084306
0.059689   -0.004577   -0.019593
0.060365    0.027888    0.060486
0.06119    0.026141    0.063062
0.061269    0.026566    0.045198
0.0077322   -0.043109    0.072201
0.063049  -0.0049292   -0.015573
-0.0014393    0.045201    0.003037
0.021647    0.044982   0.0031652
0.059682  -0.0045773   -0.019594
0.060163  -0.0050683    -0.01398
0.062726  -0.0045773   -0.019593
0.057176   -0.023568    0.043373
0.058014   -0.020759    0.010431
0.051849   -0.031475    0.010431
0.053154   -0.029796    0.010431
0.062554  -0.0065832   -0.019616
0.063452  -0.0054926  -0.0091313
-0.00043929     0.04229    -0.01157
0.061124  -0.0072047    0.010431
0.062893  -0.0069366   -0.015573
0.060375   -0.014736    0.045104
0.060088   -0.013729    0.010431
0.063061  -0.0049289   -0.015574
0.063358  -0.0053669   -0.010569
0.062887  -0.0069367   -0.015573
0.012371    0.043904    0.078752
0.011754    0.046082    0.079239
0.063193  -0.0073744    -0.01057
0.05999  -0.0070751   -0.013989
0.062573  -0.0065829   -0.019617
0.063275  -0.0075023  -0.0091083
-0.0014393    0.044959   -0.006502
0.061525 -2.3932e-06   0.0084307
0.064427 -2.3932e-06   0.0084307
0.063164    0.017021    0.010431
0.059522  -0.0065827   -0.019618
0.062284  -0.0090885   -0.019658
0.06255  -0.0065827   -0.019618
0.062276  -0.0090887   -0.019659
0.059244  -0.0090885   -0.019658
0.0626  -0.0094416   -0.015572
-0.0014532   -0.053165   -0.010565
0.0035514   -0.052565   -0.011848
0.01972    -0.05025    0.061301
0.013657   -0.047422    0.071937
0.01456     0.04389     0.07503
0.059235  -0.0090887   -0.019659
0.059686  -0.0095834   -0.014005
0.062299  -0.0090888   -0.019658
0.061337    -0.01021    0.044785
0.063548   -0.012562    0.071667
0.06199   -0.011093   -0.019699
0.062971   -0.010015  -0.0090693
0.060064    0.021339     0.10943
0.062311   -0.011454   -0.015573
0.059449    -0.01693    0.069946
0.062617  -0.0094464   -0.015574
0.062884  -0.0098842   -0.010569
0.062306   -0.011454   -0.015573
0.062578   -0.011891   -0.010569
0.059367    -0.01159   -0.014022
0.06201   -0.011093     -0.0197
0.062656   -0.012026  -0.0090323
0.059146    0.021361   0.0084307
-0.0014406    0.045393     0.11029
0.01005    0.045093     0.11042
0.03747    0.043239     0.11121
0.0075607   -0.046609    -0.01157
0.0080671    -0.04932   -0.011542
0.058932   -0.011093   -0.019701
0.061539   -0.013596   -0.019763
0.061987   -0.011093   -0.019701
0.059108   -0.018095   -0.029973
0.061538   -0.013597   -0.019766
0.062554    0.021174    0.010427
0.064554   0.0030788    0.010432
0.06414    0.010864   0.0084307
0.05846   -0.013596   -0.019764
-0.0014391   -0.049672    -0.00657
0.0035474   -0.049555   -0.007312
0.05845   -0.013597   -0.019765
0.061936   -0.014086   -0.014167
0.061529   -0.013597   -0.019765
0.061838   -0.013964   -0.015573
0.058865   -0.014097    -0.01405
0.061083  -0.0070807   0.0090287
0.061086     -0.0156   -0.019823
0.0086535   -0.049287   0.0034111
0.061383   -0.015971   -0.015573
0.056804   -0.029706   0.0094196
0.061852   -0.013964   -0.015574
0.062084   -0.014402   -0.010569
0.06138   -0.015972   -0.015573
0.065041  -0.0016192     0.04986
0.061922  0.00039059    0.026887
0.061611   -0.016408   -0.010569
0.063088    0.019574    0.068947
0.064128    0.015497    0.044805
0.058371   -0.016102   -0.014077
0.061081   -0.015599   -0.019825
0.061471   -0.016092   -0.014191
0.057975   -0.015599   -0.019825
0.060418   -0.018101   -0.019909
0.060407   -0.018101   -0.019911
0.059363   -0.025267    0.010431
0.05727     -0.0181    -0.01991
0.060686   -0.018471   -0.015572
0.057258   -0.018101   -0.019911
0.060775   -0.018598   -0.014227
0.021677    0.043949      0.1109
-0.0014394    0.044891     0.00313
0.057629   -0.018608   -0.014117
0.061242   -0.020751    0.010431
0.059773   -0.020103   -0.019987
0.064382  0.00014192   0.0071987
0.064378  0.00039059   0.0070807
0.064428  0.00039059   0.0084307
0.0065597   -0.043109     0.07503
0.061879  0.00039093    0.027043
0.061426  0.00013494   0.0072047
0.060044   -0.020487   -0.015573
0.061331  -0.0046945    0.010431
0.060706   -0.018482   -0.015574
0.060897    -0.01892   -0.010569
0.060043    -0.02049   -0.015573
0.012099    0.043912    0.071308
0.013527    0.046131    0.072064
0.060225   -0.020924   -0.010569
-0.0014407    -0.04924     0.11242
0.056922   -0.020612   -0.014156
0.059769   -0.020102   -0.019989
0.060117   -0.020603   -0.014261
0.056575   -0.020102   -0.019989
0.058849   -0.022601   -0.020096
0.05575    -0.02636   -0.030489
0.058848   -0.022603     -0.0201
0.062583   -0.016932    0.069948
0.061965   -0.018832    0.068881
0.055584   -0.022601   -0.020097
-0.0014395    0.044959    0.003362
0.055568   -0.022602   -0.020098
0.059154   -0.023108   -0.014311
0.058835   -0.022602   -0.020098
0.059089      -0.023   -0.015573
0.05588   -0.023116   -0.014224
0.056171    0.030106     0.05631
0.057972   -0.024604   -0.020192
0.00081427   -0.049623   -0.008133
0.061877   0.0085243    0.045276
0.064885   0.0085068    0.045076
0.06263   -0.016058   0.0084307
0.058202   -0.025003   -0.015573
0.059102      -0.023   -0.015574
0.059242   -0.023438   -0.010569
0.058204   -0.025008   -0.015573
0.064873  -0.0057125    0.045015
0.058324    -0.02544   -0.010569
0.06093    0.012327   0.0084307
0.063876    0.012332   0.0084307
0.061177   0.0098179   0.0084307
0.062615   -0.016233    0.010431
0.054905    -0.02512   -0.014267
0.057966   -0.024601   -0.020194
0.058258   -0.025112   -0.014358
0.061656   0.0019513     0.07341
0.061613   0.0044503    0.073292
0.064661   0.0019516    0.073417
0.054624   -0.024601   -0.020194
0.056725   -0.027098   -0.020323
0.056707   -0.027099   -0.020325
0.055454   -0.032002    0.037381
0.056292   -0.030442   0.0084326
0.056803   -0.029706   0.0094196
0.053266   -0.027098   -0.020323
0.048889    -0.03624   -0.031469
0.056916   -0.027511   -0.015573
0.053246   -0.027099   -0.020325
0.056962   -0.027615   -0.014426
0.059336   -0.025098   0.0084307
0.053479   -0.027623   -0.014345
0.045859   -0.040277   -0.015573
0.058707   -0.027321     0.03384
0.055956   -0.025273    0.010431
0.027476   -0.048463   -0.033376
0.026892   -0.049274   -0.015574
0.030726   -0.048193    -0.01057
0.061684   0.0019513    0.073409
0.064685   0.0019513     0.07341
0.056995   -0.027953   -0.010569
0.056922   -0.027515   -0.015574
0.04708   -0.039561   -0.010569
0.05735    0.026058    0.010431
0.058469    0.023373   0.0084307
-0.0014392   -0.052609    -0.01557
-0.0014391   -0.052012   -0.030778
-0.001439   -0.052701   -0.015572
0.0048486     -0.0517    -0.03298
0.01157   -0.051137   -0.033743
0.061656   0.0019526     0.07342
0.062188  0.00037744    0.055615
-0.0014393   -0.052632    -0.01057
-0.00048141   -0.052628    -0.01057
0.061447  -0.0026863    0.010431
0.064524 -0.00018136    0.010431
-0.0014392   -0.049563   -0.020239
-0.0014392   -0.052613   -0.018561
0.059526    0.030047    0.056074
0.0063883     0.04229     -0.0144
0.00073303     0.04229     -0.0144
-0.0014391      -0.049   -0.030832
0.0047906   -0.048686   -0.033005
0.011258    -0.04814   -0.033743
0.022772   -0.049313   -0.033534
0.022074   -0.046382   -0.033535
0.033323   -0.046001   -0.032955
0.032255    -0.04318   -0.032949
0.043335   -0.040526   -0.032062
0.041807   -0.037904   -0.032036
0.050895   -0.033569   -0.031166
0.048799   -0.031357   -0.031134
0.053282   -0.024539   -0.030455
0.056344    -0.01674   -0.029949
0.057175    0.027883    0.060521
-0.0014392   -0.049515    0.003086
0.0067695   -0.049392   0.0034681
0.010722   -0.049231   0.0031351
0.060458   -0.014686    0.044321
0.060077   -0.014514    0.070999
0.063154    -0.01451    0.070989
0.062571   -0.016934    0.069942
0.063601 -0.00084818   -0.010572
0.064365  -0.0025105   0.0084317
0.063486  -0.0028577   -0.010568
0.060489    0.026054    0.010431
0.062022    -0.00322    0.045209
0.060872    0.016179    0.029512
0.063609   -0.012582    0.010431
0.064315  -0.0045217   0.0084297
0.064808   0.0089263    0.072773
0.064467   0.0034681    0.010431
0.0644   0.0054757    0.010431
0.061314   -0.004696    0.010431
0.061098   -0.007209    0.010431
0.064168  -0.0071996    0.010431
0.059764    0.019027    0.010431
0.059909    0.020561    0.027957
0.060207    0.017019    0.010431
0.063418  -0.0053675   -0.010572
0.064072   -0.007027   0.0084317
0.063172  -0.0073742   -0.010568
0.061437  -0.0026869    0.010431
0.064114   0.0099929    0.010431
0.063884   -0.009038   0.0084297
0.063487    -0.01154   0.0084317
0.06256   -0.011891   -0.010568
0.062883  -0.0098839   -0.010569
0.059454   -0.016064   0.0084307
0.060038   -0.013555   0.0084307
0.061179    0.014217    0.030027
0.063855    0.012502    0.010431
0.064198    0.015474    0.044395
0.063838   -0.012562    0.071719
0.063355   -0.014491    0.071038
0.061421  0.00065861   0.0072147
0.061376  0.00039128   0.0070807
0.059319   -0.025273    0.010431
0.063908  -0.0092117    0.010431
0.064441  -0.0026869    0.010431
0.060909    0.012502    0.010431
0.063884    0.012499    0.010431
0.063134   -0.013552   0.0084307
0.062544   -0.016052   0.0084317
0.061595   -0.016407   -0.010568
0.062081   -0.014401   -0.010569
-0.0014394   -0.049109     0.00313
0.060074   -0.013567   0.0084317
0.06259   -0.016063   0.0084297
0.061509   0.0034662    0.010431
0.064492   0.0034642    0.010431
0.059437   -0.016926    0.069925
0.062045   -0.018071   0.0084297
0.017881    0.044531      0.1105
0.062005   -0.018064   0.0084307
0.061528   0.0032929   0.0084307
0.064385   0.0006597   0.0072157
0.064378  0.00039059   0.0070807
0.061185   -0.020562   0.0084317
0.060211   -0.020924   -0.010568
0.060892   -0.018918   -0.010569
0.060994   -0.012202    0.044611
0.064046   -0.012199    0.044575
0.061237   -0.020581   0.0084297
0.060479   -0.022588   0.0084297
0.06042    -0.02257   0.0084317
0.064056   0.0098178   0.0084307
0.061335   0.0078103   0.0084307
0.061304   0.0079851    0.010429
0.059318   -0.025071   0.0084316
0.058313    -0.02544   -0.010568
0.059236   -0.023436   -0.010569
0.064141  -0.0072046    0.010431
0.064477  -0.0044755   0.0084297
0.059375   -0.025098   0.0084296
-0.00144   -0.048806    0.053724
-0.00144   -0.051888    0.050054
0.058546    0.031499    0.050962
0.059708    0.030136    0.056142
0.062054   0.0024055    0.049918
0.065055   0.0024056    0.049919
0.058352   -0.027105   0.0084296
0.058271   -0.027069   0.0084327
0.064542   0.0064409    0.073096
0.055089    0.031607    0.050957
0.058706    0.031607    0.050958
-0.0014395   -0.049178    0.003362
0.057933    0.026141    0.063062
0.0611   -0.007029   0.0084297
0.064083  -0.0070291   0.0084307
0.056856   -0.029601   0.0084286
0.061243    0.010891    0.072331
0.064258    0.010891    0.072331
0.056872   -0.029615   0.0084296
0.04197   -0.043305    0.049625
0.013387     0.04389     0.07786
0.01056     0.04389    0.079031
0.055559   -0.032109    0.038431
0.059468    -0.02536    0.063062
0.064678  -0.0011701     0.07341
0.060214 -0.00041525    -0.01533
0.059726   5.023e-05   -0.019355
0.058548  0.00038973    -0.02957
0.059515  -0.0065826   -0.019615
0.013644   -0.047175    0.078106
0.059682  -0.0045763   -0.019592
0.064509    0.010902    0.072355
0.060204   -0.002441   -0.015333
0.05859  0.00039031   -0.029575
0.059846  0.00039033   -0.019508
0.063193    0.017014    0.010431
0.0017216   -0.049604   -0.007725
0.059914  0.00080614   -0.019322
0.059805   0.0028507   -0.019573
0.060228   0.0012142   -0.015331
0.060482   -0.011546   0.0084297
0.061311  -0.0046341   0.0097417
0.06139  -0.0036962    0.010431
0.060193    0.003222   -0.015329
0.060557   0.0016453   -0.010403
0.060185    0.003222   -0.015329
0.060237    0.001214   -0.015332
0.060521   0.0036533   -0.010401
-0.0014393   -0.049178   -0.006502
0.059694   0.0053582   -0.019595
0.060068   0.0057322   -0.015323
0.059534   0.0073644   -0.019616
0.061441   -0.002687    0.010431
0.05992   0.0077402   -0.015317
0.06039   0.0061634   -0.010395
0.059915   0.0077404   -0.015317
0.06008   0.0057319   -0.015324
0.06258   -0.016238    0.010431
0.060244   0.0081714   -0.010389
0.059245   0.0098699   -0.019659
0.059635    0.010246   -0.015305
0.059372    0.012262   -0.015297
0.059969    0.010681   -0.010378
0.059348     0.01226   -0.015295
0.059638    0.010251   -0.015306
0.053157   -0.029791    0.010431
0.000273    0.045652   -0.008808
0.058943    0.011875   -0.019698
0.061305   0.0079836    0.010431
0.061438   0.0054758    0.010431
0.059684    0.012691   -0.010367
0.058391    0.014357   -0.019751
0.057916     0.03097    0.010428
0.060841    0.025593   0.0084317
0.057955    0.016382   -0.019822
0.058873    0.014771   -0.015278
0.060215    0.026813   0.0084307
0.058756    0.017213   -0.010336
0.058407    0.016779   -0.015264
0.05888    0.014772   -0.015278
0.058401    0.016778   -0.015263
0.059216      0.0152   -0.010351
0.010545   -0.047762    0.070623
0.061305  -0.0045194   0.0084297
0.06428  -0.0045195   0.0084307
0.057212    0.018893   -0.019916
0.057644    0.019278   -0.015238
0.052627   -0.030826    0.050958
0.05871    0.023846     0.06564
0.057335    0.021735   -0.010298
0.056958      0.0213   -0.015227
0.057671    0.019294   -0.015242
0.056444    0.020885   -0.019985
0.056948    0.021297   -0.015226
0.061446    0.010888    0.072367
0.058032    0.019719   -0.010315
0.064764   0.0064548    0.073129
0.064612   0.0044499    0.073285
0.064973  0.00040246    0.027032
0.055326    0.023389   -0.020103
0.055856    0.023815   -0.015204
0.056403   -0.030826    0.050958
0.00025119   -0.049625   -0.008881
0.054215    0.025388   -0.020191
0.055213    0.026258    -0.01026
0.054804    0.025822   -0.015192
0.055862    0.023817   -0.015204
0.054789    0.025813    -0.01519
0.019876    0.044891  -0.0017338
0.056253    0.024238   -0.010277
0.060497    0.027921    0.060452
0.043622    0.033484   -0.031874
0.053177    0.028318   -0.015175
0.04342    0.037098   -0.015204
0.05361     0.02876   -0.010244
0.053171    0.028331   -0.015176
0.028706    0.040016   -0.033207
0.027784    0.042816   -0.015341
0.029187    0.042887   -0.010357
0.064392    0.013347    0.071724
0.064272   0.0079855    0.010431
0.0075607     0.04229    -0.01157
0.0035608     0.04229   -0.015571
0.04418    0.037318   -0.010249
0.011947    0.043116     -0.0338
0.0053472    0.045291    -0.01544
0.0071479    0.045295   -0.013873
0.0078472    0.045367    -0.01146
0.0047434    0.043629   -0.033003
0.0035594    0.045322   -0.015835
0.0044759    0.045298   -0.015834
0.0081792    0.045334   -0.011678
0.0017646    0.045374   -0.015444
0.00037482    0.045425   -0.014775
0.059078    0.021537    0.010431
-4.4152e-05    0.045455   -0.013872
0.0017652    0.045375   -0.015444
-0.0014392    0.044893   -0.023172
-0.00058051    0.045593   -0.010454
-0.00074205    0.045555   -0.011462
-0.0014393    0.045596   -0.010454
0.013387   -0.043109    0.072201
0.055201    0.026251    -0.01026
0.056263    0.024249   -0.010276
0.064497  0.00095855    0.010431
0.05639    0.027887   0.0084306
0.060225  0.00034883     0.10925
0.06204  0.00039271    0.055558
0.060902    0.012502    0.010431
0.057325    0.021731   -0.010298
0.058037    0.019725   -0.010315
0.06339    0.017709    0.069947
0.059037   -0.019183    0.044511
0.059484   -0.016241    0.010431
0.060231    0.016845   0.0084307
0.060198     0.01702    0.010431
0.060906    0.012503    0.010431
0.061181   0.0098183   0.0084307
-0.0014406   -0.046429     0.10926
0.058746     0.01721   -0.010335
0.059218    0.015203    -0.01035
0.061499   0.0034682    0.010431
0.061303    0.014875    0.037521
0.059675    0.012691   -0.010367
0.059969    0.010683   -0.010378
0.063524    0.014335   0.0084307
0.061402   0.0089202    0.072743
0.064407   0.0089188    0.072733
0.064546   0.0064422    0.073104
0.053761   -0.029266    0.056072
0.057407   -0.029266    0.056072
0.064052   0.0098179   0.0084307
0.060226    0.008172   -0.010388
0.060852   0.0061875   -0.010419
0.059518    0.027886   0.0084307
0.058332   -0.021225    0.044594
0.059333    0.021989    0.067232
-0.00072446     0.04555    -0.01157
-0.00092009    0.045547   -0.011553
-0.0014393    0.045595   -0.010454
-0.00058051    0.045593   -0.010454
0.0076839    0.045419   -0.010446
0.0605    0.026059    0.010431
0.0078265    0.045383   -0.011569
0.064373  -0.0045271   0.0084307
0.064091  -0.0070294   0.0084307
0.061098  -0.0070247   0.0084307
0.060867  -0.0090367   0.0084297
0.06386  -0.0090367   0.0084307
0.058768    0.023855    0.065609
0.054567    0.030847    0.013589
0.0536    0.028762   -0.010243
0.05474    0.030396   0.0084306
0.054048     0.03289    0.036938
0.054072     0.03289    0.038431
0.021661    0.044875   0.0032202
0.057965   -0.015597   -0.019821
0.061537   0.0064409    0.073095
0.058459   -0.013593   -0.019766
0.058938   -0.011094   -0.019699
0.059572  -0.0094538   -0.015333
0.063764    0.015291    0.070989
0.059269   -0.009118   -0.019664
0.054631   -0.024605   -0.020192
0.055569   -0.022607   -0.020096
0.057551   -0.018555   -0.015348
0.057268   -0.018097   -0.019912
0.04635   -0.034727    -0.03155
0.061532   0.0032932   0.0084317
0.06149   0.0034681    0.010431
0.053449   -0.027527   -0.015377
0.044008    -0.03792   -0.015446
0.028348   -0.045722   -0.015519
0.026815   -0.045544   -0.033377
0.054578    0.030572    0.010443
0.0050414   -0.049465   -0.015554
-0.0014392   -0.049609   -0.015554
0.0020539   -0.049574   -0.015554
0.062564   -0.016926    0.069925
0.0035462   -0.049523   -0.015825
-0.0014392   -0.049436   -0.023201
0.064296   0.0079814    0.010431
1.5591e-06   -0.049611   -0.013916
0.0020553   -0.049569   -0.015554
-0.0014392   -0.049598   -0.015554
-0.00071815   -0.049623   -0.011483
-0.00058232   -0.049633   -0.010561
0.004103   -0.049496   -0.015932
0.00073364     -0.0496   -0.015247
0.060091   -0.013554   0.0084296
0.063123   -0.013554   0.0084307
0.0053752   -0.046624   -0.015077
0.007096   -0.049364   -0.013913
0.0080286   -0.049291   -0.011673
0.029552   -0.045422   -0.010528
0.0078128   -0.049324   -0.011483
0.0076774   -0.049342   -0.010559
0.044398   -0.037854   -0.010476
0.053446   -0.027529   -0.015377
0.061037    0.015938    0.049704
0.053491   -0.027965   -0.010431
0.05583   -0.023014   -0.015359
0.054855    -0.02502   -0.015366
0.055951   -0.023449    -0.01042
0.055829   -0.023015   -0.015359
0.054866   -0.025025   -0.015366
0.054965   -0.025463   -0.010425
0.056856   -0.020506   -0.015352
0.057022   -0.020938   -0.010416
0.057741   -0.018939   -0.010412
0.056858    -0.02051   -0.015352
0.057561     -0.0185   -0.015347
-0.0014392   -0.049433    -0.00617
0.010793   -0.049241  -0.0062609
0.0068166     -0.0494  -0.0066219
0.057936    0.026167    0.063083
0.061945    0.023875    0.065629
0.058772   -0.013987   -0.015339
0.058291   -0.015991   -0.015342
0.058508   -0.016422    -0.01041
0.059008    -0.01442   -0.010408
0.058291   -0.015993   -0.015342
0.058783   -0.013984   -0.015339
0.064922  0.00039059    0.026887
0.059274   -0.011474   -0.015337
0.051787   -0.031475   0.0084306
0.059532   -0.011906   -0.010407
0.059855  -0.0099005   -0.010405
0.059273   -0.011475   -0.015336
0.059592  -0.0094673   -0.015335
0.060057  -0.0049481   -0.015332
0.059887  -0.0069577   -0.015333
0.06018  -0.0073888   -0.010405
0.060353  -0.0053824   -0.010404
0.059884   -0.006958   -0.015333
0.06006  -0.0049508   -0.015332
0.060509  -0.0028719   -0.010404
0.060556 -0.00086415   -0.010403
0.060181  -0.0024406   -0.015331
0.060237 -0.00043278   -0.015332
0.054896   -0.027105   0.0084296
0.054807    -0.02706   0.0084326
0.055974   -0.025094   0.0084306
0.054946   -0.025453   -0.010424
0.064268   0.0079852    0.010431
0.056078   -0.023492   -0.010426
0.056022   -0.025098   0.0084296
0.062586    -0.01624    0.010431
0.057223   -0.022588   0.0084296
0.057159   -0.022566   0.0084316
0.057989   -0.020561   0.0084316
0.057009   -0.020937   -0.010415
0.05774   -0.018932   -0.010412
0.058042   -0.020581   0.0084296
0.056801   -0.029788    0.010431
0.058908   -0.018071   0.0084296
0.064445   -0.002687    0.010431
0.058865   -0.018062   0.0084307
0.059443   -0.016051   0.0084316
0.058492   -0.016421   -0.010409
0.059008   -0.014415   -0.010408
0.059489   -0.016063   0.0084296
0.061358  0.00040381   0.0070767
0.060065   -0.013552   0.0084307
0.060441   -0.011539   0.0084307
0.059515   -0.011905   -0.010406
0.059855  -0.0098983   -0.010405
0.06024    0.016844   0.0084307
0.061081  -0.0070795   0.0090257
0.060117  -0.0073872   -0.010402
0.06085  -0.0090449   0.0085126
0.06032    0.017707    0.069925
0.060413  -0.0053821   -0.010407
0.063539   -0.011722    0.010431
0.061451  -0.0026819    0.010368
0.060588 -0.00086492   -0.010405
0.060523  -0.0028693   -0.010405
0.061325  -0.0046332   0.0097367
0.064388  0.00068945   0.0073547
0.060068    -0.01451    0.070989
-0.00070316   -0.049626    -0.01157
-0.0006795   -0.049651   -0.011577
-0.00058233   -0.049628   -0.010561
-0.0014393   -0.049631   -0.010561
-0.0014391     0.04531     -0.0062
0.017862    0.044987  -0.0062728
0.056829   -0.029615   0.0084306
0.06399    0.015296    0.071017
0.061214   -0.020758    0.010431
0.053252   -0.029615   0.0084296
0.053252   -0.029599   0.0084296
0.01056   -0.043109     0.07103
0.014198    0.047977     0.10931
-0.0014406    0.048449     0.10905
0.0063654     0.04562  -0.0065699
0.06386    0.012503    0.010431
0.058098    0.030396   0.0084306
0.054784    0.030391   0.0084306
0.061873     0.02386    0.065618
0.057199    0.031816   0.0084306
-0.00144    0.046725    0.053282
-0.0014406    0.048449     0.10905
0.038438    0.043028     0.10943
0.05811    0.032568    0.045055
0.051866    0.034698     0.10943
0.061427   -0.002512   0.0084337
0.054619    0.030581    0.010431
0.05641    0.027899   0.0084306
0.055054    0.031647    0.050966
0.058681    0.031633    0.050963
0.060492   -0.011722    0.010431
0.057848     0.03289    0.038431
0.057826     0.03289    0.036938
0.054048     0.03289    0.036938
0.059328   -0.025277    0.010431
0.058199    0.031736    0.023746
0.057826     0.03289    0.036938
0.05726    0.031781   0.0098986
0.058143    0.030571    0.010431
0.058088    0.030611    0.010472
0.061273  -0.0045195   0.0084307
0.057277    0.031815   0.0098876
0.057277    0.031819   0.0084306
0.018125    0.047502     0.10943
0.0083186    0.048243     0.10913
-0.0014406    0.045398     0.11029
0.05629    0.028062    0.010431
0.064493  0.00038503    0.010431
-0.025483   -0.023651     0.15943
-0.0014412  0.00039059     0.15943
-0.032853   -0.012621     0.15943
-0.035441  0.00039059     0.15943
-0.032853    0.013402     0.15943
-0.025483    0.024432     0.15943
-0.014452    0.031802     0.15943
-0.0014412     0.03439     0.15943
0.01157    0.031802     0.15943
0.0226    0.024432     0.15943
0.029971    0.013402     0.15943
0.032559  0.00039059     0.15943
0.029971   -0.012621     0.15943
0.0226   -0.023651     0.15943
0.01157   -0.031021     0.15943
-0.0014412   -0.033609     0.15943
-0.014452   -0.031021     0.15943
F
1  2  3
1     3  2150
1  1409  1425
1  1425     2
1  2139  1409
1  2150  2139
2  7  3
2  666    7
2  1425   666
3   7  72
3    72  2149
3  2149  2150
7  25  72
7  26  25
7   27  110
7  91  27
7  110  120
7  120   26
7  666   91
25  26  70
25  70  72
26  38  70
26  39  38
26  120  821
26  821   39
27   91  821
27  821  110
38  39  71
38  71  70
39  399   71
39  821  399
46   68  141
46  133   68
46  141  399
46  399  804
46  804  838
46  838  133
63   68  133
63  133  237
63  146   68
63  237  838
63  799  146
63  838  799
68   146  2146
68  2146   141
70    71  2148
70  2148  2149
70  2149    72
71   141  2147
71  399  141
71  2147  2148
91  666  708
91  708  822
91  822  821
110  821  120
133  838  237
141  2146  2147
146  147  149
146  148  147
146   149  2143
146  799  838
146  838  148
146  2143  2145
146  2145  2146
147  148  550
147  550  149
148  838  550
149  150  158
149  154  150
149   158  2159
149  550  154
149  2159  2143
150  154  158
154  157  158
154  166  157
154  550  683
154  683  691
154   691  1513
154  1513   166
157  165  158
157   166  1776
157   887  1600
157  1600   165
157  1776   887
158  165  181
158   181  2158
158  2158  2159
165  886  181
165  1600   886
166  1513  1776
181   886  2158
294   687  1513
294  691  839
294  839  687
294  1513   691
399  821  804
550  838  683
664  666  667
664  667  824
664  708  666
664  823  708
664  824  823
666  957  983
666  983  667
666  986  957
666  1409   986
666  1425  1409
667  971  824
667  983  971
683  838  691
687   688  1513
687  839  840
687  840  688
688   840  1666
688  1666  1668
688  1668  1513
691  838  839
708  823  822
804  821  822
804  822  839
804  839  838
822  823  840
822  840  839
823  824  841
823  841  840
824  825  841
824  971  825
825  826  842
825  842  841
825  971  826
826  827  844
826  843  842
826  844  843
826  957  827
826  969  957
826  971  969
827  828  888
827  888  844
827  947  828
827  955  947
827  957  955
828  891  888
828  908  891
828  922  908
828  933  934
828  934  936
828  936  922
828  947  995
828  995  933
840   841  1666
841   842  1666
842   843  1668
842  1668  1666
843   844  1669
843  1669  1668
844   845  1655
844  880  845
844  888  880
844  1655  1684
844  1684  1669
845   880  1544
845  1544  1606
845  1606  1690
845  1646  1688
845  1686  1655
845  1688  1686
845  1690  1646
855  856  857
855   857  1144
855  1009   856
855  1026  1009
855  1077  1734
855  1144  1326
855  1326  1077
855  1733  1026
855  1734  1733
856  1006   857
856  1009  1006
857  1006  1187
857  1051  1188
857  1187  1051
857  1188  1144
862  1310  1894
862  1546  1310
862  1548  1546
862  1732  1548
862  1894  1732
880   888  1482
880  1482  1501
880  1501  1520
880  1520  1533
880  1533  1542
880  1542  1544
883  1058  1848
883  1778  1058
883  1848  1851
883  1851  2130
883  2126  1778
883  2127  2126
883  2130  2127
885   886  1600
885  1007  2157
885  1143  1007
885  1515  1143
885  1600  1515
885  2157  2158
885  2158   886
887  1515  1600
887  1776  1515
888   891  1227
888  1227  1242
888  1242  1264
888  1264  1277
888  1277  1449
888  1449  1460
888  1460  1482
891   908  1118
891   913  1158
891  1118   913
891  1158  1178
891  1178  1193
891  1193  1227
903  1239  1317
903  1242  1239
903  1264  1242
903  1274  1277
903  1277  1264
903  1295  1274
903  1317  1295
907   908  1064
907  1042  1084
907  1064  1042
907  1084  1118
907  1118   908
908   922  1019
908   927  1064
908  1019   927
913   914  1158
913  1091  1130
913  1118  1091
913  1130   914
914   918  1178
914  1122  1128
914  1128  1139
914  1130  1122
914  1139  1177
914  1171   918
914  1177  1171
914  1178  1158
918  1171  1186
918  1182  1193
918  1186  1182
918  1193  1178
922   936  1019
926  1053  1546
926  1058  1778
926  1474  1053
926  1546  1848
926  1778  1474
926  1848  1058
927  1019  1037
927  1037  1064
933  995  996
933  996  934
934  996  936
936   996  1019
937   996  1003
937  1003  1025
937  1019   996
937  1025  1037
937  1037  1019
938  939  940
938   940  1894
938  1284  2152
938  1525  1284
938  1894  1525
938  2152  2153
938  2153   939
939  1026   940
939  2153  2154
939  2154  1026
940   973  1159
940  1026   973
940  1159  1710
940  1710  1894
947  955  957
947  957  986
947   986  1409
947  1408   995
947  1409  1408
952  1000  1662
952  1380  1000
952  1662  1380
957  969  983
959  1105  2031
959  1525  1568
959  1568  1105
959  2031  1525
963   968  1710
963  1260   968
963  1307  1260
963  1565  1307
963  1710  1780
963  1780  1565
968  1260  1621
968  1621  1710
969  971  983
973  1026  1733
973  1097  1627
973  1395  1097
973  1627  1159
973  1733  1395
977  1006  1008
977  1008  1011
977  1011  1006
995  1408  1413
995  1413   996
996  1413  2137
996  2137  1003
1000  1006  1011
1000  1011  1794
1000  1380  1006
1000  1794  1662
1003  1004  1025
1003  2137  1004
1004  1035  1025
1004  1417  1851
1004  1851  1035
1004  2137  1417
1006  1009  1008
1006  1051  1187
1006  1113  1653
1006  1380  1113
1006  1653  1051
1007  1008  1009
1007  1009  2156
1007  1143  1794
1007  1794  1008
1007  2156  2157
1008  1794  1011
1009  1026  2155
1009  2155  2156
1012  1502  1773
1012  1708  1502
1012  1773  1708
1025  1035  1056
1025  1056  1037
1026  2154  2155
1035  1043  1056
1035  1848  1043
1035  1851  1848
1037  1042  1064
1037  1056  1042
1042  1056  1084
1043  1070  1056
1043  1082  1070
1043  1848  1082
1046  1474  1778
1046  1525  1474
1046  1778  1525
1051  1256  1188
1051  1379  1256
1051  1380  1576
1051  1576  1379
1051  1653  1380
1053  1105  1444
1053  1444  1546
1053  1474  2031
1053  2031  1105
1056  1070  1084
1061  1215  1548
1061  1548  1732
1061  1732  1894
1061  1894  1215
1070  1082  1112
1070  1112  1084
1076  1194  1379
1076  1197  1194
1076  1199  1197
1076  1361  1199
1076  1379  1708
1076  1708  1361
1077  1145  1267
1077  1267  1734
1077  1326  1145
1082  1095  1112
1082  1546  1095
1082  1848  1546
1084  1091  1118
1084  1112  1091
1091  1112  1130
1095  1122  1112
1095  1128  1122
1095  1546  1128
1097  1395  1708
1097  1708  1773
1097  1773  1627
1105  1310  1444
1105  1568  1310
1112  1122  1130
1113  1380  1653
1128  1546  1139
1136  1177  1548
1136  1186  1177
1136  1226  1186
1136  1548  1226
1139  1546  1177
1143  1515  1794
1144  1145  1326
1144  1188  1145
1145  1188  1256
1145  1191  1267
1145  1256  1191
1159  1235  1710
1159  1307  1565
1159  1565  1235
1159  1627  1307
1171  1177  1186
1177  1546  1548
1182  1186  1208
1182  1208  1227
1182  1227  1193
1186  1224  1208
1186  1226  1224
1191  1194  1267
1191  1256  1379
1191  1379  1194
1194  1197  1267
1197  1199  1733
1197  1733  1734
1197  1734  1267
1199  1361  1762
1199  1762  1733
1208  1224  1317
1208  1239  1227
1208  1317  1239
1209  1260  1773
1209  1295  1547
1209  1547  1260
1209  1702  1295
1209  1773  1702
1215  1621  1548
1215  1710  1621
1215  1894  1710
1224  1226  1317
1226  1548  1317
1227  1239  1242
1235  1565  1780
1235  1780  1710
1260  1307  1773
1260  1547  1548
1260  1548  1621
1274  1295  1702
1274  1449  1277
1274  1455  1449
1274  1702  1455
1284  1525  1778
1284  1538  2151
1284  1778  2119
1284  2117  1538
1284  2119  2117
1284  2151  2152
1290  1317  1548
1290  1547  1317
1290  1548  1547
1295  1317  1547
1307  1627  1773
1310  1546  1444
1310  1568  2102
1310  2102  1894
1361  1708  1762
1379  1380  1628
1379  1567  1708
1379  1576  1380
1379  1580  1567
1379  1603  1580
1379  1613  1603
1379  1625  1613
1379  1628  1625
1380  1646  1649
1380  1649  1628
1380  1662  1646
1395  1733  1762
1395  1762  1708
1408  1409  2138
1408  1538  2117
1408  2117  1413
1408  2138  1538
1409  2107  2138
1409  2139  2107
1413  2117  2119
1413  2118  2126
1413  2119  2118
1413  2126  2127
1413  2127  2137
1417  1435  1851
1417  2137  1435
1435  2130  1851
1435  2137  2130
1449  1455  1460
1454  1455  1702
1454  1460  1455
1454  1482  1460
1454  1494  1482
1454  1702  1719
1454  1719  1494
1461  1702  1773
1461  1719  1702
1461  1773  1719
1474  1525  2031
1482  1494  1501
1491  1494  1719
1491  1501  1494
1491  1520  1501
1491  1528  1520
1491  1719  1528
1499  1502  1528
1499  1528  1719
1499  1719  1502
1502  1524  1528
1502  1708  1524
1502  1719  1773
1513  1514  1515
1513  1515  1776
1513  1668  1669
1513  1669  1514
1514  1656  1515
1514  1669  1656
1515  1656  1657
1515  1657  1794
1520  1528  1533
1524  1526  1528
1524  1531  1526
1524  1534  1531
1524  1708  1534
1525  1894  2102
1525  2102  1568
1526  1531  1553
1526  1533  1528
1526  1553  1562
1526  1562  1533
1531  1534  1553
1533  1562  1542
1534  1563  1553
1534  1708  1563
1538  2138  2150
1538  2150  2151
1542  1558  1544
1542  1562  1558
1544  1558  1574
1544  1574  1585
1544  1585  1607
1544  1607  1606
1553  1563  1572
1553  1572  1562
1558  1560  1574
1558  1562  1560
1560  1562  1572
1560  1572  1594
1560  1594  1574
1563  1567  1572
1563  1708  1567
1567  1580  1572
1572  1580  1594
1574  1594  1585
1580  1603  1594
1585  1594  1596
1585  1596  1607
1594  1603  1596
1596  1603  1624
1596  1624  1607
1603  1613  1624
1606  1607  1618
1606  1618  1640
1606  1640  1690
1607  1624  1618
1613  1625  1635
1613  1635  1624
1618  1624  1626
1618  1626  1640
1624  1635  1626
1625  1628  1635
1626  1635  1640
1628  1649  1635
1635  1649  1661
1635  1661  1640
1640  1661  1690
1646  1652  1688
1646  1661  1649
1646  1662  1652
1646  1690  1661
1652  1657  1686
1652  1662  1794
1652  1686  1688
1652  1794  1657
1655  1656  1684
1655  1657  1656
1655  1686  1657
1656  1669  1684
1778  1785  2119
1778  2118  1785
1778  2126  2118
1785  2118  2124
1785  2124  2119
2107  2139  2150
2107  2150  2138
2118  2119  2124
2127  2130  2137
2143  2159  2145
2145  2147  2146
2145  2156  2147
2145  2159  2156
2147  2149  2148
2147  2152  2149
2147  2156  2152
2149  2152  2150
2150  2152  2151
2152  2154  2153
2152  2156  2154
2154  2156  2155
2156  2158  2157
2156  2159  2158
