3 
chest 
V
-0.11373   -0.015706    0.063484
-0.11127    0.026325    0.034311
-0.1112    0.043679     0.06278
-0.11091   -0.026329    0.032942
-0.10992    0.019252    0.087723
-0.10673   -0.050644    0.028714
-0.10566    0.064652    0.053703
-0.10391   -0.035556    0.095985
-0.10355   -0.057667    0.084558
-0.10298    0.036775    0.097201
-0.10295    0.064524    0.078069
-0.099357   -0.075491    0.066679
-0.097167   -0.078691    0.046422
-0.0956    0.020896    -0.03047
-0.091464   -0.069855    0.094372
-0.089374   -0.085741    0.062592
-0.089157   -0.041407     0.10852
-0.089155    0.086922    0.050017
-0.085001   -0.062772   -0.030312
-0.084902    0.054009     0.10814
-0.084665    0.063296   -0.030294
-0.07711    0.081978    0.092589
-0.065952    0.094956    0.061322
-0.065736   -0.093047    0.026565
-0.064125   -0.079535   -0.030504
-0.063331    0.079632   -0.030294
-0.06062    0.082608      0.1012
-0.058838   -0.089596    0.088019
-0.05634    0.045155     0.12183
-0.044684    0.015307     -0.0503
-0.044093   -0.030856     0.12445
-0.032227    -0.07364     0.11286
-0.032226    0.069579     0.11608
-0.023036   -0.036955     -0.0503
0.011059    0.044156     0.11943
0.022231    0.073404     0.10128
0.030055   -0.072313    0.096931
0.030491   -0.071729   -0.033584
0.034713    0.069127   -0.037231
0.041869   -0.022343     0.11159
0.043222    0.070158    0.084032
0.045947   -0.056926   -0.043326
0.04727    0.054219   -0.044246
0.048047   -0.069269    0.075756
0.051726    0.032189     0.10292
0.052331    0.066845    0.046933
0.054508    0.057789    0.083219
0.05724    -0.04638    0.090152
0.063206   0.0079446   -0.058279
0.065291   -0.047955    0.027134
0.066613    0.045498    0.010987
0.069941    0.013164    0.071277
F
34  30  49
34  19  30
30  19  14
30  14  21
30  21  26
30  43  49
30  26  39
30  39  43
34  38  25
34  49  42
34  42  38
34  25  19
35  36  33
2  14   4
1  2  4
1  3  2
12  15   9
8  17  20
8  20  10
13   6  19
35  40  45
35  31  40
35  33  29
35  29  31
31  32  40
40  32  37
23  27  36
32  28  37
37  48  40
37  44  48
37  38  44
37  28  38
40  48  45
45  48  52
45  52  47
35  45  36
52  48  50
52  50  51
52  51  47
50  49  51
1  9  5
49  50  42
50  38  42
50  48  44
50  44  38
38  28  24
14   2  21
38  24  25
5   8  10
33  36  27
36  45  41
11   3  10
36  41  23
46  47  51
46  43  39
46  51  43
47  46  41
24  13  25
46  23  41
46  39  23
27  29  33
27  22  20
27  20  29
43  51  49
47  41  45
39  26  23
3  1  5
2   7  21
7   3  11
3   5  10
28  16  24
29  20  31
12   6  13
9   1  12
6  1  4
8  5  9
19   6   4
19   4  14
8  15  17
12   1   6
8   9  15
17  32  31
17  31  20
17  15  32
32  15  28
28  15  16
15  12  16
12  13  16
13  24  16
13  19  25
10  20  11
22  11  20
2  3  7
22  27  23
22  18  11
22  23  18
23  26  18
18  26  21
18  21   7
18   7  11
