2
100
0.75000000
1.00000000

0.10000000

-1.30050650 -1.33151184 -1.33168283 -1.33283841 -1.33193163 -1.33132548 -1.31578229 -1.42931229 -1.52741363 -1.51438032 -1.40853540 -1.12901738 -0.65746835 -0.36393956 -0.17847189 -0.17272602 -0.17316076 -0.17500463 -0.17599181 -0.17501015 -0.17514931 -0.17541719 -0.17523504 -0.87959344 -0.88496005 -0.88980111 -0.88332437 -0.75202893 -0.92354058 -0.98101350 -0.95739663 -0.70146774 -0.27441864 0.00771343 0.00849116 0.00799690 0.00697150 0.00594966 0.00757179 0.00939241 0.00767711 0.00663096 0.00657066 0.10922961 -2.04447171 -2.04756950 -2.04921058 -2.03840917 -2.00761056 -1.87250823 -1.84450311 -1.53880019 -0.87136111 -0.35675315 -0.01877122 -1.21903326 -1.21848559 -1.22808554 -1.23431369 -1.23193419 -1.23142481 -1.23086884 -1.23456553 -1.23392144 -1.22981496 -1.21225481 -1.03494238 -0.96165654 -1.03811208 -2.19591553 3.07908444 2.78908052 -1.51574073 -1.53316486 -1.42443718 -1.37237469 -1.46812352 -2.27890298 -3.03615605 -3.03723405 -0.81148170 -0.77431507 -0.77760076 -0.77692381 -0.77471716 -0.77526521 -0.77462767 -0.77501061 -0.77512692 -0.77506673 -0.77628609 -0.77974094 -0.81284204 -0.69940221 -0.96462217 -1.72530255 -3.05660932 -3.01736848 -3.01547837 -3.02144196 

3.17901183 3.17866045 3.17854879 3.17079429 3.17702896 3.17746214 3.14868712 3.10163593 3.02619909 2.93090534 2.80247464 2.89932839 3.19404356 3.39992052 3.58290298 3.57171511 3.57206119 3.57589461 3.57635179 3.57993711 3.58080646 3.58083303 3.58087250 1.73565981 1.72833978 1.73220273 1.73176429 1.78869519 1.99238379 2.27203664 2.51877525 2.90813296 3.33971185 3.57311431 3.57430584 3.58042469 3.58066355 3.58079949 3.58060877 3.58035704 3.58061759 3.58073566 3.58071447 3.58075988 4.17797845 4.18214993 4.18173502 4.15933088 3.87258958 3.52893971 3.20056372 3.04901565 3.17619792 3.38356691 3.58271799 2.29970948 2.30010723 2.30274888 2.33292654 2.33317016 2.33319952 2.33323417 2.33283158 2.33276100 2.32500806 2.59430068 3.02754638 3.60664922 3.99903663 3.88375903 3.58779192 3.58085305 3.80471066 3.83056566 3.95860038 4.05714301 4.12968822 3.84165487 3.58127344 3.58864631 2.02957300 2.09629889 2.09611420 2.09597238 2.09599083 2.09596061 2.09593463 2.09595865 2.09595892 2.09593104 2.09512246 2.10156372 2.51297767 3.26419746 3.91211937 4.05565867 3.77946378 3.58304318 3.58530539 3.58305576 
3.30644456 3.35265739 3.35263741 3.35251161 3.35010867 3.35022271 3.27696956 2.93416586 2.36519532 1.79126523 1.26064010 0.71935587 0.25809196 0.14375959 0.10453870 0.11309616 0.11313411 0.11138586 0.11122930 0.10983967 0.10962973 0.10950970 0.10951388 3.28725986 3.30104045 3.29559464 3.28110683 3.01024187 2.53212146 1.88846214 1.19996468 0.59439716 0.20421341 0.11111256 0.11073944 0.10955163 0.10955141 0.10944633 0.10958988 0.10971695 0.10962816 0.10956221 0.10956772 0.10954546 3.36739984 3.37250959 3.37364674 3.33043456 2.92060188 2.34842427 1.68373620 0.97079252 0.44961349 0.22378903 0.11155709 3.67381310 3.67237849 3.60076020 3.64744434 3.64763707 3.64765817 3.64768373 3.64733040 3.64722313 3.63535859 3.22384255 2.46390115 1.49202180 0.63366065 0.15993404 0.10963630 0.10937994 3.66679450 3.54375844 2.78107134 1.77112262 0.84799077 0.15330597 0.11963018 0.10883530 3.28265541 3.29334906 3.29336311 3.29336479 3.29333548 3.29337811 3.29339571 3.29341404 3.29344872 3.29344300 3.29444388 3.29198857 3.04390623 2.30777546 1.23500890 0.20517625 0.04778532 0.10863884 0.10964319 0.10881463 
