11 
l_lower_leg 
V
-0.038952   -0.027024    0.048082
-0.038915    0.022959     0.04806
-0.036317    0.032193       0.112
-0.035455   -0.036859     0.10793
-0.033321  -0.0021101     -0.1059
-0.031075   -0.027154   -0.072951
-0.031063     0.02028   -0.072955
-0.030923   -0.014165     -0.1059
-0.029747    0.043264     0.10502
-0.029179   -0.041489    0.033095
-0.024095    0.020164     -0.1059
-0.024095   -0.024384     -0.1059
-0.024091   -0.045399     0.10502
-0.017693   -0.045995   0.0083018
-0.016796   -0.041053   -0.079789
-0.016136   -0.042395     0.12761
-0.015526    0.045433      0.1271
-0.014884    0.033014   -0.081997
-0.002846     0.04893     0.10508
-0.0028273   -0.047778   0.0092671
-0.0028253    0.033949   -0.082856
-0.0028249   -0.047826     0.10503
-0.0018212     0.02939     -0.1059
-0.0018194    0.044007     0.13872
-0.0018194   -0.043225     0.13872
-0.0018178     0.04478    0.029641
0.0085484   -0.042368   -0.079028
0.010233   -0.031212     -0.1059
0.014716    0.038826   -0.020369
0.01637   -0.046143     0.10502
0.020453    0.020164     -0.1059
0.020453   -0.024384     -0.1059
0.020785    0.031203   -0.066088
0.020801   -0.038898   -0.066063
0.027281   0.0099445     -0.1059
0.029679  -0.0021101     -0.1059
0.02982   -0.030277     -0.0629
0.02982    0.023586     -0.0629
0.032106   -0.037712     0.13777
0.034404    0.039719     0.10492
0.035828     0.03588     0.13766
0.041927  -0.0074073     -0.0339
0.042957   -0.035542      0.1177
0.045497   -0.029175     0.13739
0.045538    0.033614     0.11776
0.048174    0.024922     0.13732
0.054055   -0.015019     0.13715
0.054606   -0.027104     0.11371
0.056504    0.022967     0.11503
0.060587   -0.014513     0.11808
0.06093   0.0086626    0.094222
0.062489  -0.0021202     0.11688
F
16   4  13
24  25  46
24   3  25
24  17   3
25   4  16
25   3   4
14  15  20
14  10  15
14  13  10
14  20  22
14  22  13
15  27  20
15  28  27
15  12  28
10   6  15
10   1   6
10   4   1
10  13   4
15   6  12
13  22  25
13  25  16
2  7  5
1  5  6
5  8  6
6   8  12
2  1  4
2  4  3
2  5  1
9  26  18
9  18   7
9  7  2
9   3  17
26   9  19
18  26  21
18  23  11
18  11   7
7  11   5
18  21  23
19   9  17
19  17  24
9  2  3
32  37  34
32  34  28
28  12   8
28   8  11
28  11  36
28  36  32
28  34  27
8   5  11
11  23  36
23  31  36
23  21  31
31  21  33
31  35  36
31  33  38
31  38  35
36  42  32
32  42  37
43  30  27
43  27  34
43  34  48
30  43  39
30  39  22
30  22  20
30  20  27
42  50  48
42  48  37
49  45  46
46  41  24
46  44  47
46  25  44
35  38  49
34  37  48
42  51  50
22  39  25
49  52  51
36  35  51
42  36  51
44  50  47
44  48  50
40  29  19
40  19  41
29  26  19
19  24  41
29  21  26
29  40  33
29  33  21
33  40  45
33  45  38
35  49  51
38  45  49
52  46  47
52  49  46
47  50  52
52  50  51
45  41  46
45  40  41
44  25  39
43  48  44
43  44  39
