1 
torso_1 
V
-0.094164    0.022006   -0.037443
-0.09381   -0.030491   -0.063597
-0.091917    0.057258    -0.06306
-0.089972    0.023653   -0.084616
-0.087722   -0.026017   -0.011701
-0.087418    0.053533   -0.017184
-0.087133   -0.076694    -0.03746
-0.086897    0.077428    -0.03746
-0.085734   -0.064356   -0.087023
-0.084755      0.0818   -0.070171
-0.083571   -0.086601   -0.066681
-0.081943   -0.076686   -0.017041
-0.07892    0.094629   -0.061958
-0.078284   -0.013822   0.0072876
-0.074352   -0.091108   -0.017238
-0.07435    0.091109   -0.017237
-0.073929   -0.047988    -0.11646
-0.071492    0.045937    -0.12105
-0.069059    -0.10207    -0.03746
-0.06818     0.10256    -0.03746
-0.065132     0.10453   -0.058358
-0.065119    -0.10445   -0.058296
-0.064719   -0.069662    0.018184
-0.064559    0.069594    0.017852
-0.062558   -0.035337    -0.13128
-0.058474    0.033666    -0.13191
-0.058332    0.081232    0.018817
-0.056984      -0.025    -0.13346
-0.052439     -0.1079   -0.037459
-0.039904   -0.093677    0.020386
-0.032855 -0.00020891    0.062692
-0.028983     0.10579   -0.008967
-0.028836    0.096103    0.020219
-0.018581     0.10974   -0.056541
-0.018581    -0.10976   -0.056538
-0.011945   -0.098378    0.018584
-0.0087618     0.10988   -0.037459
0.0035063   -0.090985      0.0311
0.0035075    0.090985      0.0311
0.0057962     0.09927    0.014616
0.01456     -0.0875   -0.036002
0.015032    0.087167    -0.03553
0.027394   -0.088483    0.015577
0.031121   -0.088483   -0.010141
0.031122    0.088482   -0.010141
0.032977    0.094809  0.00079124
0.03316   -0.093846  0.00079303
0.033885    0.040506   -0.013554
0.0401  -2.537e-07      0.0615
0.040183   -0.016649    0.057776
0.0411        0.02    0.054686
0.0411   0.0070212  0.00080599
F
26  28  25
26  17  18
47  35  44
21  20  34
21  13  20
32  37  20
32  40  37
3  2  1
37  40  46
37  46  34
47  43  38
47  38  36
10   4   3
18   4  10
4  9  2
35  47  36
46  40  39
46  45  34
17   4  18
4  17   9
25  22  17
25  35  22
25  17  26
40  33  39
11  22  19
11  17  22
11  19  15
11   2   9
1  2  7
36  29  35
22  35  29
27  24  31
24  14  31
5  14   6
14  24   6
33  27  39
27  31  39
23  30  31
23  15  30
23  14  12
23  31  14
23  12  15
30  36  38
30  38  31
5  12  14
13  21  18
13  18  10
26  18  34
18  21  34
26  34  42
26  42  48
26  48  28
5  1  7
5   7  12
35  28  41
35  25  28
47  52  50
47  50  43
47  44  52
28  48  41
17  11   9
46  39  51
34  45  42
46  52  45
46  51  52
1  6  8
1  5  6
31  50  49
31  38  50
31  49  39
49  51  39
52  48  45
52  41  48
52  44  41
52  51  50
50  51  49
50  38  43
45  48  42
44  35  41
3  4  2
34  20  37
20  13  16
32  20  33
32  33  40
20  16  27
20  27  33
13  10   8
13   8  16
10   3   8
8   6  16
16   6  24
16  24  27
3  1  8
29  19  22
2  11   7
11  15   7
7  15  12
15  19  30
19  29  30
29  36  30
