2
220
0.40000000
1.00000000

0.00010000

1.00000000 1.00000000 1.00000000 1.00000000 1.00000000 1.00000000 1.00000000 1.00000000 1.00000000 1.00000000 1.00000000 1.00000000 1.00000000 1.00000000 1.00000000 1.00000000 1.00000000 1.00000000 1.00000000 1.00000000 1.00000000 1.00000000 1.00000000 1.00000000 1.00000000 1.00000000 1.00000000 1.00000000 1.00000000 1.00000000 1.00000000 1.00000000 1.00000000 1.00000000 1.00000000 1.00000000 1.00000000 1.00000000 1.00000000 1.00000000 1.00000000 1.00000000 1.00000000 1.00000000 1.00000000 1.00000000 1.00000000 1.00000000 1.00000000 1.00000000 1.00000000 1.00000000 1.00000000 1.00000000 1.00000000 1.00000000 1.00000000 1.00000000 1.00000000 1.00000000 1.00000000 1.00000000 1.00000000 1.00000000 1.00000000 1.00000000 1.00000000 1.00000000 1.00000000 1.00000000 1.00000000 1.00000000 1.00000000 1.00000000 1.00000000 1.00000000 1.00000000 1.00000000 1.00000000 1.00000000 1.00000000 1.00000000 1.00000000 1.00000000 1.00000000 1.00000000 1.00000000 1.00000000 1.00000000 1.00000000 1.00000000 1.00000000 1.00000000 1.00000000 1.00000000 1.00000000 1.00000000 1.00000000 1.00000000 1.00000000 1.00000000 1.00000000 1.00000000 1.00000000 1.00000000 1.00000000 1.00000000 1.00000000 1.00000000 1.00000000 1.00000000 1.00000000 1.00000000 1.00000000 1.00000000 1.00000000 1.00000000 1.00000000 1.00000000 1.00000000 1.00000000 1.00000000 1.00000000 1.00000000 1.00000000 1.00000000 1.00000000 1.00000000 1.00000000 1.00000000 1.00000000 1.00000000 1.00000000 1.00000000 1.00000000 1.00000000 1.00000000 1.00000000 1.00000000 1.00000000 1.00000000 1.00000000 1.00000000 1.00000000 1.00000000 1.00000000 1.00000000 1.00000000 1.00000000 1.00000000 1.00000000 1.00000000 1.00000000 1.00000000 1.00000000 1.00000000 1.00000000 1.00000000 1.00000000 1.00000000 1.00000000 1.00000000 1.00000000 1.00000000 1.00000000 1.00000000 1.00000000 1.00000000 1.00000000 1.00000000 1.00000000 1.00000000 1.00000000 1.00000000 1.00000000 1.00000000 1.00000000 1.00000000 1.00000000 1.00000000 1.00000000 1.00000000 1.00000000 1.00000000 1.00000000 1.00000000 1.00000000 1.00000000 1.00000000 1.00000000 1.00000000 1.00000000 1.00000000 1.00000000 1.00000000 1.00000000 1.00000000 1.00000000 1.00000000 1.00000000 1.00000000 1.00000000 1.00000000 1.00000000 1.00000000 1.00000000 1.00000000 1.00000000 1.00000000 1.00000000 1.00000000 1.00000000 1.00000000 1.00000000 1.00000000 1.00000000 1.00000000 1.00000000 1.00000000 1.00000000 

-0.00502489 0.00117035 0.00818683 0.01599299 0.02535963 0.03681231 0.05051456 0.06661843 0.08352794 0.09934686 0.11216559 0.12154135 0.12665988 0.12891903 0.12936494 0.12850127 0.12503159 0.11893219 0.10885062 0.09433495 0.07606687 0.05513236 0.03224261 0.00834650 -0.01575154 -0.03912955 -0.06099135 -0.08163148 -0.09943591 -0.11352085 -0.12336561 -0.12908442 -0.13041727 -0.12764557 -0.12093231 -0.11116058 -0.09921497 -0.08593436 -0.07221092 -0.05888017 -0.04601221 -0.03301112 -0.01959730 -0.00578527 0.16109294 0.16476049 0.17085882 0.17987969 0.18986417 0.19956344 0.21271665 0.22889211 0.24713659 0.26622556 0.28693206 0.30730568 0.32570479 0.34109870 0.35563185 0.36975706 0.38227264 0.39468037 0.41307542 0.43703063 0.46239850 0.48740022 0.51541558 0.54331911 0.56588701 0.58359290 0.60278362 0.62575624 0.64758418 0.66504922 0.68222572 0.70206216 0.71880007 0.73140515 0.74521599 0.76304636 0.78268835 2.02069493 2.06672347 2.10932065 2.14976736 2.19135956 2.22823825 2.25726106 2.28334183 2.30992766 2.33514870 2.35480472 2.37275851 2.39410327 2.41823009 2.43956659 2.45842408 2.47908863 2.50628402 2.53558782 2.56260730 2.58789580 2.61520127 2.64488488 2.67151902 2.69483049 2.72421199 2.76123814 2.79740408 2.82634670 2.85281324 2.88418868 2.91575695 2.94157956 2.96649227 2.99733220 3.03167303 3.06160320 3.08777204 3.11664078 3.15094124 3.18349849 3.21303114 3.24434986 3.28099676 3.31790999 3.35188774 3.38392247 3.41895778 3.45564527 3.49036205 3.52606027 3.56584282 3.60997525 3.65236971 3.69095967 3.72862869 3.76943304 3.80797986 3.84220873 3.87359211 3.90870674 3.94656931 3.98043469 4.00934025 4.03834237 4.06449556 -0.00225432 0.01219547 0.02646113 0.04025450 0.05236379 0.06321376 0.07347122 0.08335862 0.09264531 0.10144013 0.11008193 0.11849490 0.12581041 0.13170003 0.13685515 0.14199515 0.14664307 0.15016125 0.15256304 0.15484644 0.15720567 0.15863072 0.15821912 0.15764695 0.15798289 0.15813305 0.15646528 0.15461216 0.15504052 0.15782797 0.80857559 0.82409762 0.83911242 0.85265236 0.86587181 0.88064273 0.89831882 0.92082590 0.94548299 0.96921367 0.99305073 1.01694054 1.04269581 1.06720397 1.09092101 1.11709935 1.14745481 1.17750765 1.20715512 1.23743886 1.26819608 1.29805862 1.32497892 1.34983998 1.37587039 1.40161301 1.42679880 1.45163214 1.47736641 1.50423763 1.53209714 1.55993490 1.58746070 1.61710295 1.64763406 1.67979199 1.71370625 1.74859309 1.78423796 1.82142157 1.85904702 1.89642372 1.93435896 
0.02181101 0.03614419 0.05145245 0.06917375 0.09334250 0.12471364 0.16235639 0.20498495 0.24971645 0.29254944 0.33021122 0.36146921 0.39100948 0.42143669 0.45272899 0.48564083 0.51993581 0.55577578 0.59357242 0.63376069 0.67174171 0.71037698 0.75171467 0.79441193 0.83421315 0.87168505 0.90873631 0.94738710 0.98345396 1.01908273 1.05681257 1.09632357 1.13541893 1.17414939 1.21164103 1.24569487 1.27750454 1.30992009 1.34276203 1.37237833 1.39931790 1.43045880 1.46726970 1.50473230 2.50996390 2.53636073 2.56489310 2.59595936 2.62448796 2.64669706 2.66911851 2.69367419 2.71807772 2.74058770 2.76411008 2.79018594 2.81693498 2.84165717 2.86508199 2.88742948 2.90686386 2.92466790 2.94640228 2.97249180 3.00045408 3.02979862 3.06257255 3.09513926 3.12177890 3.14465467 3.16870880 3.19537566 3.22039331 3.24292856 3.26623957 3.29200986 3.31449154 3.33354957 3.35339544 3.37468341 3.39577009 4.02601502 4.04029868 4.05331686 4.06541564 4.07789219 4.08942470 4.09909587 4.10765315 4.11620473 4.12277296 4.12678380 4.12923564 4.13129716 4.13182740 4.12994456 4.12618425 4.12228749 4.11834284 4.11437711 4.11144252 4.10959866 4.10758634 4.10483360 4.10157378 4.09864314 4.09614787 4.09365380 4.09137691 4.08939941 4.08706223 4.08417240 4.08130292 4.07927346 4.07753529 4.07547540 4.07336238 4.07143583 4.06997095 4.06871315 4.06808191 4.06862941 4.07063885 4.07416380 4.07896296 4.08485556 4.09172573 4.09916498 4.10632104 4.11292286 4.11927416 4.12620425 4.13251389 4.13776372 4.14183105 4.14508940 4.14666211 4.14624833 4.14460612 4.14293134 4.14119211 4.13854934 4.13536916 4.13210232 4.12880390 4.12444710 4.12023158 1.51396002 1.55331015 1.59740597 1.64390420 1.68634668 1.72325552 1.76323352 1.80725061 1.84969815 1.88791033 1.92806753 1.97068227 2.01027376 2.04219641 2.07149522 2.10424785 2.13604289 2.16300151 2.18746292 2.21538358 2.24586141 2.27460690 2.29817389 2.32275229 2.35105158 2.37931566 2.40230512 2.42322414 2.44937007 2.48033407 3.42540677 3.44508209 3.46541255 3.48457111 3.50291590 3.52125894 3.53906413 3.55691993 3.57491476 3.59200381 3.60896020 3.62485203 3.64084799 3.65597764 3.66979238 3.68249033 3.69625270 3.70934846 3.72275834 3.73634499 3.75007577 3.76436286 3.77811720 3.79112755 3.80374174 3.81533251 3.82640317 3.83749230 3.84861547 3.85977440 3.87068225 3.88101117 3.89074246 3.89998173 3.90881013 3.91805100 3.92857543 3.93997052 3.95124646 3.96265769 3.97491968 3.98739196 3.99949347 
