14 
l_foot 
V
-0.069596 -0.00061472   -0.011408
-0.069174  -0.0022287  0.00023499
-0.068234  -0.0097373  -0.0023884
-0.068234   0.0085099  -0.0023885
-0.067995   0.0095725   -0.017416
-0.067757 -0.00061388   -0.032415
-0.067108  -0.0055908    0.014285
-0.067108    0.004363    0.014285
-0.066031   -0.015954   -0.017565
-0.065943   -0.013075   -0.032417
-0.063171    0.017008   -0.032417
-0.060402   -0.021446   -0.032415
-0.059069   -0.027614   0.0085851
-0.059069   -0.025558    0.018917
-0.059069   -0.019705    0.027677
-0.059069   -0.010946     0.03353
-0.059069 -0.00061349    0.035585
-0.059069    0.026386   0.0085847
-0.059069   0.0097188     0.03353
-0.059069    0.024331    0.018917
-0.059069    0.018478    0.027677
-0.056087    0.023387   -0.032412
-0.045162    0.027053   -0.032415
-0.045119   -0.028407   -0.032415
-0.043711    0.028876   -0.017674
-0.034061   -0.030267   -0.023644
0.035931   -0.025559    0.018917
0.035931   -0.019706    0.027677
0.035931   -0.010946    0.033529
0.035931 -0.00061384    0.035585
0.035931   0.0097186    0.033529
0.035931    0.024331    0.018917
0.035931    0.018478    0.027676
0.049592   -0.030697   -0.017948
0.050262    0.029413    -0.01824
0.050933    0.027809   -0.032454
0.060016    0.027957   -0.019076
0.062042   -0.028461   -0.032415
0.062139    0.025289   -0.032417
0.070499    0.022846    -0.01947
0.073429   -0.025872   -0.019395
0.075383    0.016728   -0.032415
0.077292   -0.021362   -0.032414
0.079573    0.014702   -0.019656
0.080482   -0.019481   -0.019737
0.081393   0.0092476   -0.032413
0.082125   -0.014976   -0.016475
0.082599   -0.013171   -0.032412
0.082825   0.0077811   -0.016469
0.084834  -0.0005826    -0.03248
0.084903   -0.010539   -0.019801
0.084967 -0.00061161   -0.016512
F
52  49  31
52  31  30
52  30  29
52  29  47
47  28  45
47  29  28
52  47  51
45  28  41
47  45  51
41  28  27
44  40  32
44  32  33
40  37  32
44  33  49
49  33  31
2  3  7
2  1  3
2  4  1
3  14   7
3   1  10
3  10   9
1   6  10
4  5  1
4  20  18
4  18   5
1  5  6
4  2  8
2  7  8
4   8  20
15  14  27
15  16   7
15  28  16
15  27  28
15   7  14
14  13  27
14   3  13
13  34  27
13  26  34
13  12  24
13   9  12
13   3   9
18  20  32
18  32  35
18  35  25
18  25  22
18  22  11
20  21  33
20  33  32
20   8  21
21  19  33
21   8  19
19  17  31
19  31  33
19   8  17
17  16  30
17  30  31
17   8  16
16  28  29
16  29  30
16   8   7
27  34  41
32  37  35
41  43  45
41  38  43
41  34  38
23  22  25
23  25  36
23  36  22
25  35  36
35  37  36
36  50  11
36  39  50
36  11  22
36  37  39
48  50  51
50  46  49
48  51  45
50  52  51
50  49  52
50  39  42
50  42  46
50  48  43
50  38  24
50  43  38
50  10  11
50  12  10
50  24  12
49  46  44
44  42  40
44  46  42
40  39  37
40  42  39
43  48  45
34  26  38
38  26  24
26  13  24
5  18  11
5  11   6
11  10   6
10  12   9
