2
102
0.75000000
1.00000000

0.10000000

-1.30050650 -1.32963107 -1.33148034 -1.33161092 -1.33175396 -1.33116431 -1.33236990 -1.33238665 -1.33114113 -1.33067444 -1.33085564 -1.32021637 -1.28977677 -1.40983054 -1.50069995 -1.52741363 -1.52458023 -1.51060412 -1.50377377 -1.34695800 -1.25197659 -0.99967001 -0.69547893 -0.57544426 -0.40431920 -0.29385766 -0.18901294 -0.17409398 -0.17183563 -0.17535575 -0.17316076 -0.17391550 -0.17535221 -0.17595057 -0.17628464 -0.17449334 -0.17549280 -0.17555510 -0.17505262 -0.17539336 -0.17539362 -0.17504514 -0.49004666 -0.87946212 -0.88170439 -0.88496005 -0.88835706 -0.88928944 -0.88924632 -0.88104552 -0.82725811 -0.76784687 -0.91543953 -0.99854233 -0.98500407 -0.98169714 -0.94409484 -0.97503077 -0.75875990 -0.53366999 -0.27441864 -0.02854549 0.00783007 0.00637814 0.00888018 0.00551942 0.00804707 0.00746156 0.00663234 0.00786091 0.00576161 0.00666021 0.00967089 0.00946805 0.00893764 0.00767711 0.00703114 0.00679138 0.00707768 0.00649103 0.00573497 -0.90824686 -2.04301583 -2.04321253 -2.04622929 -2.04954824 -2.04926039 -2.03432939 -2.03807284 -2.04307030 -2.00761056 -1.93589382 -1.87240416 -1.79272886 -1.80584866 -1.73610169 -1.36031573 -0.99787039 -0.78338307 -0.47341560 -0.21503772 -0.02355810 

2.88024320 2.87931331 2.87987085 2.87990823 2.87978479 2.88006145 2.87778708 2.87806487 2.87867776 2.87869674 2.88777332 2.84859404 2.81881235 2.80847996 2.78019937 2.72743046 2.66528069 2.63702775 2.55267406 2.49162594 2.52295068 2.64441380 2.83331751 2.96180832 3.06979607 3.15841379 3.26787705 3.27460292 3.27226030 3.27352759 3.27329255 3.27479106 3.27769330 3.27755081 3.27754405 3.27765586 3.28133173 3.28184804 3.28203663 3.28205049 3.28217818 3.28206504 3.28196280 1.43761115 1.43334182 1.42957114 1.43209359 1.43253908 1.43329753 1.42462592 1.45721930 1.53656134 1.63394473 1.76291515 1.92378224 2.04703248 2.17245070 2.35151532 2.57557019 2.83446881 3.04094322 3.25176659 3.27611881 3.27693579 3.27550107 3.28216089 3.28141724 3.28184076 3.28192290 3.28180865 3.28194749 3.28198582 3.28159104 3.28159391 3.28175294 3.28184896 3.28193327 3.28194563 3.28194509 3.28192729 3.28196677 3.28196494 3.87554813 3.88142987 3.88330258 3.88437559 3.88400450 3.90123114 3.87200643 3.78203910 3.57382094 3.36525273 3.20792176 3.03185841 2.85414828 2.77919690 2.74229178 2.80431344 2.94297418 3.04087916 3.15536872 3.28509732 
3.36260580 3.41228566 3.40875590 3.40892897 3.40882013 3.40756991 3.40542163 3.40622990 3.40638845 3.40636439 3.40718391 3.36250707 3.20572932 3.02187327 2.74179438 2.42135656 2.10665373 1.81662687 1.58569994 1.22182123 0.96678921 0.64782352 0.35555443 0.27518459 0.21413787 0.19145477 0.15578178 0.16862754 0.16955782 0.16903215 0.16929535 0.16862566 0.16737431 0.16733932 0.16739324 0.16752686 0.16583425 0.16578219 0.16569807 0.16566869 0.16566569 0.16564998 0.16561724 3.34126398 3.34968031 3.35720168 3.35419566 3.35298357 3.35502872 3.31736313 3.19223566 2.98397196 2.72998594 2.42765898 2.07421108 1.73044230 1.35323097 1.05428979 0.69186726 0.39925805 0.26037465 0.17862314 0.16701029 0.16671548 0.16695370 0.16582438 0.16573196 0.16573676 0.16565006 0.16568160 0.16577980 0.16567801 0.16588269 0.16588302 0.16595548 0.16578940 0.16566916 0.16572501 0.16572513 0.16572992 0.16571027 0.16562665 3.41821593 3.42643048 3.42851680 3.42969179 3.42917838 3.41329349 3.39511007 3.27012312 2.97676311 2.66534898 2.36761924 2.01013516 1.62613367 1.18534922 0.90943623 0.63729678 0.43340677 0.31513978 0.22590477 0.16391952 
