26 
l_upper_arm 
V
-0.065133   0.0081501    -0.04057
-0.065685   0.0060922   -0.038697
-0.066418   0.0033542   -0.038736
-0.066007   0.0088414   -0.044658
-0.065006   0.0087459   -0.042276
-0.06519   0.0079373   -0.044619
-0.068423  -0.0041265    0.028913
-0.068214  -0.0033438    0.024714
-0.06814  -0.0030687    0.026185
-0.068214  -0.0033438    0.027656
-0.070087   -0.010004    0.030076
-0.069728  -0.0091686    0.029959
-0.070719   -0.005436    0.031386
-0.068954  -0.0061427    0.030153
-0.068739  -0.0053059    0.029779
-0.069776  -0.0091748    0.029918
-0.069161  -0.0068785    0.030153
-0.069999   -0.010007    0.022226
-0.068739  -0.0053058     0.02259
-0.068423  -0.0041264    0.023456
-0.069777  -0.0091772    0.022451
-0.069161  -0.0068787    0.022216
-0.070067  -0.0099971    0.022284
-0.069166   -0.006054    0.022192
-0.069558   -0.008841    0.022432
-0.066023   0.0094617   -0.042238
-0.06368    0.013577   0.0033658
-0.062414    0.018299 -0.00011285
-0.062266    0.018853  0.00069235
-0.062316    0.018667    0.029378
-0.063888    0.012799    0.027403
-0.063888    0.012799    0.024966
-0.063517    0.014185    0.022991
-0.062916    0.016426    0.022237
-0.062316    0.018666    0.022991
-0.061945    0.020053    0.024966
-0.061945    0.020053    0.027403
-0.063517    0.014185    0.029378
-0.066102   0.0045344   -0.033493
-0.065675   0.0061272   -0.033493
-0.064227    0.011533   -0.017232
-0.062916    0.016426    0.030132
-0.019193    0.031107   -0.061021
-0.018626    0.032932   -0.062234
-0.020168    0.030972   -0.061194
-0.039585        0.03   -0.054947
-0.037935    0.030844   -0.053592
-0.039918    0.031786   -0.055782
-0.038239    0.032696   -0.054283
-0.033174    0.032564   -0.049017
-0.033174    0.034533   -0.049375
-0.027483     0.03318   -0.043127
-0.037942    0.030848     -0.0536
-0.019245    0.031048   -0.061105
-0.027464    0.033103    -0.04305
-0.063095     0.01576    0.017869
-0.06536   0.0073068    0.017869
-0.064971    0.008756    0.017171
-0.027247    0.035088   -0.043174
-0.038264    0.033384   -0.054474
-0.018627    0.032961     -0.0622
-0.065049   0.0084636   -0.043387
-0.066956   0.0013472   -0.040665
-0.06702   0.0011069   -0.043489
-0.045572   -0.013709   -0.059853
-0.045177   -0.014427   -0.059692
-0.037002   -0.024839   -0.061008
-0.04605   -0.011556   -0.060868
-0.03681   -0.024859   -0.060948
-0.045229   -0.014488   -0.059739
-0.04196   -0.022114   -0.053382
-0.044453   -0.016993   -0.057992
-0.044946   -0.020588   -0.056654
-0.043471   -0.019356   -0.056065
-0.045209   -0.014404   -0.059715
-0.046048   -0.017901   -0.058853
-0.04594    -0.01435    -0.06003
-0.045577   -0.013714   -0.059857
-0.046859   -0.014996   -0.060773
-0.047315   -0.012933   -0.061883
-0.045926   -0.014349   -0.060033
-0.045211   -0.014405   -0.059717
-0.066903   0.0017493   -0.040009
-0.066535   0.0034088   -0.038756
-0.063677    0.013586    0.015874
-0.063774    0.013224    0.016522
-0.064777   0.0094814    0.015874
-0.064441    0.010737   0.0054973
-0.063258    0.015148   0.0056522
-0.064014     0.01233   0.0077286
-0.068785   0.0010884   -0.039172
-0.067128   0.0010093   -0.042211
-0.042141   -0.024887   -0.052129
-0.043607   -0.023015   -0.054274
-0.039538   -0.028015   -0.047717
-0.039049   -0.027838   -0.047615
-0.039277   -0.027684   -0.047578
-0.035435     -0.0298   -0.062196
-0.066585  0.00079329   -0.043061
-0.03695   -0.029247   -0.044454
-0.033177    0.028888     -0.0622
-0.038257    0.032747   -0.054316
-0.06591    0.011978    0.024537
-0.063568    0.014196     0.02299
-0.063939    0.012811    0.024964
-0.064874   0.0091187    0.013522
-0.062881    0.016557    0.014571
-0.065573   0.0065098    0.014571
-0.066876   0.0016474   -0.044676
-0.046511    0.023876   -0.060625
-0.047724    0.024819   -0.062197
-0.046571    0.023978   -0.060711
-0.019238    0.031052   -0.061105
-0.037993    0.031036   -0.053665
-0.045933   -0.014348    -0.06003
-0.046439   -0.014974   -0.060201
-0.045552   -0.013644     -0.0598
-0.044471    -0.01694   -0.058031
-0.046389   -0.014982   -0.060209
-0.045208   -0.014406   -0.059715
-0.043472   -0.019352    -0.05607
-0.045835    -0.01785   -0.058613
-0.045976   -0.012063   -0.060656
-0.038767   -0.022389   -0.060989
-0.047344   -0.012393     -0.0622
-0.046051   -0.011596   -0.060896
-0.06203    0.016479    0.052845
-0.062844    0.011864    0.054508
-0.059902    0.028383    0.048677
-0.057713    0.024532    0.056723
-0.059176    0.023013    0.054872
-0.060616     0.02051    0.053361
-0.056073    0.025386    0.058859
-0.054478    0.025665    0.061019
-0.047642    0.023966    0.067802
-0.050404    0.024705    0.065301
-0.05337    0.030339    0.057538
-0.059787    0.028338    0.048596
-0.056821    0.033032    0.048043
-0.06358    0.013948    0.012522
-0.064874   0.0091187    0.012522
-0.065216   0.0078415    0.011467
-0.047562    0.032625    0.058048
-0.051364    0.034543    0.048226
-0.024832    0.033759    0.065204
-0.026564     0.03326    0.050342
-0.025494    0.033427    0.056467
-0.023975     0.03367    0.062622
-0.063238    0.015225    0.011467
-0.064441    0.010737   0.0098673
-0.064441    0.010737   0.0077286
-0.064014     0.01233   0.0098673
-0.052925   -0.020045    0.056653
-0.039436   -0.027872     0.06392
-0.036245   -0.027627    0.043618
-0.035795   -0.028195    0.052096
-0.036144   -0.028913      0.0608
-0.041811   -0.027395      0.0678
-0.039556   -0.027999    0.063954
-0.034814   -0.029377      0.0608
-0.068963  -0.0049513    0.048168
-0.062368   0.0085543    0.057863
-0.05734   0.0058593    0.067817
-0.0648  -0.0032952    0.057985
-0.060368   0.0066691      0.0628
-0.068402   -0.010576    0.048498
-0.064204  -0.0086582    0.058153
-0.064777   0.0094814    0.017171
-0.063677    0.013586    0.017171
-0.064615   -0.014431    0.048027
-0.061165   -0.013167     0.05783
-0.065427   0.0070548   -0.045631
-0.066323   0.0095069    0.012522
-0.065029    0.014336    0.012522
-0.06358    0.013948    0.013522
-0.065029    0.014336    0.013522
-0.066323   0.0095069    0.013522
-0.06444    0.010737   -0.014837
-0.064014     0.01233   -0.014837
-0.064014     0.01233   0.0054973
-0.063788    0.013174    0.016462
-0.063386    0.014673    0.016522
-0.064821    0.015112    0.016461
-0.065126    0.013975    0.015873
-0.064932    0.014698    0.015873
-0.064835    0.015061    0.016522
-0.063373    0.014723    0.016583
-0.065237    0.013561    0.016584
-0.065223    0.013612    0.016522
-0.064932    0.014698    0.017172
-0.065126    0.013975    0.017172
-0.065082   0.0083442    0.016462
-0.06468   0.0098431    0.016522
-0.066115    0.010282    0.016461
-0.06642   0.0091454    0.015873
-0.066226   0.0098686    0.015873
-0.066129    0.010231    0.016522
-0.064667   0.0098932    0.016583
-0.066531   0.0087318    0.016584
-0.065068   0.0083943    0.016522
-0.066517   0.0087825    0.016522
-0.066226   0.0098686    0.017172
-0.06642   0.0091454    0.017172
-0.065463    0.012718   0.0077285
-0.064707    0.015537   0.0056521
-0.061837    0.020455   0.0030241
-0.064551    0.016121   0.0065027
-0.063102    0.015733   0.0065028
-0.063285    0.020843    0.003024
-0.060678    0.024781  -0.0014433
-0.063442    0.020259   0.0021735
-0.061993    0.019871   0.0021736
-0.06095    0.023762  -0.0029244
-0.062126    0.025169  -0.0014433
-0.062399    0.024151  -0.0029245
-0.063715    0.019241  0.00069233
-0.063863    0.018687 -0.00011286
-0.065128    0.013965   0.0033657
-0.06498    0.014519   0.0041708
-0.063531     0.01413   0.0041709
-0.065463    0.012718   0.0054972
-0.062352    0.018532   -0.033493
-0.065462    0.012718   -0.014837
-0.062778    0.016939   -0.033493
-0.0638    0.018921   -0.033493
-0.064227    0.017328   -0.033493
-0.065676    0.011922   -0.017232
-0.067124   0.0065155   -0.033493
-0.067551   0.0049226   -0.033493
-0.065889    0.011125   -0.014837
-0.067504 -0.00069558  -0.0029244
-0.065889    0.011125   0.0054972
-0.067777  -0.0017137  -0.0014432
-0.068953 -0.00030736  -0.0029244
-0.069225  -0.0013254  -0.0014432
-0.065889    0.011125   0.0077285
-0.065468   0.0069017    0.012495
-0.065889    0.011125   0.0098672
-0.066994   0.0070044    0.013161
-0.066665   0.0082293    0.011468
-0.065163   0.0080413    0.019061
-0.067022   0.0068983    0.014571
-0.066809    0.007694    0.017868
-0.063441     0.01447    0.019509
-0.065581    0.012274     0.02043
-0.06291    0.016451    0.013162
-0.064543    0.016149    0.017868
-0.064435    0.016553    0.012495
-0.064687    0.015614    0.011468
-0.065463    0.012718   0.0098672
-0.06587    0.011941    0.027829
-0.063608    0.014299    0.029257
-0.065194     0.01372    0.030592
-0.062981    0.016407    0.030153
-0.062918    0.016483    0.030232
-0.06368    0.019907    0.030537
-0.064365    0.016814    0.031633
-0.063232    0.021787     0.02454
-0.062452    0.018614    0.023112
-0.063536    0.019909    0.021777
-0.062963    0.016474    0.022216
-0.06433    0.016945    0.014571
-0.063483    0.014311    0.017171
-0.063024    0.021819    0.024502
-0.065318    0.013793    0.021832
-0.064365    0.016814    0.020736
-0.062947    0.016377    0.022137
-0.066115    0.010282    0.019959
-0.065237    0.013562    0.019959
-0.065706    0.011809    0.027867
-0.069521  -0.0024289    0.029645
-0.065706    0.011809    0.024501
-0.0692  -0.0012307    0.026185
-0.068465  -0.0040834    0.023489
-0.069013  -0.0060221    0.022165
-0.069521  -0.0024287    0.022724
-0.065194    0.013719    0.021778
-0.069414  -0.0012745    0.026193
-0.065917   0.0057075   -0.038716
-0.067914   0.0035676   -0.037207
-0.066543   0.0093448   -0.039163
-0.067061   0.0067526   -0.037207
-0.066364   0.0093518   -0.039106
-0.070093   -0.010358    0.021515
-0.070002   -0.010019    0.030152
-0.070578  -0.0079449    0.020815
-0.070093   -0.010358    0.030854
-0.070577  -0.0079446    0.031554
-0.069765  -0.0024713    0.029594
-0.070335  -0.0054649    0.031528
-0.068977  -0.0060741    0.030112
-0.070335  -0.0054649      0.0378
-0.060932    0.029285    0.037789
-0.061018    0.029308      0.0378
-0.070598  -0.0079605    0.031544
-0.07015   -0.010769    0.037802
-0.069977   -0.011082    0.037791
-0.070335   -0.005465    0.020841
-0.065743   -0.014895      0.0378
-0.065703   -0.014802    0.037795
-0.036312   -0.027518    0.037799
-0.038833   -0.022301   -0.061031
-0.034922   -0.027895   -0.061783
-0.03545   -0.029823   -0.062203
-0.034327   -0.028043   -0.061754
-0.038751   -0.022383   -0.061038
-0.034332   -0.028053   -0.061757
-0.038034   -0.026062   -0.047383
-0.034794   -0.027929   -0.059486
-0.036062   -0.027533   -0.044224
-0.034772   -0.027926    -0.05951
-0.038072   -0.026113   -0.047394
-0.065275   0.0078216   -0.040009
-0.068344  -0.0036826    0.028338
-0.068194  -0.0031578     0.02508
-0.018968    0.030982   -0.061708
-0.020169     0.03097   -0.061194
-0.063939    0.012811    0.027405
-0.063483    0.014311    0.015874
-0.062366    0.018683    0.029379
-0.063285    0.021775    0.027832
-0.065114   0.0085647    -0.04223
-0.027413    0.033132      0.0378
-0.027213    0.033149     0.04406
-0.061995    0.020068    0.027405
-0.052627     0.03521      0.0378
-0.058119     0.03381      0.0378
-0.063536    0.019909    0.030591
-0.063024    0.021819    0.027868
-0.069877   -0.011366   -0.042208
-0.058306 -0.00099337   -0.060792
-0.06518  -0.0057932   -0.055762
-0.055689   -0.004108   -0.060709
-0.070595  -0.0079552    0.020824
-0.068694   -0.012744   -0.042201
-0.068761  -0.0097612   -0.049727
-0.070408  -0.0093922   -0.042207
-0.059054   0.0023499   -0.060742
-0.064196   -0.013286   -0.051111
-0.045976   -0.011551   -0.060823
-0.055683  -0.0041035   -0.060705
-0.061465   -0.010356   -0.055274
-0.065743   -0.014895     -0.0422
-0.045977   -0.012063   -0.060656
-0.046009   -0.011555    -0.06086
-0.045675   -0.013328   -0.059883
-0.045697    -0.01347   -0.059921
-0.043125   -0.020101   -0.055419
-0.042792   -0.021343   -0.053792
-0.038179   -0.026166    -0.04752
-0.064971    0.008756    0.015874
-0.045249   -0.014597   -0.059709
-0.04567   -0.013318    -0.05988
-0.064683   -0.013778   -0.049213
-0.051399   -0.019878   -0.049457
-0.042864   -0.021083   -0.053987
-0.045775   -0.013656   -0.060131
-0.05135   -0.019788   -0.049467
-0.036282   -0.027448     -0.0422
-0.053219   -0.020231     -0.0422
-0.036037   -0.027502   -0.044212
-0.038059   -0.026109   -0.047369
-0.038524   -0.025909   -0.047193
-0.038517   -0.025866   -0.047184
-0.039975   -0.025943   -0.042204
-0.036203   -0.027414   -0.043889
-0.038551   -0.025945   -0.047213
-0.039949   -0.025885     -0.0422
-0.036289   -0.027453     -0.0422
-0.036282   -0.027448      0.0378
-0.047726    0.024819     -0.0622
-0.046787    0.023426   -0.060792
-0.042956    0.027483   -0.057846
-0.039581    0.029988   -0.054945
-0.038312    0.030666   -0.053778
-0.038283    0.031064   -0.053935
-0.027415    0.033107   -0.042784
-0.038304    0.034043    -0.04221
-0.027414    0.033113     -0.0422
-0.06566   0.0065898   -0.045813
-0.027414    0.033113      0.0378
-0.052626     0.03521     -0.0422
-0.056228    0.034678     -0.0422
-0.059253    0.032571    -0.04219
-0.057583    0.032188   -0.049605
-0.057803    0.034096    0.037803
-0.058181    0.033821   -0.042201
-0.0545    0.019344     -0.0608
-0.056417    0.027727   -0.055586
-0.055612    0.016777   -0.060877
-0.042732    0.027621   -0.057646
-0.048326    0.023223   -0.060775
-0.050773    0.030114   -0.055111
-0.038297    0.034294    -0.04225
-0.052155    0.033948   -0.049023
-0.048331    0.023226   -0.060767
-0.052138    0.021821    -0.06074
-0.066398   0.0036332   -0.038635
-0.065593    0.012229     -0.0422
-0.058663     0.02391   -0.055394
-0.060433    0.027943   -0.049256
-0.061017    0.029308     -0.0422
-0.070334  -0.0054651     -0.0422
-0.068611  0.00096844   -0.039106
-0.069066  -0.0043313   -0.049567
-0.06527 -0.00089363   -0.055714
-0.058692   0.0051992   -0.060754
-0.055582    0.016751   -0.060853
-0.058559    0.023964   -0.055188
-0.058617   0.0052714   -0.060822
-0.066266   0.0077349   -0.047408
-0.066078    0.010419     -0.0422
-0.066074   0.0096883   -0.045268
-0.066692   0.0049881   -0.047189
-0.066241   0.0076493   -0.047423
-0.066794   0.0049903   -0.048184
-0.066148   0.0048042   -0.046357
-0.067835   0.0015715    -0.04558
-0.06766   0.0024977   -0.047454
-0.06917  0.00011143   -0.042223
-0.068556  0.00054303   -0.045236
-0.068897 -9.9306e-05     -0.0422
-0.033338   -0.029665      0.0678
-0.033338   -0.029665      0.0608
-0.041844   -0.027452    0.067785
-0.050439   -0.020066    0.067799
-0.055253   -0.011174      0.0678
-0.056526  -0.0059996    0.067739
-0.05735  -0.0001712      0.0678
-0.057285 -0.00017207    0.067666
-0.044367    0.026917    0.067798
-0.040845    0.029522      0.0678
-0.033193    0.033034    0.067802
-0.02539    0.034049      0.0678
-0.053838    0.020587   -0.060754
-0.048418    0.023211     -0.0622
-0.048418    0.023211   -0.060774
-0.055519    0.016984   -0.060849
-0.052913    0.021174     -0.0622
-0.058764   0.0048746    -0.06083
-0.055519    0.016984     -0.0622
-0.05552    0.016983   -0.060859
-0.058764   0.0048744     -0.0622
-0.059147   0.0049171   -0.060813
-0.058273 -0.00095739   -0.060689
-0.058602 -5.7814e-05     -0.0622
-0.055728   -0.004069   -0.060704
-0.061995    0.020068    0.024964
-0.045978    -0.01155   -0.060824
-0.055728   -0.004069     -0.0622
-0.046924   -0.010825     -0.0622
-0.048147    0.023247     -0.0622
-0.048339    0.023221   -0.062239
-0.06483    0.012709    0.054329
-0.062805    0.011831     0.05449
-0.063636    0.018469    0.052815
-0.058694    0.023658    0.055575
-0.061837    0.022686    0.054193
-0.066037   0.0047783   -0.046483
-0.055685    0.025439    0.059432
-0.059919    0.025075    0.056662
-0.062565   0.0072577      0.0628
-0.059747   0.0065026    0.067793
-0.064406   0.0082319    0.058423
-0.064735    0.013479    0.053896
-0.07105  -0.0045234    0.048062
-0.064839    0.012094    0.054738
-0.057525    0.001848      0.0678
-0.057316   0.0058511      0.0678
-0.060061   0.0028628      0.0678
-0.057388   0.0058707    0.067792
-0.059683   0.0064855      0.0678
-0.044364     0.02692      0.0678
-0.046646    0.028654      0.0678
-0.052767    0.025338      0.0628
-0.050806    0.024812      0.0678
-0.047642    0.023965    0.067799
-0.05084    0.024828      0.0678
-0.047639    0.023964      0.0678
-0.053291    0.025478    0.065305
-0.046609    0.028688    0.067803
-0.054663    0.031984    0.057974
-0.05082     0.02475    0.067744
-0.061168    0.028588    0.050916
-0.062623    0.029592    0.043527
-0.058025    0.034706    0.048265
-0.063305     0.03005    0.037831
-0.061126    0.028533    0.051387
-0.057478    0.026225    0.060067
-0.057745    0.026156    0.059682
-0.056418    0.026218    0.061412
-0.055395    0.026042      0.0628
-0.032878    0.033132      0.0678
-0.032605    0.035239      0.0678
-0.036683    0.035713    0.058598
-0.052476    0.037013    0.037792
-0.051407    0.036585    0.048019
-0.048261     0.03472    0.057838
-0.042608    0.031362      0.0678
-0.02599    0.035312    0.052901
-0.026945    0.035159    0.045379
-0.024382    0.035567    0.060373
-0.021897    0.035923      0.0678
-0.022119    0.035924      0.0678
-0.034164   -0.032746    0.067797
-0.034465   -0.032406     0.06628
-0.037241   -0.031108    0.064154
-0.034166   -0.032756      0.0678
-0.042203   -0.027235      0.0678
-0.044051   -0.028377      0.0678
-0.050336   -0.020205      0.0678
-0.052075   -0.021257      0.0678
-0.033937   -0.031901    0.062075
-0.035818   -0.030813    0.057883
-0.036779   -0.029818    0.048885
-0.05464   -0.021468    0.049228
-0.056586    -0.01956    0.057911
-0.035318   -0.030277    0.049986
-0.036716    -0.02966    0.048906
-0.063808   0.0080149    0.059967
-0.064556   0.0094093    0.057431
-0.067099  -0.0032031    0.057933
-0.056519  -0.0061779      0.0678
-0.059982  -0.0023278      0.0678
-0.062536   0.0072624    0.062785
-0.060059 -0.00078032      0.0678
-0.059488   0.0064645    0.067628
-0.059331  -0.0064411    0.067786
-0.065129  -0.0088406    0.060393
-0.07099  -0.0045304    0.048105
-0.070884  -0.0091622    0.049519
-0.059017  -0.0076932      0.0678
-0.06906   -0.013248    0.049111
-0.062654   -0.014683    0.057911
-0.065569   -0.016207    0.048044
-0.065576   -0.016224    0.048055
-0.06266   -0.014703    0.057943
-0.057559    -0.01206      0.0678
-0.062949    0.029826      0.0378
-0.072197  -0.0049657    0.037792
-0.062952    0.029827      0.0378
-0.069369   0.0056611   -0.042806
-0.072148  -0.0045036    0.026185
-0.071731   -0.012229    0.037796
-0.072267  -0.0049473      0.0378
-0.037081   -0.029324    0.037799
-0.063787    0.013176    0.019958
-0.064667   0.0098913    0.019958
-0.066505   -0.016688    0.037798
-0.066527   -0.016735      0.0378
-0.037066   -0.029288      0.0378
-0.035739   -0.029763      0.0378
-0.066346   0.0036228   -0.046271
-0.027248    0.035107      0.0378
-0.059199    0.035586    0.037809
-0.052461    0.037203      0.0378
-0.059337  -0.0021139     -0.0622
-0.060514   0.0016374     -0.0622
-0.060526   0.0016372   -0.062214
-0.059341  -0.0021152   -0.062205
-0.066693  -0.0066208   -0.056821
-0.070461   -0.010609   -0.050483
-0.070231    -0.01403   -0.042202
-0.07232  -0.0098847   -0.042198
-0.072417  -0.0049201    0.037802
-0.072152   -0.011527   -0.042204
-0.071754   -0.012283    0.037798
-0.066527   -0.016735     -0.0422
-0.065495   -0.015546   -0.049756
-0.06235   -0.011895    -0.05635
-0.056641  -0.0052592     -0.0622
-0.066739    0.001951   -0.045317
-0.035627   -0.029462   -0.062239
-0.047344   -0.012393     -0.0622
-0.046863   -0.014999   -0.060776
-0.047347   -0.012395   -0.062203
-0.03545   -0.029824     -0.0622
-0.04691   -0.014797   -0.060898
-0.047257    -0.01294   -0.061918
-0.046781   -0.014966   -0.060596
-0.047346   -0.012393   -0.062201
-0.037066   -0.029288     -0.0422
-0.054003   -0.022071     -0.0422
-0.052117   -0.021498   -0.050207
-0.04639   -0.014883   -0.060243
-0.045607   -0.018775   -0.058039
-0.045966   -0.018142   -0.058676
-0.044948   -0.020595   -0.056653
-0.044822   -0.020962   -0.056391
-0.050928   -0.020299   -0.053162
-0.047127   -0.015224   -0.060936
-0.04561   -0.019102   -0.057942
-0.039326   -0.027736   -0.047611
-0.043667    -0.02306   -0.054276
-0.043509   -0.023012   -0.054309
-0.039353   -0.027639   -0.047499
-0.054075   -0.022253   -0.042224
-0.066639   0.0025312   -0.045651
-0.03904   -0.027818   -0.047614
-0.036854   -0.029296   -0.044313
-0.03699   -0.029247    -0.04407
-0.039373   -0.027649   -0.047492
-0.040752   -0.027768   -0.042203
-0.039337   -0.027685   -0.047435
-0.036986   -0.029232   -0.044061
-0.040733   -0.027725     -0.0422
-0.065721    0.005956   -0.046272
-0.06716  0.00071208     -0.0423
-0.032897    0.032669   -0.048543
-0.026659    0.035063   -0.042535
-0.027061    0.033089   -0.042399
-0.027248    0.035106     -0.0422
-0.052461    0.037203     -0.0422
-0.032778     0.03462   -0.048976
-0.027247    0.035109     -0.0422
-0.038111    0.036237   -0.042204
-0.038213    0.033073   -0.054422
-0.038345    0.032652   -0.054385
-0.039898    0.031769   -0.055797
-0.047791    0.024864   -0.062256
-0.055658    0.020316     -0.0622
-0.058624     0.03399   -0.050143
-0.060691    0.033989   -0.042201
-0.056972     0.03654   -0.042201
-0.052966    0.023082     -0.0622
-0.055658    0.020327   -0.062206
-0.056946    0.029439    -0.05669
-0.052961    0.023083   -0.062196
-0.048159    0.023268     -0.0622
-0.059458    0.035404    0.037804
-0.058931    0.035813   -0.042202
-0.038106    0.036387   -0.042253
-0.038231    0.032845   -0.054339
-0.052039    0.035898   -0.049508
-0.044166    0.028586    -0.05946
-0.050814    0.031917   -0.056088
-0.047727    0.024815     -0.0622
-0.047755    0.024845     -0.0622
-0.048614    0.024698     -0.0622
-0.060213   0.0052627     -0.0622
-0.067188 -0.00063912   -0.056428
-0.071012  -0.0038781   -0.049844
-0.072266  -0.0049475     -0.0422
-0.062337    0.028491   -0.049594
-0.060433    0.024525   -0.056178
-0.056968    0.017372     -0.0622
-0.060377    0.024578   -0.056018
-0.060232   0.0052676   -0.062218
-0.070981  -0.0038939    -0.04981
-0.066397    0.017031    -0.04282
-0.062949    0.029826     -0.0422
-0.066444     0.01585   -0.042897
-0.020277 -0.00024279     -0.0582
0.0022395    0.012757     -0.0582
0.0055005    0.003151     -0.0582
0.0048371   -0.006972     -0.0582
0.00035028    -0.01607     -0.0582
-0.0072769   -0.022759     -0.0582
-0.016883    -0.02602     -0.0582
-0.027006   -0.025357     -0.0582
-0.036105    -0.02087     -0.0582
-0.042794   -0.013243     -0.0582
-0.046055  -0.0036366     -0.0582
-0.045391   0.0064864     -0.0582
-0.040904    0.015585     -0.0582
-0.033277    0.022274     -0.0582
-0.023671    0.025535     -0.0582
-0.013548    0.024871     -0.0582
-0.0044493    0.020385     -0.0582
0.0018236    0.025124   0.0087999
-0.0026985    0.026726   0.0087998
0.0060386    0.022833   0.0087999
0.020134  -0.0024312    0.037796
0.019804  -0.0052459  -0.0061999
0.016988   -0.015757  -0.0061998
-0.032036   -0.028671    0.042834
-0.03233   -0.029768    0.048909
-0.03235   -0.029843    0.056114
-0.020373   -0.031508     -0.0047
-0.020373   -0.031508     -0.0062
-0.018486   -0.032195     -0.0062
-0.010093    0.034952   -0.045091
-0.015618    0.034823   -0.049936
-0.017074    0.033685   -0.043463
0.0072764    0.021983      0.0378
-0.019637    0.029195      0.0378
-0.019119    0.031126      0.0378
-0.034053   -0.024609      0.0398
-0.034053   -0.024609      0.0378
-0.034521   -0.026353      0.0378
-0.015241    0.034011      0.0678
-0.0068309    0.031013      0.0678
-0.015061    0.034683      0.0678
0.018619  3.1697e-05    0.018233
0.019076   0.0017396    0.017501
0.019534   0.0034473    0.018233
0.021397   0.0030067   0.0010423
0.021544    0.002113  0.00046514
0.020884   0.0053559  -0.0061999
-0.0075466    0.032779   -0.038956
0.0045272    0.029544   -0.038956
-0.00037666    0.026734   -0.017087
-0.0040143    0.022576    0.026563
-0.0040143    0.022576    0.029037
-0.0054183    0.022952    0.031037
-0.0045851    0.033303   -0.055336
0.0025581    0.031389   -0.054189
-0.0010248    0.030469   -0.061722
-0.039081   -0.027919      0.0623
-0.033286   -0.029472      0.0678
-0.039081   -0.027919      0.0678
0.0043089    0.020153      0.0678
0.010295    0.019273    0.055441
-1.6832e-05    0.025106    0.067726
0.011871   -0.019356   0.0063928
0.012178   -0.018213   0.0055097
0.011871   -0.019356 -0.00079277
0.01238   -0.017455    0.021453
0.012451   -0.017191        0.02
0.01238   -0.017455    0.018547
0.010657   -0.024613  -0.0061999
0.01891   -0.016368  -0.0061998
0.012622   -0.025479  -0.0061998
0.019847 -0.00080745    0.023361
0.019906  -0.0024658    0.021294
-0.0023622    0.027982      0.0378
-0.0026984    0.026726  -0.0062001
-0.0026987    0.026727      0.0378
-0.010551    0.034616   -0.043356
-0.010417    0.030762     -0.0412
-0.0094596    0.034334     -0.0412
-0.014539    0.031866   -0.039433
-0.012832    0.031409     -0.0387
-0.011124    0.030951   -0.039433
0.0031761    0.028173   -0.011014
0.0050505    0.028133   -0.018686
0.0098977    0.027287   -0.038908
-0.0022146    0.032394   -0.055699
0.0002372    0.031737   -0.055312
0.0085568    0.028483   -0.038725
0.0072136    0.029594   -0.039955
0.0024644    0.030082   -0.011303
-0.024019   -0.031955    0.060184
-0.02749   -0.031024      0.0678
-0.023259   -0.032158    0.062048
0.011354   -0.023914 -9.2659e-05
0.012213   -0.022987 -0.00086307
0.018429 -0.00067527        0.02
0.02189  -0.0016676        0.02
0.021846 -0.00076068    0.018012
0.013323   -0.019735   0.0045676
0.012407    -0.02315   0.0045677
0.012407    -0.02315   0.0010326
0.02189  -0.0016676      0.0028
0.021691  -0.0064809    0.037797
0.021774  -0.0056782  -0.0061998
0.019076   0.0017396    0.022499
0.018619  3.1712e-05    0.021768
0.019004   0.0046355    0.017107
0.018649   0.0059386     0.01934
0.019004   0.0046355   0.0056928
-0.015325    0.033712    0.067839
-0.016901    0.031683    0.037814
-0.016207     0.03427      0.0678
-0.0010171    0.028872      0.0378
0.012954    0.019803    0.037796
0.0086742    0.023439     -0.0062
0.013162   -0.021865  -0.0012193
-0.0022059    0.032429     -0.0126
-0.009976    0.034431   -0.039668
-0.011302    0.034591   -0.038787
-0.0046755    0.027075  -0.0062001
-0.018027   -0.033834   -0.012417
-0.017546   -0.032545   -0.006397
-0.017993   -0.032537     -0.0064
0.0094907     0.02578    -0.03954
0.0094428    0.025427   -0.038741
0.009879    0.027269   -0.038912
0.0070874    0.026071   -0.043286
0.0060567    0.026348   -0.041718
0.010788     0.02508   -0.040681
0.011502   -0.020735    0.016014
0.011502   -0.020735    0.023986
0.011871   -0.019356    0.023593
0.017542   0.0018079   0.0067858
0.017542   0.0018079  -0.0011857
0.017173  0.00042943 -0.00079278
-0.038046   -0.024055      0.0598
-0.038823   -0.026953      0.0598
0.021397   0.0030067    0.018242
0.021544   0.0021134   0.0051349
0.021397   0.0030069   0.0045575
-0.026362    0.035005     -0.0422
-0.027246    0.035112   -0.042204
-0.011082    0.030215      0.0678
-0.016877    0.031768      0.0678
-0.021717   -0.032525      0.0388
-0.032036   -0.028671      0.0388
-0.021717   -0.032525      0.0378
-0.019637    0.029195      0.0398
0.0072894     0.02198    0.037801
0.013075   -0.020687    0.022502
0.016514   -0.020662    0.021988
0.014279    -0.02368    0.021909
0.01776  -0.0088509    0.048448
0.013756  -0.0076673    0.058448
0.018259  0.00038602    0.048366
0.0090245   -0.019073    0.057952
-0.022673    0.033321      0.0598
-0.023708    0.029457      0.0678
-0.022673    0.033321      0.0678
0.018087   -0.018473    0.037802
0.021856 -0.00090259   0.0010141
0.01373   -0.024291   0.0028001
0.0098084   -0.028033      0.0378
0.0090758   -0.029158  -0.0061929
0.010665    0.027725   -0.049995
0.011515    0.026792   -0.045889
0.010026      0.0263   -0.054295
0.019906  -0.0024658    0.018706
0.0045295    0.029552      -0.055
0.0045294    0.029552   -0.039045
-0.0075445    0.032787      -0.055
0.0074474   -0.011955    0.067786
0.0024988     -0.0204      0.0678
0.013928   -0.019428    0.053791
-0.008958   -0.033313     -0.0047
-0.018519   -0.032379   0.0072999
-0.0089726   -0.033191   0.0072999
-0.026657    0.035037   -0.042526
-0.027246    0.035092   -0.043174
-0.027059     0.03308   -0.042395
0.010527   -0.024373   0.0048478
0.010781   -0.023426   0.0059578
0.010527   -0.024373  0.00075234
0.0061208    0.022922      0.0208
0.013957    0.015365  -0.0061999
-0.032033   -0.025995      0.0678
-0.0018164    0.024929    0.061682
0.0056625    0.013386    0.067915
0.0025431    0.019097    0.067793
-0.0089725   -0.033191     -0.0062
0.0036399   -0.031952  -0.0061999
-0.0069936   -0.035034     -0.0062
-0.0027215    0.026724      0.0398
-0.019117    0.031137      0.0398
0.0071928    0.022006      0.0398
-0.0048532    0.032313  -0.0083181
-0.0021973     0.03246   -0.012598
-0.0071901    0.032908   -0.011345
0.019437   0.0026013     0.03779
0.019704  -0.0062521    0.037798
0.021396    0.003007    0.021758
0.021249   0.0037738        0.02
0.020677   0.0067317    0.037793
-0.036209   -0.027432    -0.04389
-0.035451   -0.029827     -0.0422
-0.036937   -0.029283    -0.04417
-0.034935   -0.027895   -0.042201
0.021249   0.0037738      0.0028
0.019545   0.0019568    0.015981
0.019545   0.0019568   0.0068193
0.019847 -0.00080749    0.006161
0.017923   0.0032303  -0.0010335
-0.0050185    0.025795   0.0072998
-0.0046756    0.027075   0.0087998
-0.0046756    0.027075   0.0072998
-0.035738   -0.029759      0.0378
-0.03707   -0.029299   -0.042206
-0.035734   -0.029748     -0.0422
0.003966   -0.024624     0.05833
-0.0093586   -0.027451      0.0678
-0.0044246   -0.023894      0.0678
-0.018985   -0.034235    -0.01325
-0.035734   -0.029747      0.0378
-0.0050185    0.025795   0.0087998
0.013177   -0.020284     0.01768
0.017005   -0.019899        0.02
0.013512   -0.019028        0.02
-0.018542   -0.034354   -0.016228
0.018517   0.0054463    0.017952
0.018517   0.0054463    0.022048
0.018649   0.0059386     0.02066
0.0060385    0.022833      0.0223
0.0063013     0.02287      0.0378
-0.0055066   -0.037847   -0.016247
0.019534   0.0034473   0.0010325
0.019724   0.0041542      0.0028
0.019534   0.0034473   0.0045676
0.019907  -0.0024659   0.0040939
0.019907  -0.0024658   0.0015061
-0.032727   -0.028413    0.040282
-0.032324    -0.02975    0.055525
-0.00013939   -0.019433      0.0678
0.012178   -0.018213  9.0432e-05
-0.010092   -0.034858    0.053277
-0.015823   -0.032604      0.0678
-0.02451   -0.033847      0.0678
-0.020373   -0.031508      0.0223
-0.02003   -0.030228      0.0223
-0.020373   -0.031508      0.0208
0.010527   -0.024373    0.022048
0.010527   -0.024373    0.017952
0.010395   -0.024865     0.01934
-0.035726   -0.029748   -0.042558
-0.03545   -0.029824     -0.0422
-0.034934   -0.027892     -0.0422
-0.020373   -0.031508   0.0087999
-0.020373   -0.031508   0.0072999
-0.018486   -0.032195   0.0072999
0.015996    0.012651    0.037798
-0.03694   -0.029262    -0.04417
-0.035704   -0.029769   -0.042243
-0.037075   -0.029265   -0.042199
-0.0056637     0.02942  -0.0055911
-0.0019474     0.02884  -0.0059501
-0.004552    0.030225  -0.0063251
-0.00070984    0.026153  -0.0064001
-0.001416    0.026683  -0.0064001
-0.0016921    0.025389  -0.0064001
0.016663  -0.0014716    0.018547
0.016592   -0.001736        0.02
0.016663  -0.0014716    0.021453
0.018619  3.1652e-05   0.0010325
0.018619  3.1667e-05   0.0045676
0.018429 -0.00067532      0.0028
0.016663  -0.0014716   0.0013471
0.016663  -0.0014716    0.004253
0.016866 -0.00071411   0.0055097
0.0051126    0.013179    0.067684
0.010949    0.011861    0.058063
0.0068919   0.0078631      0.0678
-0.012903    0.034819   -0.053722
-0.0086948    0.034131   -0.052419
-0.0068924    0.033648   -0.054185
-0.03299   -0.032229      0.0678
-0.03386    -0.03163    0.067877
0.014241     -0.0237   0.0045578
0.014815      -0.023    0.017665
0.01424     -0.0237    0.018243
0.015686   -0.018216    0.018706
0.015686   -0.018216    0.021294
0.015281   -0.019219    0.037803
-0.016877    0.031768      0.0598
0.017923   0.0032304    0.023834
0.017172  0.00042948    0.016407
0.017172   0.0004295    0.023593
0.0059738    0.026371   -0.040536
0.0075504    0.029618   -0.042559
0.021544   0.0021134    0.022335
0.0078896    0.025862   -0.043828
-0.032964   -0.028334    0.037799
0.011354   -0.023914    0.022893
0.010395   -0.024865     0.02066
0.0093714    0.019023    0.050419
0.016789    0.011041    0.037769
0.015598   0.0085833    0.051102
-0.019386    0.028193      0.0598
-0.016478    0.028389      0.0598
-0.016461    0.028287      0.0678
0.021856 -0.00090232    0.021786
0.021688   0.0010403    0.022546
0.016288  -0.0070823    0.058241
0.019815  -0.0091141    0.048489
-0.00047667    0.026338   -0.014436
-0.0016133    0.025946  -0.0090001
-0.0013356    0.026983  -0.0090001
-0.0087002   -0.033329    0.037802
0.0016182   -0.030683  -0.0061999
0.011717   -0.019947    0.015845
0.014588   -0.019948    0.016251
0.011433   -0.023865    0.016936
-0.0029158   -0.033506    0.052152
-0.00026638   -0.030539    0.057995
0.0022311    0.025747   -0.008429
0.0036571    0.026134    -0.01109
0.0029676    0.027316   -0.011065
0.0058155   -0.025943    0.058324
0.01163   -0.024973    0.048324
0.01114   -0.019953       0.058
-0.016851    0.031864      0.0378
0.0098703     0.00298      0.0678
0.0090896   0.0087115      0.0678
-0.032033   -0.025995      0.0598
-0.033027   -0.028506      0.0598
0.0074283   0.0023538      0.0678
0.0055411    0.030524   -0.050175
0.0061806    0.028933   -0.058297
-0.0091463    0.031501   -0.010962
-0.00667    0.032875   -0.011478
-0.017244    0.033718   -0.043433
-0.02003   -0.030228   0.0087999
-0.013769   -0.033068   0.0087999
-0.0089726   -0.033191   0.0087999
-0.018486   -0.032195     -0.0047
-0.02003   -0.030228     -0.0047
0.021442    0.002983   0.0047984
0.021839  -0.0003828   0.0051836
-0.0050184    0.025795  -0.0047001
-0.0046755    0.027075  -0.0047001
-0.0050184    0.025795  -0.0062001
-0.0038929    0.026961  -0.0053781
-0.0039278    0.027295  -0.0066901
-0.0036633    0.026877  -0.0054491
-0.0058795   -0.031968    0.053776
-0.024483    -0.03183      0.0678
-0.016761    -0.03063      0.0678
0.018768  0.00057996     0.02232
0.021839 -0.00038276    0.022384
0.018263   0.0044989 -0.00035769
0.018263   0.0044989   0.0059578
0.017923   0.0032304   0.0066336
-0.019375    0.028296      0.0598
-0.023708    0.029457      0.0598
0.0013285     0.02692  -0.0082611
-0.0014467    0.026594  -0.0065461
0.005744    0.030262   -0.045112
-0.010173    0.034527   -0.045112
-0.0022149    0.032394     -0.0126
0.0056924   -0.028723    0.037798
-0.024048   -0.032167    0.060144
-0.022866   -0.031219     0.04947
-0.027392   -0.030998    0.059791
0.012497      -0.017    0.019673
0.005983    0.030198   -0.047666
-0.015725    0.032203    0.053096
-0.015547    0.032867    0.053212
-0.015703    0.032284      0.0388
-0.0073893    0.030986  -0.0080421
0.012407    -0.02315    0.018233
0.012407    -0.02315    0.021768
0.012218   -0.023857        0.02
0.0061209    0.022922   0.0072999
-0.0026985    0.026726   0.0072998
-0.0026351    0.026902  -0.0047001
0.019077   0.0017395  0.00030103
0.014805   -0.019622    0.016639
0.014805   -0.019622    0.006161
-0.016697    0.032438     0.05284
-0.016877    0.031768    0.058902
-0.013769   -0.033068      0.0223
-0.0089727   -0.033191      0.0223
0.00052626    0.026573   -0.019388
0.0048835    0.028942   -0.038999
0.0038735    0.025173      -0.039
0.004258    0.027777   -0.016516
0.0040968     0.02638   -0.012621
0.0051076    0.026582   -0.016251
0.018881  0.00098005  0.00029833
0.021847 -0.00076072  0.00081224
0.0049369     0.02895   -0.038996
0.0046059    0.029675   -0.055017
0.0048812    0.028941   -0.055207
0.011722   -0.019941    0.006991
0.014542   -0.020023   0.0066049
0.015686   -0.018216   0.0040939
0.0099973   -0.023708     0.04835
0.0019392    -0.02908    0.052665
0.012177   -0.018213     0.02271
0.012177   -0.018213    0.017291
0.011871   -0.019356    0.016407
0.016342    0.015453  -0.0061999
-0.017101    0.030933     0.04927
-0.017191    0.030596    0.037801
0.013165   0.0064695    0.057769
0.017336   0.0010108   -0.001391
0.019819 -0.00032825  -0.0010049
-0.033307   -0.029551    0.055942
-0.033286   -0.029472      0.0623
-0.0034383    0.026863  -0.0052531
-0.0032675      0.0275  -0.0063961
-0.0024823    0.027002  -0.0059141
-0.018486   -0.032195      0.0223
0.016866 -0.00071408    0.017291
-0.0080233    0.029391      0.0678
-0.0045016    0.026938      0.0678
-0.014539    0.031866   -0.042967
-0.015246    0.032056     -0.0412
-0.033154    -0.02898      0.0598
-0.032754   -0.027487    0.049191
-0.032978   -0.028323      0.0378
0.0022608    0.025807   -0.008381
1.8716e-05    0.025895  -0.0064001
0.0059691    0.024301     -0.0064
-0.020666   -0.032901      0.0388
-0.032219   -0.029354      0.0388
-0.0020054    0.028411    0.046095
-0.0013976    0.026947    0.057608
0.0073861    0.024736    0.037814
-0.011613    0.029936    0.059835
-0.0024944    0.026193    0.050313
-0.001889    0.025056    0.060753
-0.0089581   -0.033313   0.0087999
-0.018519   -0.032379      0.0208
-0.0089727   -0.033191      0.0208
-0.01569    0.032334      0.0388
-0.015477    0.033095    0.052961
-0.0018771    0.028066    0.049895
-0.0034266    -0.03471    0.037801
0.010781   -0.023426    0.023158
0.010781   -0.023426    0.016842
-0.013317     0.03496    -0.04349
-0.011974     0.03118   -0.043654
-0.0098186   -0.034621     -0.0064
-0.0095598   -0.033655     -0.0064
-0.018221   -0.031382     -0.0064
-0.001396    0.027723  -0.0062001
-0.0012188    0.028385  -0.0062001
0.0029714    0.024589      0.0398
-0.022875   -0.031256    0.049464
-0.021308   -0.031306      0.0398
-0.03256    -0.02677    0.039813
0.010395   -0.024865   0.0021404
-0.032946   -0.028331      0.0378
-0.0034301    0.027544  -0.0064471
-0.0037217    0.027622  -0.0070091
-0.0013602    0.026989  -0.0064701
-0.0024379    0.026334    0.050259
-0.0026923    0.026713      0.0398
0.0073233    0.022146      0.0398
0.019723   0.0041543        0.02
0.019534   0.0034473    0.021768
-0.013793    0.031588   -0.058756
-0.014305    0.032756   -0.056349
-0.0092775    0.031492   -0.060676
-0.031251   -0.026745      0.0598
-0.031251   -0.026745      0.0678
-0.02749   -0.031025    0.059807
-0.032639   -0.027058      0.0378
-0.011416   -0.033223      0.0378
-0.018486   -0.032195      0.0378
-0.033117   -0.032705    0.066611
-0.018413   -0.034652    0.055314
-0.03317   -0.032904      0.0678
-0.015611    0.032173   -0.041372
-0.0054183    0.022952    0.024563
-0.011124    0.030951   -0.042967
0.0013251    -0.03297      0.0378
-0.0026985    0.026727      0.0208
-0.0026352    0.026902   0.0087998
-0.033956   -0.031971      0.0678
-0.018486   -0.032195   0.0087999
-0.0043889   -0.032929    0.037782
-0.0043266   -0.032574      0.0398
-0.015885    0.031606      0.0388
-0.015703    0.032284      0.0388
-0.0012186    0.028387      0.0388
-0.03273   -0.031261    0.059452
-0.017179    0.030601      0.0398
-0.014553    0.034643     -0.0412
0.017947    0.010112    0.048031
0.021407   0.0029491    0.037788
0.018453    0.011847      0.0378
-0.01695    0.033536   -0.043529
-0.018655    0.032865   -0.046528
-0.018153    0.032835   -0.043269
0.019545   0.0019568  -0.0012193
0.019096   0.0043252 -0.00062329
-0.017857   -0.033709     -0.0062
-0.027242    0.035147   -0.042203
-0.025489      0.0348      0.0378
-0.025489      0.0348     -0.0422
-0.018627    0.032961     -0.0422
-0.0043267   -0.032574      0.0398
-0.0043066   -0.032579      0.0378
-0.027245    0.035129      0.0378
-0.027245    0.035133      0.0378
-0.024658    0.034976    0.050502
-0.019813    0.033279      0.0378
-0.0022069    0.028562      0.0378
-0.0022066    0.028562  -0.0051671
-0.0056684    0.029489  -0.0055591
-0.010195    0.030702   -0.010757
-0.0085553    0.030263  -0.0075811
-0.01903   -0.034223      0.0378
-0.014224     0.03105      0.0598
-0.011558    0.030054      0.0598
-0.0055064   -0.037847     -0.0472
0.018263   0.0044989    0.016842
-0.01753     0.02813      0.0598
-0.011563    0.030052      0.0598
-0.011082    0.030215    0.062743
-0.016478    0.028389      0.0678
-0.017373    0.032625   -0.053512
0.021688   0.0010401    0.017454
0.021856 -0.00090236   0.0045864
0.021688   0.0010403   0.0053459
-0.018074   -0.034094   -0.012433
-0.018587   -0.034619   -0.016181
-0.018048   -0.034485   -0.016253
-0.018828    -0.03346      0.0388
-0.021727   -0.032552      0.0378
-0.0081228    0.029329    0.067809
0.016536  -0.0019242    0.003127
0.0091315    0.017039    0.061609
0.0073696     0.01426      0.0678
0.018881   0.0009801    0.017498
-0.017962   -0.034103   -0.012599
-0.018064   -0.034482   -0.016247
-0.005521   -0.037901   -0.016243
-0.018034   -0.034371     -0.0062
-0.018034   -0.034372      0.0388
-0.004989   -0.035915     -0.0144
-0.0054944   -0.037801   -0.014894
0.019284   0.0034025   0.0064631
-0.0074475   -0.037327     -0.0547
-0.0049888   -0.035915     -0.0472
-0.012751   -0.035906    -0.06019
-0.0069299   -0.035395     -0.0547
-0.019995   -0.033965     -0.0622
-0.012233   -0.033974    -0.06019
-0.019478   -0.032033     -0.0622
-0.035726   -0.029747   -0.042558
-0.03545   -0.029824     -0.0422
-0.034916   -0.027896     -0.0622
0.012218   -0.023857   0.0028001
-0.036946   -0.029253   -0.044391
-0.035733   -0.029767   -0.042572
0.018649   0.0059385   0.0021404
0.018649   0.0059385   0.0034598
0.020297  0.00069694    0.048424
0.015223   0.0072552    0.057845
-0.013769   -0.033068     -0.0047
0.016866 -0.00071413  9.0417e-05
0.017173  0.00042945   0.0063928
0.017334   0.0010188    0.024155
0.019047   0.0045532    0.023064
0.018721   0.0059614    0.020897
-0.014007    0.032757    -0.05707
-0.0076718    0.032279   -0.060779
0.014806   -0.019622 -0.00056085
-0.033486   -0.030223    0.037804
-0.018512   -0.032291      0.0378
-0.033519   -0.030341      0.0378
-0.033354   -0.029725    0.060797
-0.033617   -0.030707    0.049842
-0.033001   -0.028409      0.0378
0.01238   -0.017455    0.004253
0.012451   -0.017191      0.0028
0.01238   -0.017455   0.0013471
0.011121   -0.022157    0.016167
0.01112   -0.022157    0.023834
-0.018512   -0.032292     -0.0064
-0.018696   -0.032979     -0.0064
0.021421   0.0029703  0.00089123
0.019872   0.0046061   0.0025872
-0.019029   -0.034223   -0.012059
0.0042656    0.030658   -0.052419
0.0024631    0.031141   -0.054185
-0.032977   -0.028322      0.0378
-0.00082732    0.026772    0.060592
0.0045308    0.029544   -0.038955
0.0048749    0.028942   -0.038955
-0.00036794    0.026619   -0.017129
0.0065758  -0.0055511      0.0678
0.0054895  -0.0093006      0.0678
0.0082889  -0.0094068      0.0678
0.015299   -0.022377      0.0378
-0.0012555    0.023978      0.0678
0.00017867    0.025375      0.0678
0.0060387    0.022833     -0.0047
-0.0026984    0.026726  -0.0047001
0.019284   0.0034026    0.023663
0.019545   0.0019569    0.024019
-0.017857   -0.033709      0.0388
-0.018825    -0.03345      0.0388
-0.018823   -0.033451     -0.0062
-0.0034898    0.026769  -0.0053231
-0.003854    0.027243  -0.0067031
-0.0033065    0.027408  -0.0064521
0.018749   0.0055892  -0.0061999
-0.018305   -0.032573   -0.006405
0.012077   -0.024363    0.019766
0.016318   -0.020986    0.017616
-0.02003   -0.030228   0.0072999
-0.0052308    0.028026   -0.017506
-0.0037504     0.02763  -0.0090001
0.0093065  -0.0053595      0.0678
0.0018235    0.025124      0.0223
-0.0026986    0.026727      0.0223
-0.018035   -0.034372      0.0388
-0.018034    -0.03437      0.0378
-0.0082493   -0.035149      0.0378
0.0060387    0.022833     -0.0062
-0.0023619    0.027982  -0.0062001
-0.010093    0.034871   -0.045107
-0.02003   -0.030228      0.0208
-0.0075815   -0.029163      0.0678
0.0025834    0.019041      0.0678
0.0054175    0.013235      0.0678
-0.0046756    0.027075      0.0208
0.0055573  -0.0091372     0.06736
0.0098601    0.028316   -0.043574
0.010769    0.025156   -0.041153
0.010178     0.02571    -0.04237
0.012077   -0.024363   0.0025656
0.016318   -0.020986  0.00041636
0.013177   -0.020284  0.00048035
-0.0095251    0.029798    0.065019
-0.033956   -0.031974    0.062714
-0.0089686    0.031381   -0.011004
-0.0085412    0.030122  -0.0076211
0.016517   -0.018353    0.048164
-0.0016974    0.025633  -0.0064001
-0.0013396    0.026968  -0.0064831
-0.016537    0.033037    0.052766
-0.016049    0.034859      0.0678
-0.00122    0.028382      0.0388
-0.0021782    0.028657      0.0388
-0.0012395    0.029338  -0.0063351
-0.016042    0.034911      0.0678
-0.016096    0.034671    0.067835
0.010781   -0.023426 -0.00035766
-0.01616    0.034448    0.067787
-0.016696    0.032444      0.0378
-0.019873     0.03304    0.037811
-0.020274    0.035251    0.064263
-0.02003   -0.030228     -0.0062
0.013162   -0.021865    0.015981
0.013162   -0.021865   0.0068193
0.0093668    0.019398    0.047386
-0.016858    0.031838    0.060796
-0.017213    0.030512      0.0378
-0.017121    0.030857    0.049323
-0.020677     0.03577      0.0678
-0.020867    0.035733    0.067216
-0.022118    0.035926      0.0678
-0.0075738    0.032936   -0.055021
-0.0075538    0.032842   -0.039045
-0.008157    0.032434   -0.039045
-0.0013041      0.0271  -0.0065021
-0.0046665    0.033051   -0.055312
0.011354   -0.023914    0.017107
0.010395   -0.024865   0.0034598
-0.018034   -0.034371      0.0378
0.017005   -0.019899   0.0028001
0.016593   -0.020545   0.0010138
-0.014179    0.034566   -0.039873
-0.010013    0.034479   -0.042792
-0.0020365    0.028518  -0.0053661
-0.0018355     0.02711  -0.0062981
0.0054741    0.030334   -0.050181
-0.0099036    0.034455   -0.050181
-0.010412    0.034591   -0.047666
0.00251    0.024808      0.0378
-0.013769   -0.033068      0.0208
-0.018486   -0.032195      0.0208
0.015476   -0.022143    0.005346
0.016593   -0.020545    0.018214
0.015476   -0.022143    0.017454
0.016665     0.01095      0.0378
0.016593   -0.020544   0.0045862
-0.017134    0.033623   -0.050665
0.00884    0.028502   -0.038657
0.018721   0.0059614    0.019103
0.019047   0.0045532    0.016936
0.017336   0.0010109    0.015809
0.0097182    0.028216   -0.043681
0.011116    0.027133   -0.043592
0.0058279    0.030517   -0.045111
0.014654   -0.023766  0.00057517
-0.023451   -0.032107    0.064807
-0.019117    0.031135      0.0398
0.019822  -0.0004164   0.0065492
0.017334   0.0010187    0.006955
-0.031185   -0.026665      0.0598
-0.033671   -0.025121      0.0678
0.010446   -0.024921    0.020897
0.011433   -0.023865    0.023064
0.011722   -0.019941    0.024191
0.0031981    0.028155   -0.011065
-0.0011916    0.029308  -0.0061871
-0.0021452   -0.025285      0.0678
-0.02275    0.033342    0.060834
0.0092453    0.023711   -0.007502
0.0089499    0.022608   -0.007497
-0.016877    0.031768      0.0608
-0.023721    0.033602    0.062003
0.013323   -0.019735   0.0010326
0.013512   -0.019028      0.0028
0.019047   0.0045532 -0.00026369
-0.024853    0.033905    0.065288
-0.008145     0.03243   -0.055207
0.010832    0.025003   -0.041663
0.021544    0.002113    0.017665
-0.0099578    0.024168    0.031037
-0.0099578    0.024168    0.024563
-0.007688     0.02356      0.0238
-0.0021845    0.032491   -0.012599
0.012865   -0.021443  0.00030104
-0.01903   -0.032153      0.0298
-0.018512   -0.032291      0.0278
-0.020444   -0.031774    0.031264
-0.035217   -0.027816      0.0378
-0.01903   -0.032153      0.0258
-0.018609   -0.032266     -0.0064
-0.017276   -0.028224      0.0278
-0.018521    -0.03229    0.028915
-0.019576   -0.032009    0.024888
-0.0094365    0.034359   -0.041183
-0.010028    0.030675   -0.041021
-0.011878    0.034628    -0.03842
-0.020444   -0.031774    0.024336
-0.022376   -0.031256      0.0238
-0.024646   -0.030648    0.024564
0.019004   0.0046355    0.022893
0.021856 -0.00090255    0.018214
-0.018546   -0.034413   -0.015962
-0.018396    -0.03247   -0.006421
-0.018701   -0.032976     -0.0064
-0.019029   -0.034224    -0.01206
-0.0026962    0.026735  -0.0053721
-0.0022339    0.028508  -0.0052061
0.013076   -0.020687   0.0053018
0.01428   -0.023681   0.0047089
0.012121   -0.024323    0.003013
-0.0022035    0.028574  -0.0053691
-0.0027245     0.02663      0.0378
-0.0027154    0.026663  -0.0053151
-0.00272    0.026671  -0.0052551
0.0016513    0.028584  -0.0080181
0.0031847    0.028157   -0.011013
0.0023497    0.030352   -0.011345
0.019076   0.0017395   0.0052992
-0.019375    0.028296      0.0678
-0.011574   -0.033274    0.039803
-0.021307   -0.031305      0.0398
-0.0034487    0.026824  -0.0051031
-0.0027242     0.02663  -0.0051031
-0.0027244     0.02663      0.0278
-0.012831    0.031409     -0.0437
-0.0032421    0.026769      0.0298
-0.0032421    0.026769      0.0258
-0.0036872     0.02249      0.0278
-0.0027328    0.026633    0.026684
-0.0037873    0.026917    0.030711
-3.9599e-05    0.030974  -0.0081471
-0.0046563    0.027148    0.031264
-0.0065881    0.027665      0.0318
-0.0088585    0.028274    0.031036
-0.034525   -0.026368      0.0398
0.0040457    0.026329   -0.012641
0.0034198    0.027595     -0.0126
0.0028711    0.027307   -0.011113
0.014815      -0.023    0.022335
0.015476   -0.022143    0.022546
0.014541   -0.020023    0.023805
-0.010263     0.02865    0.029035
-0.026005    0.032868   -0.042176
-0.03309   -0.028739    0.049309
-0.034866    -0.02828     0.04934
-0.033343   -0.029687    0.060809
-0.0050186    0.025795      0.0208
-0.0046757    0.027075      0.0223
-0.01764    0.031942    0.060817
-0.017261    0.030333    0.037806
-0.016839    0.031909      0.0608
0.0039821   -0.012906      0.0678
0.006796     -0.0133      0.0678
-0.017859   -0.033717      0.0388
-0.020748   -0.033624      0.0388
-0.02033    0.031347      0.0378
-0.018512   -0.032381    0.022303
0.019047   0.0045532   0.0058637
0.018721   0.0059613   0.0036967
0.00469     0.02772   -0.060123
-0.033691   -0.029708      0.0608
-0.034525   -0.026368      0.0398
-0.034521   -0.026355      0.0378
-0.032639   -0.027057      0.0378
0.013729   -0.024291        0.02
0.014292   -0.023702    0.018002
-0.01299    0.034625   -0.038902
-0.001831    0.027095  -0.0063381
-0.0012949     0.02703  -0.0064041
0.018263   0.0044989    0.023158
0.018517   0.0054463  0.00075231
0.018517   0.0054463   0.0048478
0.0069875    0.029778    -0.04177
0.0079709    0.029403    -0.04328
-0.033713   -0.025216      0.0598
0.0092934    0.020392      0.0378
-0.017187    0.030609      0.0378
0.019847 -0.00080746    0.016639
0.017542    0.001808    0.016014
-0.0021788    0.028655      0.0388
-0.025631   -0.031523    0.059494
-0.027489   -0.031025    0.059809
0.021442   0.0029831    0.021998
0.0018235    0.025124      0.0208
-0.0089725   -0.033191     -0.0047
-0.033713   -0.025216      0.0678
0.011502   -0.020735  -0.0011857
0.011121   -0.022157  -0.0010335
0.011121   -0.022157   0.0066336
-0.026887    0.033053   -0.042204
-0.027411    0.033115     -0.0422
-0.027417    0.033109   -0.042787
0.0083922     0.02382    -0.00705
0.010292    0.023781   -0.008866
0.0041079    0.026406   -0.012608
0.0042061   -0.028519    0.048141
-0.027413    0.033116   -0.042204
-0.02679    0.033034   -0.042143
0.0072589    0.021943      0.0378
0.0093009    0.020401    0.037801
-0.038046   -0.024055      0.0678
-0.0047052    0.027894   -0.017087
-0.0037504     0.02763  -0.0073961
0.012121   -0.024323    0.020213
0.018721   0.0059613   0.0019034
-0.01753     0.02813      0.0678
0.011502   -0.020735   0.0067858
-0.034933   -0.027892     -0.0422
-0.035216   -0.027816     -0.0422
-0.013813    0.031675   -0.038801
0.011191    0.027194   -0.043574
0.014624   -0.017516    0.048163
0.017401   -0.014841      0.0378
0.013706   -0.021169      0.0378
0.008553   -0.026476      0.0378
0.0060386    0.022833      0.0208
-0.0050186    0.025795      0.0223
-0.036284   -0.027456   -0.042206
-0.035211   -0.027826    -0.04256
-0.027071   -0.032996    0.057815
-0.033086    -0.03259     0.06665
-0.032088   -0.028915    0.038822
0.014805   -0.019622    0.023361
-0.023546   -0.026543    0.024563
-0.02495   -0.026167    0.026563
-0.023546   -0.026543    0.031037
-0.02705   -0.032912    0.057833
-0.0069227   -0.035644   -0.007391
-0.0061117   -0.034751  -0.0077279
-0.036286   -0.027457      0.0378
-0.03522   -0.027825   -0.042206
0.012865   -0.021443    0.017501
0.013322   -0.019735    0.021768
0.012865   -0.021443    0.022499
0.0024323   -0.030818    0.054033
-0.036206   -0.027406   -0.043895
0.0054604   -0.030141    0.048075
-0.036925   -0.029248   -0.044168
-0.036029   -0.027474   -0.044202
0.018512     0.01074    0.045817
0.010959    0.022254    0.037791
0.017923   0.0032304    0.016167
0.021688   0.0010401  0.00025425
0.015476   -0.022143  0.00025426
-0.018823    -0.03345      0.0378
-0.038058    -0.02611   -0.047366
-0.039286   -0.027687   -0.047523
-0.038127   -0.026049   -0.047483
-0.03932   -0.027658   -0.047573
0.0057794    0.030364   -0.045109
-0.017094    0.033586   -0.050276
0.013322   -0.019735    0.018233
0.010792    0.027084    -0.04278
0.0045996    0.029016    -0.05549
0.0045783    0.029674   -0.055042
-0.007873     0.03236   -0.055503
0.002969    0.027323   -0.011081
0.014292   -0.023702  0.00080186
-0.01846   -0.032098   -0.011188
-0.01846   -0.032098     -0.0064
-0.018305    -0.03152     -0.0064
-0.0015911   -0.028857    0.057915
0.016514   -0.020662   0.0047882
0.0040961    0.027856   -0.015037
0.0096514     0.02642   -0.038912
0.0052222    0.028112   -0.019287
0.019847 -0.00080751 -0.00056087
-0.026004    0.032882      0.0378
0.012213   -0.022986    0.023663
-0.02528     0.03301    0.049511
-0.026002    0.032889      0.0378
-0.026006    0.032868   -0.042159
-0.0080794    0.029411      0.0678
-0.0095337    0.028455   -0.038973
-0.019145     0.03103     -0.0422
0.017542    0.001808    0.023986
0.014241     -0.0237    0.021758
-0.0065881    0.027665      0.0238
-0.0039534    0.026959  -0.0054491
-0.0042071    0.027027  -0.0063581
-0.0042214    0.027031  -0.0089731
-0.026007    0.032868      0.0378
-0.010263     0.02865    0.026565
-0.0088585    0.028274    0.024564
0.01609   0.0092529    0.047983
-0.018357   -0.032162   -0.013236
-0.01863   -0.032202   -0.014343
-0.018228   -0.032327   -0.011167
-0.020366    0.031215    0.037804
0.019822 -0.00041636    0.023749
-0.01912    0.031125      0.0378
-0.017185    0.030617      0.0398
0.010799    0.023006     -0.0472
0.010799    0.023007     -0.0144
0.0040586    0.024812   -0.055403
0.0040857    0.024805   -0.038973
-0.0046563    0.027148    0.024336
0.015686   -0.018216   0.0015061
-0.0034197     0.02702  -0.0051221
-0.017766   -0.032509     -0.0064
0.014815      -0.023    0.005135
-0.004267    0.027225  -0.0066561
-0.0094831    0.028441   -0.055467
-0.023309   -0.033125    0.048328
-0.019145     0.03103   -0.061303
-0.0091503    0.028352   -0.055772
0.0057103    0.023335     -0.0064
0.0037641    0.024891   -0.055748
0.012213   -0.022986    0.016337
0.012213   -0.022987   0.0064631
0.0035545    0.024948    -0.06019
0.0088578    0.023527     -0.0547
-0.00026589    0.025971     -0.0144
-0.014593    0.030778    0.059839
-0.0014859    0.025263  -0.0064001
-0.0014014    0.025578  -0.0090101
0.011304    0.024893   -0.014894
0.011129     0.02424   -0.011403
0.010702    0.022644     -0.0114
0.0099688    0.022516   -0.008892
-0.012791    0.034927   -0.043543
-0.011263    0.034749   -0.043614
0.0081374     0.02277   -0.007065
0.011575    0.025904     -0.0472
0.011323    0.024963   -0.043999
-0.0047914    0.027909   -0.017008
-0.00029267    0.026703    -0.01701
0.011395     0.02523   -0.046045
-0.0011952    0.029348  -0.0062611
0.011529    0.025732   -0.047136
0.0096343    0.026424     -0.0547
-0.019145     0.03103     -0.0622
-0.0036898    0.026889     -0.0622
0.004331    0.027845    -0.06019
-0.019117    0.031022   -0.061639
-0.018845   -0.033504      0.0378
-0.0072085    0.029983     -0.0622
-0.0029134    0.029786     -0.0622
0.016536  -0.0019242    0.020327
-0.0074419    0.031026  -0.0079691
-0.019402    0.031092   -0.061544
-0.018632    0.032946   -0.062199
-0.019145     0.03103   -0.062114
-0.018259   -0.032074   -0.012193
-0.01806   -0.031377     -0.0064
0.0063855    0.026259   -0.039852
-0.027422   -0.031068    0.059796
0.016592   -0.001736      0.0028
-0.0013963    0.027723      0.0388
-0.0012196    0.028383      0.0388
-0.021312   -0.031304      0.0398
-0.012801   -0.033153      0.0398
-0.0011386    0.024108    0.067807
0.0043387    0.027797   -0.016504
0.0051246    0.026597   -0.016247
0.010116    0.026453   -0.038801
0.019819  -0.0003282    0.016195
0.011354   -0.023914   0.0056928
-0.0045377    0.030244  -0.0062381
-0.0075317    0.023533    0.032253
-0.011066    0.024465     0.03002
-0.0066903    0.027693    0.032103
-0.010582    0.028735     0.02806
-0.0076881     0.02356      0.0318
0.0035851    0.028271   -0.012536
0.0034683    0.028266   -0.012107
-0.01077    0.024386    0.025159
-0.0067609    0.027712    0.023287
0.013162   -0.021865    0.024019
-0.0075551    0.023531    0.023333
-0.0065176    0.027641    0.023538
-0.018703   -0.032241   -0.014393
-0.0075308     0.03291   -0.055039
-0.021127   -0.027206    0.023347
-0.018565    -0.03227   -0.014346
-0.026051   -0.030272    0.026565
-0.024654   -0.026246     0.02558
-0.022478   -0.031229    0.023497
-0.026369   -0.030186     0.02754
-0.021276   -0.027151      0.0238
-0.026051   -0.030272    0.029035
0.016866 -0.00071407     0.02271
-0.024646   -0.030648    0.031036
-0.024358   -0.026325    0.030441
-0.022549    -0.03121    0.032312
-0.022376   -0.031256      0.0318
-0.021276   -0.027151      0.0318
-0.021146   -0.027192    0.032267
-0.022303    -0.03127    0.032062
0.0031538    0.027647   -0.012673
-0.036217   -0.027556    0.043578
-0.036287    -0.02746      0.0378
-0.034873   -0.027908   -0.059003
0.0029788    0.027355   -0.011085
0.011717   -0.019948  -0.0013549
0.014588   -0.019948 -0.00094905
0.011433   -0.023865 -0.00026366
-0.035178   -0.027828   -0.042554
-0.034881   -0.027905   -0.058032
-0.036031   -0.027475   -0.044204
0.00014847    0.026585   -0.017516
0.011433   -0.023865   0.0058637
0.010446    0.024822   -0.040074
-0.035445   -0.029805     -0.0622
-0.004892   -0.035553     -0.0114
-0.0053195   -0.037148   -0.011403
-0.0054626   -0.035075  -0.0088919
-0.0071756    -0.03438   -0.007065
-0.011086    0.030216    0.062736
0.019284   0.0034025    0.016337
-0.02495   -0.026167    0.029037
-0.019117    0.031136      0.0398
0.018768  0.00057992   0.0051198
0.012497      -0.017   0.0024729
0.011352    0.026017   -0.047074
0.0048829     0.02894      -0.039
0.004883     0.02894     -0.0552
-0.018544   -0.032674     -0.0064
-0.021973    -0.03318      0.0388
-0.009005    0.031422   -0.011016
-0.011362    0.024545    0.029036
-0.011362    0.024545    0.026563
-0.017602   -0.028135    0.029037
-0.017602   -0.028135    0.026563
-0.019006   -0.027759    0.024563
-0.0055654    0.028205   -0.019375
-0.0091663    0.028667      -0.039
-0.0081591    0.032426      -0.039
-0.0081569    0.032434     -0.0552
-0.0081583    0.032429   -0.039001
-0.0091662    0.028667     -0.0552
-0.019006   -0.027759    0.031037
-0.018538   -0.032246     -0.0064
0.012865   -0.021443   0.0052992
-0.0093413    0.028349   -0.055648
-0.0089171    0.028699   -0.055869
-0.009537    0.028927   -0.055288
-0.0038539    0.027243  -0.0090001
-0.035789   -0.028198    0.052125
-0.034814   -0.029381    0.060804
-0.0048428    0.027856   -0.017056
-0.0052773    0.027982   -0.017632
-0.0060661     0.02878   -0.022445
-0.01711     0.03248    0.064294
-0.016717    0.032368    0.064268
-0.016591    0.032903    0.067801
0.019237   -0.015635      0.0378
-0.01659    0.032907      0.0678
-0.017589    0.032131      0.0608
0.0038736    0.025173     -0.0552
-0.026573    0.033254    0.050281
-0.023033    0.033418    0.061082
-0.023964    0.033746    0.062456
-0.022649    0.033315      0.0608
-0.023033    0.033418    0.061075
0.0060386    0.022833   0.0072999
0.0098838    0.027287   -0.038912
-0.013769   -0.033068   0.0072999
0.0096935    0.025373   -0.039077
-0.0043307   -0.032573      0.0398
-0.018637    0.032921   -0.062199
-0.026365    0.034996     -0.0422
-0.018452    0.032915   -0.044701
-0.018627    0.032961   -0.047199
0.011316    0.024938   -0.016247
0.011316    0.024938    -0.04292
0.02142   0.0029703    0.018091
0.0041281    0.026489   -0.012593
0.011331    0.024992   -0.016243
0.01082    0.024971   -0.041019
0.011551    0.025495   -0.046811
0.010762    0.025559   -0.042446
0.007888    0.025857   -0.038761
0.010794    0.027092   -0.042781
0.010549    0.026179    -0.04278
0.011594    0.025993   -0.047182
0.010446   -0.024921    0.019103
0.011474    0.026742   -0.045892
0.010669    0.020408    0.050157
0.011122    0.024214     -0.0114
0.0112    0.024506   -0.012609
-0.0083239    0.029876   -0.062114
-0.013828    0.031675   -0.058789
-0.0085501    0.030261     -0.0622
0.010695    0.024886   -0.040527
-0.0053126   -0.037122     -0.0114
-0.0053907   -0.037414   -0.012609
-0.0058147   -0.036332  -0.0088659
-0.017546    -0.03255     -0.0064
-0.0074797   -0.035416    -0.00705
-0.017948    -0.03405   -0.012609
-0.035177   -0.027824   -0.042557
-0.036013     -0.0275   -0.044213
-0.036926   -0.029287   -0.044174
-0.027458   -0.031069    0.059799
-0.034933   -0.027892     -0.0422
-0.034932   -0.027892   -0.055352
-0.035177   -0.027824   -0.042558
-0.0026304    0.026917    0.022301
0.010415     0.02518   -0.042606
0.0088876    0.025589   -0.043652
-0.033173   -0.032915    0.067799
0.019872   0.0046061    0.019787
-0.0017396    0.027078  -0.0063751
0.010446   -0.024921   0.0036967
-0.033158   -0.028992    0.059804
-0.021987    -0.03322    0.038799
0.010446   -0.024921   0.0019034
0.0018236    0.025124   0.0072999
-0.0081857    0.032449   -0.038996
-0.0047828    0.027802   -0.017141
-0.0060092    0.028752   -0.022487
-0.014012    0.034862   -0.042653
-0.019146    0.031024    -0.06131
-0.019142    0.031039     -0.0422
-0.026842    0.033027    -0.04216
0.0018237    0.025124     -0.0047
-0.027492    0.033184   -0.043123
-0.034525   -0.026369      0.0398
-0.032643   -0.027072      0.0398
0.0011821    0.026825   -0.022487
-0.0075446    0.032787   -0.039045
-0.020166     0.03097   -0.061199
-0.018622    0.032968   -0.062205
-0.019367    0.031083   -0.061513
-0.0012189    0.028385      0.0378
0.0032051    0.028196   -0.011089
-0.032635   -0.027044    0.037801
-0.0079077    0.032407   -0.055649
-0.0082493    0.032481   -0.055232
0.0045932    0.029017     -0.0555
-0.0078671    0.032356     -0.0555
0.0035839     0.02525     -0.0555
0.016593   -0.020544    0.021786
0.0050371    0.028939   -0.055252
0.0046296     0.02903   -0.055601
-0.0088765    0.028589     -0.0555
0.0039253    0.024795   -0.055587
0.0042551    0.025169   -0.055267
0.0037088    0.025377   -0.055925
-0.010179    0.030595   -0.010769
-0.016877    0.033482   -0.043539
-0.016859    0.031763    0.058845
-0.014478    0.031125      0.0598
0.010597    0.021908      0.0378
-0.0089998    0.031417   -0.011003
0.0022385    0.012758      0.0978
-0.020278 -0.00024239      0.0978
0.0054995   0.0031514      0.0978
0.0048361  -0.0069716      0.0978
0.00034925    -0.01607      0.0978
-0.007278   -0.022759      0.0978
-0.016884    -0.02602      0.0978
-0.027007   -0.025356      0.0978
-0.036106    -0.02087      0.0978
-0.042795   -0.013242      0.0978
-0.046056  -0.0036361      0.0978
-0.045392   0.0064868      0.0978
-0.040905    0.015585      0.0978
-0.033278    0.022274      0.0978
-0.023672    0.025535      0.0978
-0.013549    0.024872      0.0978
-0.0044503    0.020385      0.0978
F
44  573  620
44  620  636
44   636  1830
44   708  1644
44  1644   573
44  1830   708
304  560  573
304  561  571
304  562  570
304  569  562
304  570  561
304  571  560
304   573  1210
304  577  569
304  1210   577
454  456  465
454  458  488
454  465  466
454  466  467
454  467  521
454  488  456
454  521  458
456  466  465
456  485  466
456  488  485
458  461  488
458  521  461
461  490  488
461   520  1864
461  521  520
461  1864   490
462  520  522
462   522  1864
462  1864   520
464  520  521
464  521  522
464  522  520
466  485  487
466  487  565
466  521  467
466  522  521
466  531  522
466  565  531
482  486  488
482  488  489
482   489  1865
482  498  486
482  1865  1866
482  1866   498
485  486  630
485  488  486
485  630  487
486  497  555
486  498  497
486  555  630
487  623  651
487  630  623
487  643  565
487  650  643
487  651  650
488  490  489
489   490  1865
490  1864  1865
494  497  498
494   498  1867
494  1327   497
494  1867  1327
497  556  555
497  1327   556
498  1866  1867
503   556  1327
503  613  556
503  682  613
503  1325   682
503  1327  1867
503  1867  1868
503  1868  1325
508  510  597
508   577  1210
508  597  577
508  1178  1200
508  1200  1808
508  1206  1178
508  1208  1206
508  1210  1208
508  1808  1860
508  1860   510
510  512  533
510  533  536
510  536  550
510  550  568
510  568  597
510  1860  1861
510  1861   512
512  1861  1862
512  1862   533
522   531  1863
522  1863  1864
529   531  1862
529  1862  1863
529  1863   531
531   533  1862
531  565  567
531  567  533
533  550  536
533  567  550
550  563  568
550  567  563
555  556  624
555  624  631
555  631  630
556  613  624
559  560  561
559  561  641
559  573  560
559  641  648
559  648  573
560  571  561
561  562  641
561  570  562
562  563  566
562  564  642
562  566  564
562  569  563
562  642  641
563  567  566
563  569  568
564  565  643
564  566  567
564  567  565
564  643  642
568  569  577
568  577  597
573  648  620
573  1639  1210
573  1644  1639
613  634  624
613  682  933
613  933  634
620  625  639
620  626  625
620  627  636
620  639  627
620  648  626
622  623  631
622  624  634
622  627  645
622  631  624
622  634  636
622  636  627
622  644  623
622  645  644
623  630  631
623  644  651
625  626  627
625  627  639
626  645  627
626  646  645
626  648  646
634   933  1830
634  1830   636
641  642  644
641  644  645
641  645  646
641  646  648
642  643  650
642  650  644
644  650  651
655   656  1466
655  819  656
655  1466   819
656   657  1208
656   722  1206
656  756  722
656  819  756
656  1206   657
656  1208  1210
656  1210  1639
656  1639  1644
656  1644  1466
657  1206  1208
682   693  1389
682  706  933
682  707  706
682  1311   693
682  1325  1311
682  1360   707
682  1389  1360
692   693  1868
692   949  1360
692  1089   949
692  1260  1785
692  1360   693
692  1547  1089
692  1785  1547
692  1868  1869
692  1869  1260
693  1311  1868
693  1360  1389
698   699  1245
698   997  1549
698  1245   997
698  1549   699
699   756  1782
699  818  855
699  855  997
699   997  1245
699  1549   756
699  1782   818
706  707  708
706   708  1230
706  1230   933
707  987  988
707  988  708
707  1360   987
708   988  1466
708  1466  1644
708  1830  1230
713  1260  1869
713  1546  1785
713  1785  1260
713  1853  1546
713  1869  1853
722   723  1178
722   755  1753
722  756  755
722   812  1336
722  1178  1206
722  1297  1361
722  1336  1337
722  1337  1297
722  1361   723
722  1753   812
723   816  1178
723  1361   816
749   754  1009
749  755  756
749  756  754
749  961  755
749  1009   961
754  756  813
754  813  998
754   998  1009
755   961  1009
755   964  1753
755  1009  1152
755  1152  1221
755  1221   964
756   819  1782
756  1050   813
756  1549  1050
766  1153  1517
766  1517  1547
766  1546  1153
766  1547  1785
766  1785  1546
812  1258  1361
812  1303  1258
812  1361  1336
812  1753  1303
813  1050   998
815   816  1361
815   979  1543
815  1138  1200
815  1200   816
815  1258   979
815  1361  1258
815  1543  1138
816  1200  1178
817   818  1782
817  819  988
817   987  1480
817  988  987
817  1293  1517
817  1480  1293
817  1517   818
817  1782   819
818  1153   855
818  1517  1153
819  1466   988
826   979  1303
826  1303  1857
826  1857   979
855  1152  1489
855  1153  1546
855  1221  1152
855  1489   997
855  1546  1221
896  897  898
896   898  1133
896   973  1859
896  1099   973
896  1133  1200
896  1200  1099
896  1859   897
897  1859   898
898  1200  1133
898  1808  1200
898  1859  1860
898  1860  1808
933  1230  1830
949  1089  1293
949  1293  1480
949  1480  1360
962  1009  1185
962  1152  1009
962  1185  1489
962  1489  1152
964  1221  1855
964  1303  1753
964  1855  1856
964  1856  1303
973  1099  1138
973  1138  1543
973  1541  1858
973  1543  1541
973  1858  1859
979  1258  1303
979  1541  1543
979  1857  1858
979  1858  1541
987  1360  1480
997  1185  1549
997  1489  1185
998  1050  1549
998  1185  1009
998  1549  1185
1089  1547  1293
1099  1200  1138
1221  1546  1855
1293  1547  1517
1297  1337  1361
1303  1856  1857
1311  1325  1868
1336  1361  1337
1546  1853  1855
1853  1856  1855
1853  1857  1856
1853  1858  1857
1853  1869  1858
1858  1863  1859
1858  1869  1863
1859  1863  1860
1860  1863  1861
1861  1863  1862
1863  1868  1864
1863  1869  1868
1864  1867  1865
1864  1868  1867
1865  1867  1866
