22 
r_foot 
V
-0.069595   0.0006147    -0.01141
-0.069174   0.0022288   0.0002338
-0.068234   0.0097373  -0.0023896
-0.068234  -0.0085098  -0.0023896
-0.067995  -0.0095726   -0.017417
-0.067756  0.00061371   -0.032416
-0.067109    0.005591    0.014284
-0.067109  -0.0043629    0.014284
-0.066031    0.015954   -0.017566
-0.065943    0.013075   -0.032418
-0.063171   -0.017008   -0.032418
-0.060401    0.021446   -0.032416
-0.059069    0.010946    0.033529
-0.059069  0.00061381    0.035584
-0.059069    0.019706    0.027676
-0.059069  -0.0097186    0.033529
-0.059069    0.025558    0.018916
-0.059069   -0.018478    0.027676
-0.059069    0.027614   0.0085839
-0.059069   -0.024331    0.018916
-0.059069   -0.026386   0.0085839
-0.056087   -0.023387   -0.032413
-0.045161   -0.027053   -0.032416
-0.045119    0.028407   -0.032416
-0.043711   -0.028876   -0.017674
-0.03406    0.030267   -0.023645
0.035931    0.010946     0.03353
0.035931  0.00061416    0.035585
0.035931    0.019706    0.027677
0.035931  -0.0097181     0.03353
0.035931    0.025559    0.018917
0.035931   -0.018478    0.027677
0.035931   -0.024331    0.018917
0.049592    0.030697   -0.017948
0.050263   -0.029413   -0.018239
0.050934   -0.027809   -0.032453
0.060016   -0.027957   -0.019075
0.062043    0.028461   -0.032415
0.062139   -0.025289   -0.032416
0.070499   -0.022846    -0.01947
0.073429    0.025872   -0.019394
0.075383   -0.016728   -0.032414
0.077292    0.021362   -0.032414
0.079573   -0.014702   -0.019654
0.080482    0.019481   -0.019736
0.081393  -0.0092477   -0.032412
0.082125    0.014976   -0.016474
0.082599    0.013171   -0.032411
0.082825  -0.0077811   -0.016468
0.084834  0.00058242   -0.032479
0.084903    0.010539     -0.0198
0.084967  0.00061155   -0.016511
F
52  30  49
52  28  30
52  47  27
52  27  28
47  45  29
47  29  27
52  51  47
45  41  29
47  51  45
41  31  29
44  33  40
44  32  33
40  33  37
44  49  32
49  30  32
2  7  3
2  3  1
2  1  4
3   7  17
3  10   1
3   9  10
1  10   6
4  1  5
4   5  21
4  21  20
1  6  5
4  8  2
2  8  7
4  20   8
29  31  15
29  15  27
31  17  15
31  41  34
31  19  17
31  34  19
33  21  35
33  32  18
33  20  21
33  18  20
33  35  37
32  30  18
30  28  16
30  16  18
28  27  14
28  14  16
27  15  13
27  13  14
15  17   7
15   7  13
17  19   3
19  34  26
19  12   9
19  24  12
19   9   3
21  22  25
21  25  35
21  11  22
20  18   8
18  16   8
16  14   8
14  13   8
13   7   8
41  45  43
41  38  34
41  43  38
23  25  22
23  36  25
23  22  36
25  36  35
35  36  37
36  50  39
36  11  50
36  22  11
36  39  37
48  51  50
50  49  46
48  45  51
51  52  50
50  52  49
50  42  39
50  43  48
50  46  42
50  38  43
50  24  38
50  11  10
50  10  12
50  12  24
49  44  46
44  40  42
44  42  46
40  39  42
40  37  39
43  45  48
34  38  26
38  24  26
26  24  19
5  11  21
5   6  11
11   6  10
10   9  12
