19 
r_lower_leg 
V
-0.038953    0.027024    0.048081
-0.038916   -0.022959    0.048059
-0.036318   -0.032192       0.112
-0.035457     0.03686     0.10793
-0.03332   0.0021091     -0.1059
-0.031074    0.027153   -0.072951
-0.031062    -0.02028   -0.072955
-0.030922    0.014164     -0.1059
-0.029748   -0.043263     0.10502
-0.029179    0.041489    0.033095
-0.024093   -0.020165     -0.1059
-0.024093    0.024383     -0.1059
-0.024092      0.0454     0.10502
-0.017693    0.045995   0.0083011
-0.016795    0.041053   -0.079789
-0.016138    0.042396     0.12761
-0.015528   -0.045432      0.1271
-0.014883   -0.033015   -0.081997
-0.0028476   -0.048929     0.10508
-0.0028274    0.047778   0.0092666
-0.0028263    0.047827     0.10503
-0.0028242    -0.03395   -0.082856
-0.0018215   -0.044005     0.13872
-0.0018213    0.043226     0.13872
-0.0018197   -0.029391     -0.1059
-0.0018184    -0.04478    0.029641
0.0085497    0.042367   -0.079028
0.010235    0.031211     -0.1059
0.014716   -0.038827   -0.020369
0.016369    0.046144     0.10502
0.020454   -0.020165     -0.1059
0.020454    0.024383     -0.1059
0.020786   -0.031204   -0.066088
0.020802    0.038897   -0.066063
0.027283  -0.0099455     -0.1059
0.02968    0.002109     -0.1059
0.029821   -0.023586     -0.0629
0.029821    0.030276     -0.0629
0.032104    0.037714     0.13777
0.034402   -0.039718     0.10492
0.035826   -0.035878     0.13766
0.041928   0.0074068     -0.0339
0.042955    0.035543      0.1177
0.045495    0.029176     0.13739
0.045536   -0.033613     0.11776
0.048172   -0.024921     0.13732
0.054053     0.01502     0.13715
0.054604    0.027105     0.11371
0.056503   -0.022966     0.11503
0.060585    0.014514     0.11808
0.060929  -0.0086619    0.094223
0.062487   0.0021212     0.11688
F
16  13   4
23  46  24
23  24   3
23   3  17
24  16   4
24   4   3
15  14  20
15  20  27
15  27  28
15  28  12
14  10  13
14  15  10
14  13  21
14  21  20
10  15   6
10   6   1
10   1   4
10   4  13
15  12   6
13  16  24
13  24  21
2  5  7
1  6  5
6  8  5
6  12   8
2  1  5
2  4  1
2  3  4
9  18  26
9   7  18
9  2  7
26  19   9
9  17   3
18  22  26
18  11  25
18   7  11
7   5  11
18  25  22
9  19  17
19  23  17
9  3  2
43  27  30
43  34  27
43  48  34
30  20  21
30  21  39
30  39  43
30  27  20
34  38  32
27  34  28
42  38  48
42  48  50
42  32  38
42  36  32
49  46  45
46  47  44
46  23  41
46  44  24
35  49  37
34  48  38
34  32  28
42  50  51
21  24  39
49  51  52
36  51  35
42  51  36
44  47  50
44  50  48
40  19  29
40  41  19
19  26  29
19  41  23
29  22  33
29  33  40
29  26  22
22  31  33
22  25  31
33  37  45
33  45  40
33  31  37
35  51  49
37  49  45
37  31  35
52  47  46
52  46  49
47  52  50
52  51  50
45  46  41
45  41  40
44  39  24
43  39  44
43  44  48
31  25  32
31  32  35
25  11   5
25   5  12
25  12  32
5   8  12
12  28  32
32  36  35
