18 
r_upper_leg 
V
-0.052257   -0.013368     0.13545
-0.050126     0.01909     0.12246
-0.048257  0.00038552    0.040098
-0.048054    -0.02676     0.13832
-0.043423    0.033755     0.11547
-0.037081   -0.038677     0.13923
-0.035441  0.00039059     0.15943
-0.032853    0.013402     0.15943
-0.030541   -0.038109   -0.076624
-0.030541    0.038891   -0.076624
-0.025483   -0.023651     0.15943
-0.024827    0.047295     0.04937
-0.022707   -0.048441    0.072769
-0.015281    0.048043     0.10941
-0.015248   -0.050792    -0.01556
-0.013493    0.038891   -0.093672
-0.002585   -0.052183   -0.029123
-0.0024531    0.048601   -0.015571
-0.0014412     0.03439     0.15943
-0.0014412   -0.033609     0.15943
-0.0014409   -0.047528     0.13883
-0.0014384   -0.038109    -0.09607
0.01157   -0.031021     0.15943
0.014198    0.047977     0.10931
0.01972    -0.05025    0.061301
0.020835   -0.038109   -0.086844
0.020835    0.038891   -0.086844
0.0226    0.024432     0.15943
0.027476   -0.048463   -0.033376
0.030158    0.045737    -0.01057
0.032559  0.00039059     0.15943
0.03747    0.043239     0.11121
0.038419   -0.039523     0.13923
0.04197   -0.043305    0.049625
0.046722    0.039256   -0.010569
0.048495    0.041502    0.049607
0.048889    -0.03624   -0.031469
0.05228     0.03336     0.11566
0.053079   -0.027009     0.13836
0.057729    0.021077   -0.030198
0.058258   -0.025112   -0.014358
0.059108   -0.018095   -0.029973
0.059333   -0.013673     0.13553
0.059503   -0.025378    0.063122
0.059708    0.030136    0.056142
0.059783    0.018228     0.12287
0.060841    0.025593   0.0084317
0.061625   0.0003908   -0.029575
0.061934     0.01495   -0.015578
0.064392    0.013347    0.071724
0.064477  -0.0044755   0.0084297
0.06452  -0.0081427    0.072767
F
14  19  24
24  12  14
24  18  12
14  12   5
14   5  19
5  10   2
12  18  10
2  10   3
3  10   9
3  9  1
1  4  7
5  2  8
5   8  19
2  1  8
2  3  1
12  10   5
1  7  8
4  9  6
4   6  11
4  1  9
4  11   7
6   9  13
6  13  21
6  21  20
6  20  11
13  17  21
13  15  17
15   9  17
13   9  15
18  16  10
10  16   9
16  22   9
16  27  22
16  18  27
27  26  22
27  48  26
27  18  30
27  40  48
27  35  40
27  30  35
9  22  17
22  26  17
26  29  17
26  48  42
26  42  37
26  37  29
43  39  44
43  44  52
50  47  45
50  49  47
33  21  25
33  23  20
33  20  21
21  17  25
40  49  48
46  43  50
46  38  28
46  28  43
43  28  31
43  52  50
30  18  24
30  24  36
30  36  35
35  36  47
35  47  40
44  34  37
33  39  23
33  34  39
39  34  44
39  43  31
39  31  23
52  41  51
40  47  49
33  25  34
52  51  50
44  41  52
50  51  49
38  46  45
38  32  19
38  19  28
51  48  49
41  42  51
44  37  41
36  24  32
36  32  38
36  38  45
36  45  47
42  48  51
17  29  25
25  29  34
46  50  45
32  24  19
42  41  37
37  34  29
11  20   7
7  23   8
7  20  23
8  28  19
8  23  28
28  23  31
