28 
l_forearm 
V
-0.059639    0.010212    0.047395
-0.059589   -0.011291    0.047396
-0.056822 -0.00049214    -0.01966
-0.0563    0.016938    0.048099
-0.0563   -0.017921      0.0481
-0.055367   0.0089741     -0.0195
-0.055221   -0.010383   -0.019485
-0.051228    0.016527   -0.019097
-0.05067   -0.018174   -0.019046
-0.045511  -0.0081548   -0.053028
-0.044034   -0.028729    0.047458
-0.044034    0.027747    0.047458
-0.043799     0.02284   -0.018481
-0.043157   -0.024196   -0.018433
-0.037416     0.01267   -0.064334
-0.036419   -0.018741   -0.058271
-0.035869    0.019141    -0.05622
-0.035674 -0.00049092       0.066
-0.035673 -0.00049179      -0.074
-0.034151   0.0071627       0.066
-0.032514    0.028207   -0.009258
-0.030749    0.030884    0.048125
-0.030181   -0.031999    0.048104
-0.025167   -0.025787   -0.049356
-0.023327   -0.018968       0.066
-0.023326    0.017986      -0.074
-0.023326   -0.018969      -0.074
-0.022013    0.025318   -0.049157
-0.015674    0.019509       0.066
-0.015673     0.02987   -0.011701
-0.015672    -0.03053   -0.017149
-0.010778   -0.033005    0.046676
-0.010774    0.032021    0.046674
-0.0080192    0.017986      -0.074
-0.0069909    0.031717    0.043665
-0.0057709    0.024697   -0.049242
-0.0057698   -0.025692   -0.049272
-0.0052963    -0.03267    0.039811
-0.0018943    0.030911    0.025366
-0.0015317    0.013651       0.066
-0.0015315   -0.014633       0.066
-0.0015306   -0.014634      -0.074
0.0020224    0.020503   -0.052128
0.003447   -0.019831   -0.053627
0.0043264 -0.00049072       0.066
0.0043273  -0.0004916      -0.074
0.0082964     0.02604   0.0034568
0.0083593   -0.026998   0.0033769
0.010249   0.0081866   -0.050331
0.010249  -0.0091692   -0.050331
0.017653   -0.014224  -0.0091857
0.019085   0.0071835    -0.01086
F
4   1  20
4  20  12
12  20  29
30  22  33
30  21  22
22  21  12
22  12  29
33  22  29
12  21  13
12   8   4
12  13   8
2  18   1
2   5  18
4  6  1
4  8  6
1  6  3
1  3  2
2  3  7
2  7  5
1  18  20
7  9  5
30  28  21
13  21  17
21  28  17
3   6  15
3  15  10
3  10   7
7  10  16
7  16   9
8  13  17
8  17  15
8  15   6
5  11  25
5  25  18
23  25  11
17  28  26
15  19  10
10  19  16
15  17  26
15  26  19
23  31  32
23  14  31
23  11  14
14  24  31
31  24  37
14  11   9
11   5   9
23  32  25
14   9  16
14  16  24
24  16  27
16  19  27
37  24  27
42  46  44
42  27  19
42  19  46
42  37  27
42  44  37
19  26  46
26  34  46
26  36  34
26  28  36
34  36  43
34  43  46
46  43  49
46  49  50
46  50  44
39  30  35
39  28  30
39  47  36
39  36  28
30  33  35
47  39  35
47  43  36
47  35  40
43  47  52
43  52  49
47  40  52
35  33  40
33  29  40
32  38  41
32  41  25
49  51  50
49  52  51
50  51  44
51  52  45
38  48  41
32  31  38
38  37  48
38  31  37
48  37  44
48  44  51
48  51  41
52  40  45
51  45  41
41  18  25
41  29  18
41  40  29
18  29  20
40  41  45
