2
237
0.35000000
1.00000000

0.00010000

1.00000000 1.00000000 1.00000000 1.00000000 1.00000000 1.00000000 1.00000000 1.00000000 1.00000000 1.00000000 1.00000000 1.00000000 1.00000000 1.00000000 1.00000000 1.00000000 1.00000000 1.00000000 1.00000000 1.00000000 1.00000000 1.00000000 1.00000000 1.00000000 1.00000000 1.00000000 1.00000000 1.00000000 1.00000000 1.00000000 1.00000000 1.00000000 1.00000000 1.00000000 1.00000000 1.00000000 1.00000000 1.00000000 1.00000000 1.00000000 1.00000000 1.00000000 1.00000000 1.00000000 1.00000000 1.00000000 1.00000000 1.00000000 1.00000000 1.00000000 1.00000000 1.00000000 1.00000000 1.00000000 1.00000000 1.00000000 1.00000000 1.00000000 1.00000000 1.00000000 1.00000000 1.00000000 1.00000000 1.00000000 1.00000000 1.00000000 1.00000000 1.00000000 1.00000000 1.00000000 1.00000000 1.00000000 1.00000000 1.00000000 1.00000000 1.00000000 1.00000000 1.00000000 1.00000000 1.00000000 1.00000000 1.00000000 1.00000000 1.00000000 1.00000000 1.00000000 1.00000000 1.00000000 1.00000000 1.00000000 1.00000000 1.00000000 1.00000000 1.00000000 1.00000000 1.00000000 1.00000000 1.00000000 1.00000000 1.00000000 1.00000000 1.00000000 1.00000000 1.00000000 1.00000000 1.00000000 1.00000000 1.00000000 1.00000000 1.00000000 1.00000000 1.00000000 1.00000000 1.00000000 1.00000000 1.00000000 1.00000000 1.00000000 1.00000000 1.00000000 1.00000000 1.00000000 1.00000000 1.00000000 1.00000000 1.00000000 1.00000000 1.00000000 1.00000000 1.00000000 1.00000000 1.00000000 1.00000000 1.00000000 1.00000000 1.00000000 1.00000000 1.00000000 1.00000000 1.00000000 1.00000000 1.00000000 1.00000000 1.00000000 1.00000000 1.00000000 1.00000000 1.00000000 1.00000000 1.00000000 1.00000000 1.00000000 1.00000000 1.00000000 1.00000000 1.00000000 1.00000000 1.00000000 1.00000000 1.00000000 1.00000000 1.00000000 1.00000000 1.00000000 1.00000000 1.00000000 1.00000000 1.00000000 1.00000000 1.00000000 1.00000000 1.00000000 1.00000000 1.00000000 1.00000000 1.00000000 1.00000000 1.00000000 1.00000000 1.00000000 1.00000000 1.00000000 1.00000000 1.00000000 1.00000000 1.00000000 1.00000000 1.00000000 1.00000000 1.00000000 1.00000000 1.00000000 1.00000000 1.00000000 1.00000000 1.00000000 1.00000000 1.00000000 1.00000000 1.00000000 1.00000000 1.00000000 1.00000000 1.00000000 1.00000000 1.00000000 1.00000000 1.00000000 1.00000000 1.00000000 1.00000000 1.00000000 1.00000000 1.00000000 1.00000000 1.00000000 1.00000000 1.00000000 1.00000000 1.00000000 1.00000000 1.00000000 1.00000000 1.00000000 1.00000000 1.00000000 1.00000000 1.00000000 1.00000000 1.00000000 1.00000000 1.00000000 1.00000000 1.00000000 1.00000000 1.00000000 1.00000000 

0.15867070 0.16109294 0.16365593 0.16744827 0.17284422 0.17987969 0.18748192 0.19443315 0.20246161 0.21271665 0.22463589 0.23790102 0.25176433 0.26622556 0.28170686 0.29726157 0.31217400 0.32570479 0.33746605 0.34821223 0.35931197 0.36975706 0.37936256 0.38815297 0.39852095 0.41307542 0.43077174 0.44969378 0.46868046 0.48740022 0.50822734 0.52972988 0.54957191 0.56588701 0.57941520 0.59255362 0.60837147 0.62575624 0.64244589 0.65677064 0.66902231 0.68222572 0.69724520 0.71097663 0.72220578 0.73140515 0.74135582 0.75366854 0.76790922 0.78268835 2.00899241 2.04401842 2.07777275 2.10932065 2.13950084 2.17067312 2.20116039 2.22823825 2.25050832 2.27039593 2.28986452 2.30992766 2.32933976 2.34555685 2.35932513 2.37275851 2.38822882 2.40633466 2.42388557 2.43956659 2.45375386 2.46810046 2.48528939 2.50628402 2.52839479 2.54941248 2.56905804 2.58789580 2.60798742 2.63005459 2.65212381 2.67151902 2.68888470 2.70810003 2.73308228 2.76123814 2.78896025 2.81272223 2.83286500 2.85281324 2.87601623 2.90044087 2.92280755 2.94157956 2.95999299 2.98086590 3.00595642 3.03167303 3.05462202 3.07483755 3.09440553 3.11664078 3.14226044 3.16776026 3.19096329 3.21303114 3.23619774 3.26202612 3.29049003 3.31790999 3.34355488 3.36797812 3.39215316 3.41895778 3.44669636 3.47298681 3.49905960 3.52606027 3.55535687 3.58777351 3.62096156 3.65236971 3.68154272 3.70940500 3.73864082 3.76943304 3.79877046 3.82552383 3.85012678 3.87359211 3.89936430 3.92778501 3.95565005 3.98043469 4.00236079 4.02351581 4.04554323 4.06449556 4.07694810 0.00495286 0.01575312 0.02646113 0.03694293 0.04648575 0.05516716 0.06321376 0.07093912 0.07850364 0.08574699 0.09264531 0.09918530 0.10583319 0.11219200 0.11849490 0.12416240 0.12890231 0.13300542 0.13685515 0.14073351 0.14443053 0.14765988 0.15016125 0.15200504 0.15365011 0.15546358 0.15720567 0.15847156 0.15857541 0.15800117 0.15764695 0.15785958 0.15818673 0.15789356 0.15646528 0.15487693 0.15457110 0.15555391 0.15782797 0.80482892 0.81619496 0.82804466 0.83911242 0.84934185 0.85924074 0.86935042 0.88064273 0.89355073 0.90898276 0.92699761 0.94548299 0.96319934 0.98135725 0.99883448 1.01694054 1.03630617 1.05520093 1.07322353 1.09092101 1.11003473 1.13204786 1.15509763 1.17750765 1.19968021 1.22237314 1.24502447 1.26819608 1.29095748 1.31175107 1.33145884 1.34983998 1.36920598 1.38885715 1.40797970 1.42679880 1.44539533 1.46456332 1.48377998 1.50423763 1.52522846 1.54597147 1.56683590 1.58746070 1.60955105 1.63210954 1.65555300 1.67979199 1.70510347 1.73112430 1.75737300 1.78423796 1.81205473 1.84013094 1.86846987 1.89642372 1.92475750 1.95406522 1.98606116 
2.48807073 2.50996390 2.52976564 2.55024899 2.57248139 2.59595936 2.61800867 2.63607147 2.65198378 2.66911851 2.68744159 2.70616560 2.72374574 2.74058770 2.75796563 2.77696704 2.79695400 2.81693498 2.83570330 2.85331637 2.87094046 2.88742948 2.90234543 2.91566979 2.92950857 2.94640228 2.96575412 2.98627437 3.00768821 3.02979862 3.05417331 3.07931242 3.10239046 3.12177890 3.13910792 3.15620710 3.17526761 3.19537566 3.21438231 3.23180479 3.24850123 3.26623957 3.28569841 3.30382010 3.31939310 3.33354957 3.34823076 3.36391828 3.38002499 3.39577009 4.02243420 4.03321264 4.04371231 4.05331686 4.06237932 4.07159567 4.08090760 4.08942470 4.09686843 4.10336689 4.10983935 4.11620473 4.12138050 4.12507750 4.12746460 4.12923564 4.13085230 4.13182618 4.13156164 4.12994456 4.12717919 4.12417089 4.12133577 4.11834284 4.11531759 4.11272425 4.11092154 4.10959866 4.10813810 4.10630655 4.10404069 4.10157378 4.09931490 4.09733317 4.09552996 4.09365380 4.09189615 4.09039441 4.08885882 4.08706223 4.08491501 4.08267157 4.08072871 4.07927346 4.07800382 4.07652010 4.07494936 4.07336238 4.07186628 4.07067012 4.06964094 4.06871315 4.06812613 4.06815730 4.06900323 4.07063885 4.07317939 4.07637926 4.08033254 4.08485556 4.08988645 4.09542362 4.10098816 4.10632104 4.11135507 4.11599636 4.12098216 4.12620425 4.13106366 4.13526530 4.13887408 4.14183105 4.14437458 4.14615413 4.14670971 4.14624833 4.14510138 4.14367422 4.14255350 4.14119211 4.13927150 4.13703045 4.13451969 4.13210232 4.12967636 4.12677854 4.12334775 4.12023158 4.11740398 1.53303793 1.56381171 1.59740597 1.63240079 1.66592026 1.69592536 1.72325552 1.75262419 1.78513265 1.81824990 1.84969815 1.87830075 1.90769295 1.93856035 1.97068227 2.00104348 2.02716414 2.04931265 2.07149522 2.09594520 2.12050832 2.14337337 2.16300151 2.18103145 2.20088763 2.22288833 2.24586141 2.26796557 2.28678561 2.30391287 2.32275229 2.34379917 2.36554974 2.38562487 2.40230512 2.41764270 2.43557953 2.45679619 2.48033407 3.42076232 3.43503006 3.45023284 3.46541255 3.47989158 3.49383617 3.50747292 3.52125894 3.53475422 3.54787241 3.56148636 3.57491476 3.58777336 3.60064826 3.61297590 3.62485203 3.63690385 3.64854980 3.65963463 3.66979238 3.67924486 3.68931953 3.69959156 3.70934846 3.71935946 3.72961367 3.73970648 3.75007577 3.76087481 3.77125147 3.78150916 3.79112755 3.80059036 3.80971351 3.81809376 3.82640317 3.83475328 3.84309449 3.85131178 3.85977440 3.86806635 3.87585318 3.88352849 3.89074246 3.89771446 3.90431775 3.91108024 3.91805100 3.92582533 3.93425976 3.94280290 3.95124646 3.95973617 3.96866462 3.97805852 3.98739196 3.99649564 4.00564426 4.01550034 
