2
196
0.75000000
1.00000000

0.25000000

0.07793958 0.03024782 0.06269155 0.02598406 0.07159321 0.00227398 0.03696784 -0.03201928 -0.00559538 -0.02377112 -0.03496470 -0.02777111 -0.06380186 -0.02126680 -0.08711561 -0.01360732 -0.10018658 -0.06353592 -0.16814359 -0.11661862 -0.20124562 -0.15441293 -0.18802077 -0.21665274 -0.18101874 -0.29671896 -0.23712176 -0.36930330 -0.32090823 -0.45198752 -0.42205080 -0.53634107 -0.52259810 -0.58782580 -0.52581032 -0.58564127 -0.54604574 -0.65339777 -0.63651757 -0.75952747 -0.67967208 -0.71113176 -0.73336829 -0.72531078 -0.72275902 -0.78647108 -0.78679359 -0.92200794 -0.88825821 -1.01914102 -1.00175356 -1.13166546 -1.17979638 -1.21655167 -1.30607855 -1.33049569 -1.37069258 -1.40460271 -1.37039623 -1.49291316 -1.42877807 -1.53119053 -1.44675425 -1.53029783 -1.42856799 -1.50948596 -1.42157705 -1.51582754 -1.43541110 -1.49105716 -1.53455236 -1.46698259 -1.57297456 -1.61903442 -1.76438285 -1.73406788 -1.79492726 -1.77171999 -1.77508064 -1.77381762 -1.72838160 -1.74325101 -1.66279090 -1.66937036 -1.55228062 -1.57995210 -1.49975281 -1.60442204 -1.52567890 -1.63835367 -1.57517453 -1.65714967 -1.62340171 -1.65164523 -1.65589928 -1.66667396 -1.65821085 -1.69587183 -1.38540574 0.26042759 0.03960469 0.08915996 0.01231596 0.06486306 -0.00359500 0.07223191 -0.01008889 0.00914766 -0.01599194 -0.04082598 0.00581615 -0.07374284 0.00903271 -0.06796861 0.02477398 -0.07993301 -0.01448720 -0.10680782 -0.07158615 -0.13542628 -0.06924273 -0.15963639 -0.07490392 -0.15710984 -0.09611972 -0.19180639 -0.13380372 -0.25367458 -0.21832194 -0.34227556 -0.31346755 -0.43352982 -0.44149412 -0.51797471 -0.57665564 -0.59888961 -0.71096672 -0.68756452 -0.82816258 -0.78257229 -0.86114249 -0.79792400 -0.86090893 -0.87930822 -0.90400212 -0.97694031 -0.97960104 -1.09592965 -1.08553844 -1.17660560 -1.16285684 -1.19339536 -1.15149678 -1.17763891 -1.10834871 -1.18317299 -1.11610817 -1.19349583 -1.10978398 -1.18508320 -1.12958921 -1.15764870 -1.19798316 -1.14112356 -1.23794167 -1.14774537 -1.23221468 -1.17221050 -1.17013143 -1.22379344 -1.15883488 -1.24440256 -1.20330042 -1.29800729 -1.32502686 -1.42319257 -1.38865507 -1.54826417 -1.49504733 -1.56655007 -1.48798005 -1.56362804 -1.46956917 -1.55158329 -1.48350901 -1.56684567 -1.53390514 -1.58338431 -1.54068108 -1.60958036 -1.54575566 -1.59578617 -1.57914013 -1.57385518 -1.59784469 -1.57966203 

0.00768942 0.02671451 0.05869892 0.11297794 0.18616130 0.24025962 0.25696425 0.24680388 0.21646845 0.16382177 0.10493544 0.04999817 0.00016918 -0.03731222 -0.05036677 -0.03934483 -0.00568031 0.04021590 0.08706668 0.13648483 0.19096006 0.24109604 0.28146429 0.32082735 0.35548283 0.38305525 0.40004136 0.41508057 0.42553610 0.43315384 0.43893505 0.44715436 0.45374720 0.47221651 0.49833051 0.52548297 0.54621026 0.57791385 0.60777709 0.63273264 0.64563106 0.66611368 0.70490387 0.75613504 0.79341999 0.84147138 0.88478605 0.91729329 0.94355766 0.98544030 1.02568779 1.04822749 1.08024382 1.11956914 1.15941274 1.19094120 1.23712033 1.29779049 1.36375300 1.42031873 1.46813764 1.51059856 1.56325272 1.63123888 1.70172638 1.78261462 1.87058727 1.95939872 2.04186140 2.14061579 2.25853312 2.35839662 2.41606856 2.43733738 2.44687929 2.47895774 2.52191046 2.59940531 2.67364502 2.75393075 2.81188842 2.87270923 2.91306046 2.97056569 3.01683467 3.07327329 3.12771932 3.19822201 3.27239983 3.34985783 3.43041358 3.51044831 3.60781446 3.69203450 3.77644799 3.85077762 3.92723279 3.99448201 4.06419321 -0.02392724 -0.01486076 -0.00845115 -0.00451675 -0.00289361 -0.00111665 0.00039952 0.00846105 0.01250838 -0.00026695 -0.03789114 -0.09094644 -0.14127605 -0.18226780 -0.20730157 -0.21348682 -0.20532854 -0.19162859 -0.17921455 -0.16892798 -0.15944463 -0.14807418 -0.13948356 -0.13552885 -0.13093039 -0.12512303 -0.11832997 -0.11475511 -0.11455923 -0.11634260 -0.12355645 -0.13523443 -0.14269762 -0.14733214 -0.14251176 -0.12377197 -0.07496101 -0.01914799 0.03959616 0.08368226 0.12922186 0.19228342 0.26500683 0.33932732 0.38776758 0.43934950 0.47630125 0.52664156 0.56087385 0.60504699 0.63627489 0.67642632 0.71555311 0.78336026 0.85213024 0.93313560 0.99671719 1.07148079 1.14119086 1.21848287 1.28612658 1.35883848 1.41645582 1.47452548 1.53005125 1.59456179 1.65953193 1.74507578 1.82971034 1.92558303 2.00016624 2.08285009 2.16505737 2.25464752 2.33227514 2.39372207 2.43994088 2.48489462 2.52947570 2.57845743 2.65064997 2.75299687 2.83662946 2.91084938 2.99308168 3.07499342 3.15152258 3.22359065 3.30282292 3.37971886 3.45671246 3.53443461 3.63113246 3.72419794 3.82005136 3.89352869 3.98367614 
-0.04274408 -0.01576076 0.02397039 0.10114433 0.21275205 0.29961334 0.36724279 0.42798283 0.50886014 0.59040394 0.67794899 0.75752024 0.85209191 0.94183728 1.04229025 1.13910721 1.23357461 1.30727299 1.37043720 1.44719138 1.53580679 1.63161386 1.71718454 1.82318956 1.91329029 1.99984831 2.06406845 2.13039970 2.18803853 2.24686668 2.30299322 2.36274128 2.41763055 2.48280750 2.54946592 2.62202368 2.68382293 2.75479669 2.82599401 2.89796139 2.94627723 2.99472836 3.06189120 3.15346403 3.22599628 3.30468982 3.37432943 3.44001870 3.49335055 3.54982067 3.60648741 3.65794527 3.70819572 3.75074855 3.78923028 3.81884006 3.84314333 3.86198369 3.88393661 3.90882269 3.93316267 3.95164498 3.97537076 4.00229640 4.02365645 4.04138759 4.06219005 4.08216975 4.10093112 4.12281273 4.14862030 4.16850749 4.17806424 4.16995075 4.15008804 4.13118725 4.11150622 4.09042914 4.07502833 4.05805245 4.04182104 4.02718037 4.01468634 3.99892193 3.98419697 3.96989964 3.96251419 3.96555511 3.98563398 4.01759979 4.05475610 4.08752516 4.11845602 4.13839834 4.14584148 4.14411159 4.13963463 4.13081779 4.11991660 0.07180538 0.10601473 0.15692536 0.23541241 0.32387234 0.40255403 0.47062026 0.55391697 0.63450155 0.72877820 0.81973775 0.92588305 1.00051929 1.07548837 1.14759806 1.22669094 1.28844919 1.36131706 1.42743875 1.50586471 1.59189902 1.70079459 1.78919514 1.87747963 1.96610614 2.05653054 2.13040455 2.19767590 2.26091389 2.32937655 2.38827691 2.44423789 2.50092482 2.56756885 2.63177474 2.67418487 2.71955496 2.75299592 2.79853287 2.83715607 2.88023481 2.93076507 2.98852504 3.04324620 3.07829317 3.11731834 3.15097381 3.19487928 3.22918005 3.26773210 3.29958367 3.33525712 3.36693915 3.40599563 3.44380011 3.48589508 3.52295949 3.56507188 3.60292034 3.64153021 3.67557279 3.70822973 3.73214357 3.75493227 3.77669377 3.80175355 3.83017289 3.86514198 3.90105690 3.93959572 3.97246245 4.00861500 4.04445197 4.08667685 4.11772499 4.13315949 4.13589189 4.13931797 4.14506356 4.14951494 4.15295827 4.15683547 4.15860283 4.16408239 4.16959547 4.17433939 4.17388747 4.17257532 4.16797449 4.16442730 4.15952415 4.15714017 4.15307975 4.15019287 4.14307440 4.13750807 4.13011278 
