2
103
0.25000000
1.00000000

0.10000000

-1.21927734 -1.21899025 -1.21809658 -1.21835794 -1.21702070 -1.22583555 -1.23590809 -1.23677984 -1.23231162 -1.23110085 -1.23269037 -1.23081876 -1.23135817 -1.23124443 -1.23004060 -1.23088764 -1.23277497 -1.23480383 -1.23423849 -1.23392144 -1.23208151 -1.23008553 -1.21688873 -1.18715334 -1.21867260 -1.10461780 -1.03107720 -1.01409872 -0.95434752 -0.95695015 -0.95751510 -1.08637270 -1.49700473 -2.32338873 -1.53131008 3.06187637 3.09089327 3.08732884 -0.40652555 -1.51130777 -1.51634304 -1.51498534 -1.53346877 -1.53940829 -1.44242094 -1.42189733 -1.36931890 -1.35841589 -1.34961880 -1.46812352 -1.78823422 -2.14104516 -2.65528684 -3.03703874 -3.03046532 -3.03735124 -3.03733022 -3.03642977 -1.33782035 -0.80290741 -0.77822813 -0.77507220 -0.77593423 -0.77748179 -0.77692053 -0.77671872 -0.77478026 -0.77469537 -0.77466940 -0.77497847 -0.77500623 -0.77476732 -0.77461501 -0.77481187 -0.77499169 -0.77527167 -0.77510315 -0.77517112 -0.77507953 -0.77506673 -0.77501833 -0.77630704 -0.77678036 -0.78002543 -0.78595161 -0.85708747 -0.79285246 -0.60507274 -0.68933819 -0.78277161 -0.95768978 -1.04176024 -1.41854042 -1.78862541 -2.18408371 -3.00568524 -3.06411515 -3.01694245 -3.01561497 -3.01523731 -3.01639488 -3.02222656 -3.02131350 

2.59809912 2.59867000 2.59886596 2.59888579 2.59908738 2.60043426 2.62519205 2.63172536 2.63178999 2.63198975 2.63185092 2.63195244 2.63196691 2.63194280 2.63199347 2.63195347 2.63176852 2.63163150 2.63165044 2.63152964 2.63018431 2.63781953 2.67209548 2.80151731 2.95762248 3.14480105 3.33941656 3.58396558 3.84581620 4.08881498 4.24031368 4.33089745 4.28070392 4.15938131 3.95760950 3.89212440 3.87902833 3.87967291 4.10112053 4.10266754 4.10267249 4.11069329 4.12529974 4.17125150 4.23432531 4.29428154 4.33711824 4.35687800 4.39577461 4.42845685 4.35378018 4.19029691 4.05324745 3.91296064 3.88278834 3.88482471 3.88754042 3.88453003 2.31713451 2.37706379 2.40013060 2.39475831 2.39456018 2.39479916 2.39481353 2.39476420 2.39476062 2.39474392 2.39475044 2.39474324 2.39474378 2.39472838 2.39470155 2.39472801 2.39472188 2.39471827 2.39471892 2.39472454 2.39472755 2.39469968 2.39470713 2.39416362 2.39429707 2.40356591 2.40742267 2.55277922 2.83660668 3.20479378 3.48660063 3.83285411 4.08384736 4.31962241 4.42757857 4.33356043 4.22374125 4.10931662 3.91809912 3.88214071 3.88476297 3.88323874 3.88883784 3.88392363 3.88204587 
3.61990448 3.61661336 3.61607349 3.61611967 3.61584883 3.56379305 3.57676687 3.59158927 3.59126934 3.59159530 3.59135561 3.59146734 3.59150670 3.59149658 3.59151433 3.59147961 3.59132319 3.59121859 3.59129247 3.59106189 3.59100252 3.58483533 3.53250471 3.31880975 3.05777052 2.74616304 2.37865848 1.97754113 1.53339552 1.10858102 0.74836873 0.43426872 0.17268580 0.09377046 0.08960538 0.05826990 0.05317768 0.05319969 3.59454445 3.60713725 3.61239528 3.60757801 3.50472380 3.25311110 2.88712053 2.46247764 2.02848041 1.58686723 1.16681160 0.79182953 0.41533868 0.14364903 0.03350002 0.05572398 0.05452025 0.05235051 0.05269423 0.05276957 3.23606847 3.21011381 3.22884400 3.23723330 3.23705314 3.23732830 3.23706982 3.23720424 3.23712344 3.23719341 3.23717487 3.23719250 3.23720183 3.23718276 3.23722666 3.23721249 3.23723739 3.23726651 3.23726855 3.23728828 3.23726015 3.23728176 3.23725375 3.23775398 3.23785943 3.24270678 3.22457992 3.13212815 2.96802907 2.65580822 2.34149110 1.90268293 1.45893843 0.93498579 0.46297924 0.10852646 -0.06163448 -0.01059087 0.03525678 0.05485486 0.05215532 0.05245510 0.05256062 0.05237685 0.05263843 
