2
176
0.75000000
1.00000000

0.25000000

-0.00395483 -0.00513966 -0.00328297 -0.00307589 0.02277375 0.03538218 0.06244328 0.06209133 0.07801292 0.07142007 0.08324336 0.09417886 0.12627334 0.15180572 0.18547737 0.20077410 0.13379095 0.02333854 -0.07954783 -0.08841534 -0.08045211 -0.05249925 -0.03287373 -0.00945563 0.00621468 0.03118006 0.04971478 0.07560822 0.08732747 0.09443129 0.10757366 0.13279499 0.16401533 0.14607396 0.11805086 0.08306087 0.09301200 0.10342401 0.13191231 0.15618900 0.17813165 0.18882504 0.18946405 0.19965034 0.21528153 0.24132906 0.22155827 0.18030120 0.12422656 0.11914399 0.12573213 0.15418620 0.16742510 0.18549682 0.19451319 0.21784234 0.23878314 0.26908375 0.29159474 0.30377856 0.31372023 0.31732094 0.33105632 0.32705101 0.33577890 0.32620197 0.33252211 0.32368859 0.32709301 0.32129044 0.32472793 0.32506460 0.32605326 0.32694274 0.32307077 0.32239203 0.31107240 0.31124419 0.30171692 0.30323572 0.29244280 0.29625798 0.28491519 0.28908051 0.27955162 0.28401186 0.29507892 0.24241272 0.14679845 0.06124347 0.04200095 0.04707861 0.05873652 0.04866207 0.08238617 0.09177157 0.11712882 0.11725323 0.13747113 0.14393905 0.16282930 0.18066149 0.18699293 0.15930028 0.10655236 0.08213995 0.07058240 0.06955956 0.05003842 0.01281324 -0.06738617 -0.14884999 -0.20214077 -0.21274111 -0.19887054 -0.18779352 -0.15833333 -0.13193998 -0.09187091 -0.06523070 -0.03228919 -0.01005652 0.02091082 0.03813153 0.06554135 0.08492674 0.12137711 0.12606778 0.10094139 0.06346672 0.04188309 0.05782992 0.07013550 0.09923274 0.11828761 0.15231180 0.17392685 0.20179651 0.21545322 0.23723619 0.25868356 0.29152240 0.31504577 0.33536573 0.34697392 0.35997982 0.36225295 0.36632490 0.36890875 0.36882218 0.36977442 0.36531761 0.36834904 0.36142729 0.36748748 0.35906511 0.36295242 0.35551190 0.36335763 0.35474713 0.36151565 0.35075866 0.35599485 0.35017196 0.35583471 0.35763048 0.36314796 0.37330462 0.37959719 0.31042221 0.17537566 0.06102765 0.02062420 0.02175776 0.01663495 0.02011722 

0.67395870 0.80577132 0.94117091 1.07476551 1.19872703 1.30598092 1.39766760 1.47208516 1.53391364 1.58306770 1.62212846 1.65050043 1.67476221 1.69678753 1.71553346 1.72743160 1.73121303 1.72459013 1.70951982 1.68768289 1.66333824 1.64485576 1.63302027 1.62883828 1.63198758 1.64251353 1.65831304 1.67721256 1.69158660 1.69977338 1.70095205 1.69561822 1.68485354 1.67090812 1.65780221 1.64473684 1.63158900 1.61558165 1.60736007 1.60591625 1.61762296 1.63511978 1.65605661 1.67365451 1.68191717 1.67823740 1.66731246 1.65357509 1.63780327 1.62580372 1.61504893 1.61381100 1.61559148 1.62577280 1.63628422 1.64975983 1.65766947 1.66296805 1.66749398 1.67634733 1.69758650 1.72979621 1.77605807 1.83163749 1.89637735 1.96340177 2.03891012 2.11875934 2.20873232 2.30327097 2.39911009 2.49289944 2.58037062 2.66775225 2.75392620 2.84382763 2.93298068 3.02586034 3.11401589 3.20019405 3.27505370 3.34553256 3.40449061 3.45816892 3.50353432 3.54324811 3.56904030 3.58889667 0.32435198 0.44607933 0.57998059 0.72211912 0.87050097 1.01301451 1.14546996 1.26291878 1.36611808 1.45392284 1.53004300 1.59386701 1.64716878 1.68472972 1.70614375 1.71537336 1.71632154 1.71342062 1.70923428 1.70727529 1.70753408 1.70307322 1.69236903 1.67427972 1.65331375 1.63351578 1.61662159 1.60509523 1.60097202 1.59897579 1.59784473 1.59706192 1.59750254 1.60067064 1.60610574 1.61298011 1.62160728 1.62997616 1.63669326 1.64058650 1.64240185 1.64222614 1.64113949 1.63905249 1.63495641 1.63131135 1.62615045 1.62546148 1.62688040 1.63393300 1.63710012 1.64007288 1.63336438 1.62284974 1.60451218 1.59193695 1.58785999 1.60282992 1.63456781 1.68456800 1.75231362 1.83186134 1.92179979 2.01709276 2.11953769 2.21935744 2.31857271 2.40755285 2.49498907 2.57368094 2.65743976 2.74306029 2.83553390 2.93081384 3.02845263 3.11738200 3.19764421 3.26341522 3.32008832 3.37301759 3.42190885 3.47313780 3.52183311 3.56578426 3.59931633 3.61527384 3.61725530 3.61308083 
0.16375762 0.19238290 0.22970272 0.29425737 0.36085093 0.43990691 0.49912654 0.55488171 0.58618164 0.63101427 0.67100740 0.73758079 0.80402542 0.87959569 0.94396070 0.99905522 1.04520835 1.08325017 1.12969524 1.17108828 1.22729106 1.27715040 1.34239422 1.39730596 1.47022396 1.53002801 1.59940568 1.65257757 1.71086147 1.75935842 1.81050890 1.85983233 1.90504278 1.95189120 1.98448565 2.02494276 2.06004905 2.11752602 2.16817200 2.22996339 2.27812692 2.33002154 2.37184843 2.41660398 2.46638477 2.51800625 2.57384684 2.62122524 2.68065151 2.72790941 2.78867299 2.83648292 2.90159056 2.95670568 3.03130778 3.09772594 3.17430546 3.24107727 3.29660532 3.34323606 3.37648218 3.40986279 3.43917101 3.47294174 3.49822359 3.53120472 3.55103005 3.58105437 3.60531345 3.63684692 3.67112944 3.70045089 3.73320050 3.75641127 3.78132144 3.79713256 3.81646919 3.82666355 3.84644315 3.85441932 3.87304423 3.87882371 3.89384628 3.89491350 3.90533451 3.90348093 3.90955373 3.91135953 0.06538538 0.07556547 0.07539163 0.09434842 0.11857255 0.18616544 0.26325651 0.36223637 0.45043682 0.53618237 0.60006982 0.66182085 0.71570116 0.78445835 0.85075792 0.90884613 0.96006226 0.98782451 1.01072567 1.01029525 1.01034470 0.98861123 0.97404133 0.95055600 0.95061216 0.95903116 0.99774508 1.05246978 1.12495331 1.20781108 1.29031550 1.37878558 1.45143431 1.53027323 1.59359951 1.67200552 1.73830308 1.81982023 1.88865684 1.96347384 2.02418917 2.08005796 2.13268350 2.18652232 2.24946969 2.31283352 2.39133200 2.46011658 2.53890231 2.60142982 2.67736591 2.73698290 2.80731965 2.86135805 2.91883569 2.95930514 2.99684810 3.02550079 3.05552247 3.08719515 3.11938463 3.15779964 3.19253965 3.23429576 3.26880206 3.30904155 3.33820384 3.37805143 3.40503016 3.44204768 3.46914229 3.50619314 3.53818506 3.57473582 3.60450703 3.64183909 3.67325327 3.70601158 3.73715733 3.76876662 3.80299568 3.83073708 3.85802843 3.87591042 3.89300691 3.89937842 3.90732819 3.90784334 
