8 
l_hip_2 
V
-0.0375     0.02192   0.0085298
-0.0375 -1.2243e-07     0.03045
-0.0375     0.02864    0.018587
-0.0375       0.031     0.03045
-0.0375     0.02864    0.042313
-0.0375     0.02192     0.05237
-0.0375    0.011863     0.05909
-0.0375 -4.0469e-08     0.06145
-0.0375   -0.011863     0.05909
-0.0375    -0.02192     0.05237
-0.0375    -0.02864    0.042313
-0.0375      -0.031     0.03045
-0.0375    -0.02864    0.018587
-0.0375    -0.02192   0.0085299
-0.0375   -0.011863   0.0018099
-0.0375 -2.0438e-07 -0.00054977
-0.0375    0.011863   0.0018098
0.0375  2.7991e-07     0.03045
0.0375    0.021921   0.0085295
0.0375     0.02864    0.018587
0.0375       0.031     0.03045
0.0375    0.028641    0.042313
0.0375    0.021921     0.05237
0.0375    0.011864     0.05909
0.0375  3.6186e-07     0.06145
0.0375   -0.011863     0.05909
0.0375    -0.02192     0.05237
0.0375    -0.02864    0.042313
0.0375      -0.031     0.03045
0.0375    -0.02864    0.018587
0.0375    -0.02192   0.0085296
0.0375   -0.011863   0.0018097
0.0375  1.9795e-07 -0.00055004
0.0375    0.011863   0.0018095
F
1   3  19
1  16   3
1  17  16
1  19  17
3   4  21
3  5  4
3  7  5
3  14   7
3  16  14
3  20  19
3  21  20
4   5  21
5   6  23
5  7  6
5  22  21
5  23  22
6   7  24
6  24  23
7   8  25
7  9  8
7  14   9
7  25  24
8   9  25
9  10  27
9  12  10
9  14  12
9  26  25
9  27  26
10  11  27
10  12  11
11  12  29
11  28  27
11  29  28
12  13  29
12  14  13
13  14  31
13  30  29
13  31  30
14  15  31
14  16  15
15  16  33
15  32  31
15  33  32
16  17  33
17  19  34
17  34  33
19  20  21
19  21  34
21  22  23
21  23  34
23  24  25
23  25  28
23  28  32
23  32  34
25  26  27
25  27  28
28  29  30
28  30  32
30  31  32
32  33  34
