14 
l_foot
V
0.065928    0.010113   -0.012183
0.065928   0.0054213    -0.01096
0.065928    0.016325   -0.013508
0.066196   -0.027192   -0.016395
0.065917   -0.026442   -0.015457
0.065928   -0.026439   -0.015908
0.065816  -0.0092734   -0.010822
0.066611  -0.0093182   -0.010423
0.066607 -0.00060888   -0.010074
0.084351   0.0018413   -0.016023
0.08306   0.0056756   -0.015999
0.06661   0.0054863   -0.010499
0.065965 -0.00061622   -0.010448
0.084566 -0.00061525   -0.016019
0.084087  -0.0070757   -0.016025
0.084967 -0.00061161   -0.016512
0.065928   0.0044565   -0.011176
0.065928 -0.00061424   -0.010845
0.081799   -0.014817   -0.015994
0.084454  -0.0071338   -0.016507
0.0666    -0.01559   -0.011307
0.077257   -0.021474   -0.016123
0.082125   -0.014976   -0.016475
0.066568   -0.022885   -0.013329
0.071883   -0.025246   -0.015843
0.084931 -0.00061358   -0.017522
0.066666   -0.026895   -0.015036
0.065928  -0.0095583   -0.011225
0.065928   -0.015499   -0.011769
0.065928  -0.0092749   -0.010886
0.066457    0.022934   -0.015363
0.065928    0.022598   -0.015759
0.065928    0.013689   -0.013096
0.067238   -0.027391   -0.015872
0.065928   -0.016102   -0.012249
0.083443   0.0068387   -0.017483
0.065928    0.017773   -0.014369
0.065863    0.022615   -0.016176
0.072526     0.01961   -0.015812
0.067192    0.023263   -0.015659
0.067457    0.023516   -0.016134
0.066566    0.013662   -0.012036
0.066589    0.013356   -0.012094
0.076321    0.016163   -0.015884
0.075635    0.017363   -0.016338
0.067441    0.023463   -0.017091
0.081075    0.010117   -0.015964
0.079389    0.013171   -0.016393
0.065928   -0.022715   -0.013778
0.082825   0.0077811   -0.016469
0.076559     0.01656   -0.017326
0.065928   -0.021374   -0.013689
0.076201   -0.022898   -0.017279
0.06723   -0.027323   -0.016827
0.080612   -0.017697   -0.017419
0.083854  -0.0091555    -0.01747
0.036338   0.0059602   0.0045387
0.036928   0.0059136   0.0036627
0.03633   0.0059093   0.0034882
-0.06908  -0.0032384  0.00013664
-0.069084  -0.0034501  -0.0001255
-0.069046  -0.0035597   0.0004107
-0.069569 -0.00061287   -0.011409
-0.06917   0.0038646   -0.004668
-0.069222   0.0037956  -0.0059719
-0.069269 -5.3531e-05   -0.001601
-0.069281  7.8255e-05  -0.0021824
-0.069285 -0.00019898  -0.0022003
-0.068289  -0.0084076   0.0012367
-0.068373  -0.0082787  0.00088051
-0.06872   -0.008512  -0.0068909
0.04377   0.0077512  -0.0006933
0.048814   0.0093596  -0.0042895
-0.069192   0.0017895  -0.0016067
-0.069194   0.0019664  -0.0018496
-0.069245   0.0016438  -0.0024582
0.051609    0.010384  -0.0057757
0.063448    0.015857   -0.012886
-0.069313    0.002747  -0.0058614
-0.069286   0.0027101  -0.0056216
-0.069264   0.0027861  -0.0046731
-0.069179  -0.0050446   -0.004813
-0.069223  -0.0041673  -0.0039656
-0.069323  -0.0051469   -0.010211
0.063449    0.015855   -0.012624
-0.069088   0.0033839  -0.0019358
-0.069155   0.0026075  -0.0019366
-0.069171   0.0029034  -0.0012284
0.063426    0.015962   -0.012665
0.06473    0.015576   -0.013258
0.06345    0.015855   -0.012883
-0.069391  -0.0025902  -0.0059191
-0.069403   -0.001889  -0.0059156
-0.068238   0.0073102   0.0020781
-0.068797   0.0057061   -0.001994
-0.068904   0.0051271  -0.0021004
-0.068518  -0.0076328   0.0006695
-0.068414  -0.0079829   0.0012114
-0.068543  -0.0051847   0.0054112
-0.068603   0.0067334  -0.0018169
-0.068579   0.0067828  -0.0016069
-0.068762  -0.0065656  -0.0003787
-0.069005   -0.005764 -0.00065509
-0.069039  -0.0062598  -0.0052071
-0.069192   -0.005244  -0.0057811
-0.069217   -0.005042  -0.0056076
-0.069127   0.0021855 -0.00083235
-0.069122    0.002302 -0.00090954
-0.069139   0.0025048  -0.0014124
-0.069324   0.0039188   -0.010211
-0.068612   0.0067492  -0.0023772
-0.068576   0.0072461   -0.002023
-0.069233 -0.00013941  -0.0010887
-0.069327 -0.00030071  -0.0023218
0.036327   0.0056709   0.0047883
0.036721   0.0057365   0.0047508
0.036366   0.0061289   0.0045091
-0.069316   0.0025028  -0.0054059
-0.069304   0.0024741  -0.0050513
-0.068543   0.0039595   0.0054099
-0.068829   0.0042428  0.00063499
-0.069147  -0.0039905  -0.0017889
-0.069157  -0.0034727  -0.0014792
-0.069168  -0.0030904  -0.0013415
-0.069264  0.00092328  -0.0022602
-0.069261  0.00082427  -0.0021461
-0.069248  0.00093676  -0.0019543
0.036531   0.0039088    0.004114
0.037086   0.0041391   0.0041669
0.036533   0.0039147   0.0048899
-0.069395  -0.0013224  -0.0048785
-0.069241 -0.00070104  -0.0012493
-0.069245 -0.00062474  -0.0014467
-0.069043   0.0026869  6.1776e-05
-0.068953   0.0037114 -8.1216e-05
0.036125   0.0042803   0.0051356
0.03584   0.0043736   0.0046492
0.036547   0.0043578   0.0047007
-0.06872    0.007284  -0.0068921
-0.06856   0.0069918  -0.0019963
-0.06853    0.007095  -0.0018174
-0.068216  -0.0045176   0.0064526
-0.068264  -0.0085519   0.0020941
0.045705   0.0059793  -0.0016538
0.043754   0.0056663 -0.00016621
-0.069195 -0.00062376 -0.00028304
-0.069176 -0.00098397 -0.00014875
-0.068695 -0.00060907   0.0066279
-0.069348  -0.0026344  -0.0047276
-0.069402  -0.0020711  -0.0054404
-0.069402  -0.0021647  -0.0055515
0.052877   0.0087302  -0.0059689
0.053933   0.0093661  -0.0061597
-0.069098   0.0025912 -0.00070546
0.036629   0.0038746   0.0048697
0.064407    0.014099   -0.012478
-0.069096  -0.0034124  -0.0003129
-0.069156  -0.0031946  -0.0011214
-0.069152  -0.0034317  -0.0013231
-0.068767  -0.0085437  -0.0068987
-0.069354  -0.0051601   -0.010222
-0.068803  -0.0060169   -0.010225
0.064438    0.014036   -0.012553
-0.068935   0.0038355  0.00020173
-0.068971   0.0035702  0.00024393
-0.069385   -0.001465  -0.0056047
-0.069596 -0.00061472   -0.011408
-0.069122  -0.0030976 -0.00042496
-0.069026  -0.0044309 -0.00046912
-0.069063   -0.004471 -0.00097827
0.06438    0.014441   -0.012183
0.064953    0.015199    -0.01286
0.064389    0.014115   -0.012569
0.06494    0.014771   -0.013061
-0.068871   0.0034966  0.00095292
-0.06889   0.0032628   0.0009742
-0.068658   -0.006798  0.00056442
-0.068637  -0.0068127  0.00088253
-0.069205   0.0033365  -0.0049175
-0.069   0.0025211  0.00085565
-0.069001   0.0023563   0.0009059
0.03633  -0.0071373   0.0040447
0.03705  -0.0071109   0.0042373
0.036334  -0.0071927   0.0050548
-0.069173   0.0024096  -0.0020185
-0.069221   0.0022233  -0.0027148
0.036323  -0.0068512   0.0052951
0.036335    -0.00717   0.0050473
0.036613  -0.0068004    0.005003
-0.069131   -0.004299  -0.0021969
-0.069159  -0.0040791  -0.0023978
-0.069194  -0.0041148   -0.003201
-0.069242  8.1936e-05  -0.0014377
-0.069045   0.0041701  -0.0026988
-0.068966   0.0042807  -0.0014558
-0.068909   0.0043685 -0.00065008
0.049679   -0.010896  -0.0036804
-0.06907  -0.0058512  -0.0046236
-0.069046  -0.0060114  -0.0045104
-0.068757   0.0073106  -0.0068921
-0.068234   0.0085099  -0.0023885
-0.067773    0.008949  -0.0024144
-0.06921  0.00091786  -0.0012721
-0.069207  0.00073863  -0.0010493
0.049854   -0.010654  -0.0033391
0.06345   -0.017084   -0.011315
0.05038   -0.011155    -0.00433
0.063617   -0.016712    -0.01137
-0.069393  -0.0016948  -0.0050946
-0.069248  -0.0018107   -0.001718
-0.069183  -0.0018205  -0.0004749
0.036513  -0.0067318   0.0048645
0.064722   -0.016748   -0.011979
0.063454   -0.017173   -0.011351
0.063449   -0.017084   -0.011544
-0.069029  -0.0052819   -0.002145
-0.069183  -0.0046494   -0.004005
-0.069128  -0.0055688  -0.0050076
-0.06914   0.0044573  -0.0056301
-0.069115   0.0046896  -0.0048413
-0.068955   0.0048163  -0.0026631
0.063699   -0.016903   -0.011016
-0.069186  -0.0039565  -0.0027761
0.036531  -0.0051483   0.0052182
0.03706  -0.0051387   0.0044731
0.036531  -0.0051369   0.0044042
-0.069144   0.0041558  -0.0049278
-0.069172    0.004051  -0.0053591
-0.069367   0.0039324   -0.010227
-0.068857   0.0047458   -0.010714
-0.069204 -0.00061405   -0.011931
-0.069388  -0.0026824  -0.0057668
-0.068834   0.0046649 -1.6008e-05
-0.068815   0.0044025   0.0006279
0.049119  -0.0085778  -0.0029891
0.051066  -0.0092719  -0.0043772
0.058152   -0.012194  -0.0080751
0.064398   -0.015347   -0.011297
-0.067812   -0.010146  -0.0024149
-0.068234  -0.0097373  -0.0023884
-0.06925 -0.00059727  -0.0014724
-0.069239 -0.00038872  -0.0015124
-0.069124   0.0014466  -0.0011778
-0.069173   0.0017415  -0.0012271
0.064846   -0.016323   -0.011605
0.064417   -0.015312   -0.011515
0.064407   -0.015328   -0.011295
-0.068893  -0.0056167 -0.00031051
-0.068775  -0.0063791  -0.0001202
0.049194  -0.0088879  -0.0027029
0.064438   -0.015288   -0.011275
0.036605  -0.0051521   0.0051808
-0.06911  -0.0057432  -0.0049885
-0.069159  -0.0029837 -0.00096766
0.036722  -0.0054658   0.0054383
-0.069024  -0.0030218   0.0010999
-0.069025  -0.0037141  0.00062534
-0.069042   -0.005999  -0.0056967
-0.068336   -0.008215   0.0013399
0.043824   0.0060195  8.3889e-05
0.051274   0.0099404  -0.0052291
0.036705   0.0057157   0.0047257
-0.068952   -0.004767 -0.00045792
0.036709   0.0042731   0.0050994
-0.069136   0.0019366 -0.00059239
-0.069089   0.0022072 -0.00018827
-0.069254   0.0019776  -0.0030682
-0.069249    0.001893  -0.0046451
-0.069322   0.0018238  -0.0050404
-0.069098   0.0027948  -0.0011534
-0.069291 -9.3555e-05  -0.0024557
-0.069285  0.00037963  -0.0023705
-0.068595  -0.0070387  0.00093373
-0.06859  -0.0073625  0.00058856
-0.069205   0.0038081  -0.0056243
0.054184   0.0095675  -0.0064784
0.036679   0.0056808    0.004664
0.05117   0.0098813  -0.0051785
0.047596   0.0087283  -0.0034141
-0.069106    0.002223 -0.00062821
0.064539    0.014582    -0.01246
-0.069204  0.00026932 -0.00078264
-0.0694   0.0015259  -0.0061629
-0.06933    0.002561  -0.0059874
-0.069043  -0.0050113  -0.0018755
-0.069016  -0.0052298  -0.0017634
-0.06894  -0.0047843  0.00041356
0.03671   0.0042728    0.005094
0.036541   0.0042598   0.0052057
0.036577   0.0039513   0.0048436
0.036709    0.004275   0.0050943
-0.069388  -0.0019822  -0.0050665
0.063977    0.015772   -0.012486
0.063522    0.015625   -0.012677
-0.068498  -0.0078184  0.00039348
-0.068565  -0.0075002  0.00029107
0.063451    0.015866    -0.01261
0.06369     0.01568   -0.012355
0.06413    0.015673   -0.012644
0.064723    0.015018   -0.012512
-0.068929   0.0041069  -0.0004178
-0.068966   0.0041529  -0.0011424
-0.069023   0.0038912  -0.0016878
0.064524    0.015585   -0.012612
0.064082    0.016042   -0.012791
0.064602    0.015458   -0.012607
0.064861    0.015599   -0.012884
0.064618    0.014894   -0.012598
-0.069092   0.0024777 -0.00057313
0.064925    0.014619   -0.012708
0.064362    0.014445   -0.012206
0.064417    0.014082   -0.012466
0.03671  -0.0069092   0.0052553
0.049165  -0.0088988  -0.0027287
0.036714  -0.0054717   0.0054271
-0.069121  -0.0038784  -0.0013439
-0.068771   0.0059646  -0.0022653
-0.068722   0.0062272  -0.0022662
-0.069056   0.0052381  -0.0060314
-0.069002  -0.0053525  -0.0013603
-0.06886  -0.0054155 -2.8406e-05
-0.068902  -0.0052448   0.0002155
0.036547   -0.005391   0.0055077
0.036713  -0.0054832   0.0054336
0.036608  -0.0050573   0.0051877
-0.068786   0.0059488  -0.0026069
-0.069023  -0.0061929  -0.0046991
0.049922   -0.010661  -0.0034206
0.058149   -0.012515  -0.0078053
-0.068989  -0.0041573  0.00058248
-0.068902  -0.0049013  0.00080969
0.064198   -0.017021   -0.011134
0.064563    -0.01579   -0.011122
0.06437   -0.015649    -0.01102
-0.06927  0.00030561  -0.0020326
0.064404   -0.015326   -0.011292
0.064615   -0.016001   -0.011312
0.064723    -0.01615   -0.011263
-0.068824   0.0057474  -0.0028311
0.064924   -0.015908   -0.011503
0.064661   -0.016575   -0.011334
-0.068238  -0.0085352   0.0020824
0.064911   -0.016707   -0.011627
0.064205   -0.016857   -0.011382
0.064228   -0.017194   -0.011527
0.063698   -0.016886   -0.011041
-0.069296  -0.0030562  -0.0038488
-0.069235  -0.0034918  -0.0030465
-0.069214  -0.0032932  -0.0023644
0.063447   -0.017053   -0.011317
-0.069282   0.0023106  -0.0042389
-0.069291   0.0022985  -0.0044051
-0.069201  -0.0012091 -0.00046626
-0.069197 -0.00064825 -0.00061754
-0.069113  -0.0040773  -0.0014923
-0.068864  -0.0055565  0.00037398
-0.069096   0.0042912  -0.0041437
-0.069093   0.0046574  -0.0036486
-0.068903   0.0042032 -0.00016723
-0.068837    0.004419  0.00048634
-0.068321 -0.00061715   0.0071118
-0.069005  -0.0043901 -3.8062e-05
-0.068981  -0.0045798  6.1954e-05
-0.069208 -0.00010208 -0.00071541
-0.069248  0.00087238  -0.0016995
-0.069295   0.0019452   -0.003836
-0.069175   0.0019351  -0.0014436
-0.069105  -0.0028648 -0.00026992
-0.068945  -0.0048354 -8.6103e-05
-0.069388  -0.0025487  -0.0055816
-0.068581   0.0039764   0.0054277
-0.068728 -0.00061965   0.0066497
-0.068079   0.0029293   0.0063381
-0.069019   0.0022813  0.00077113
-0.069063   0.0023337  0.00012627
-0.069096   0.0019491 -6.2917e-05
-0.069175   0.0014205 -0.00096241
-0.0692   0.0011034  -0.0015678
-0.069149   0.0028535  -0.0021901
-0.069182   0.0027382  -0.0027004
-0.068933  -0.0055392  -0.0018901
-0.069059   0.0050737  -0.0057733
-0.069223  0.00015108  -0.0010954
-0.06923  0.00051869  -0.0013731
-0.068885   0.0054659  -0.0027331
-0.068819   0.0056488  -0.0022729
0.03632   0.0059191   0.0045301
0.035931   0.0054196   0.0027973
0.035931   0.0054196   0.0043749
0.036326   0.0059139   0.0034887
-0.069154   0.0029632  -0.0024954
0.036371   0.0056644   0.0047907
0.036283   0.0059786   0.0045379
-0.069061  -0.0042698 -0.00031487
-0.06906  -0.0043713 -0.00095848
-0.069108   0.0035408  -0.0026394
-0.069028   0.0039518  -0.0019086
0.036499   0.0039374   0.0041071
0.035853   0.0043763   0.0046465
0.035931   0.0043988   0.0030639
-0.069144  -0.0031002 -0.00085047
-0.069592 -0.00060774   -0.011424
-0.069191 -0.00062649   -0.011983
0.036502  -0.0051938   0.0052451
0.035931  -0.0056268   0.0034327
0.035931  -0.0056268   0.0049971
0.036518  -0.0051705   0.0044137
-0.069133   0.0030132  0.00024691
-0.069262   0.0021442  -0.0035528
-0.06922   0.0013819  -0.0017429
-0.06864   0.0064738  -0.0016187
0.036321  -0.0071441   0.0040458
0.035931  -0.0066476     0.00487
0.035931  -0.0066476   0.0033069
0.036331  -0.0071236   0.0050536
-0.068698 -0.00061364   0.0066269
-0.068994  -0.0042532  0.00035008
-0.069085  -0.0042114  -0.0011942
-0.069105   0.0043102  -0.0044195
-0.067763   -0.010145   -0.002416
0.036521   0.0040149   0.0049068
-0.069185  -0.0051602  -0.0053737
-0.069161  -0.0053457  -0.0052383
-0.069249   0.0021797  -0.0032558
-0.069167  -0.0015557 -0.00012491
-0.069157  -0.0018505 -4.2663e-06
-0.068643  -0.0071712 -3.7645e-05
0.036605    0.005706   0.0047353
0.035832   0.0054401   0.0043968
0.036402    0.004242    0.005117
-0.069251  -0.0021214  -0.0019952
-0.069036   0.0044138  -0.0031388
0.035854   0.0043916   0.0046604
-0.069076   -0.002673  0.00063756
-0.06862  -0.0071931  0.00035682
-0.06936   0.0019536  -0.0056849
-0.069382   0.0016039  -0.0057642
0.036528  -0.0054268   0.0056052
0.036546  -0.0051471   0.0052122
0.035844  -0.0056155   0.0050006
-0.069251  -0.0037285  -0.0037853
-0.069286  -0.0033628  -0.0040274
-0.069023   0.0027059  0.00035306
-0.069101    0.003429  -0.0022612
-0.069174  -0.0022287  0.00023499
-0.069227  -0.0023571  -0.0016688
0.035855  -0.0066633    0.004888
0.03666  -0.0054355    0.005346
0.035846    -0.00562   0.0050195
-0.069431     0.00137  -0.0060115
0.036721  -0.0069172   0.0052855
-0.068866     0.00457 -0.00030229
-0.069121   0.0027384  -0.0014842
-0.069076  -0.0043695  -0.0012781
-0.069075  -0.0023895  0.00095745
-0.068271   0.0073353   0.0020851
-0.067663   0.0077067    0.002931
-0.067785   0.0089166  -0.0024119
-0.069113   -0.001955  0.00049892
-0.06791    0.008076  -0.0058565
-0.069079  -0.0028802  3.5419e-06
-0.069377  -0.0016481  -0.0046178
-0.06918   0.0020923  -0.0017032
-0.067669  -0.0087773   0.0032906
-0.069216  -0.0035182  -0.0027191
-0.068218  -0.0088928  -0.0070741
-0.067936   -0.009808  -0.0048056
-0.069231 -0.00061368  -0.0011134
-0.0689   0.0041598 -1.3624e-05
-0.069206 -0.00061308 -0.00065753
-0.06922 -0.00032259  -0.0009152
-0.069231 -0.00060961  -0.0010993
-0.068843   0.0048344 -0.00011185
-0.069119   0.0036047  -0.0029888
-0.069179    0.003635  -0.0044217
-0.069218   0.0032883  -0.0045745
-0.069227  -0.0021508  -0.0014907
-0.069165   -0.002157 -0.00082168
-0.069089   0.0041127  -0.0035068
-0.069094   0.0041836  -0.0038039
-0.069222  -0.0028834  -0.0020635
-0.06938  -0.0014977  -0.0045491
-0.06925  0.00055677  -0.0017798
-0.068818   0.0056734  -0.0023644
-0.069146   0.0031609  -0.0026807
-0.069138   0.0017353 -0.00074742
-0.069347   0.0020972  -0.0055305
-0.069159 -0.00044187 -0.00038907
-0.068712 -0.00060204   0.0066247
-0.069192   0.0028118   -0.003027
-0.069266   0.0024105  -0.0039212
-0.069568 -0.00061375   -0.011409
-0.068241 -0.00061363   0.0070831
-0.069255     0.00239  -0.0036783
-0.059069   -0.019705    0.027677
-0.059069 -0.00061366   0.0085849
-0.059069   -0.025558    0.018917
-0.059069   -0.027614   0.0085851
-0.059069   -0.025558  -0.0017472
-0.059069   -0.019706   -0.010507
-0.059069   -0.010946    -0.01636
-0.059069 -0.00061383   -0.018415
-0.059069   0.0097185    -0.01636
-0.059069    0.018478   -0.010507
-0.059069    0.024331  -0.0017476
-0.059069    0.026386   0.0085847
-0.059069    0.024331    0.018917
-0.059069    0.018478    0.027677
-0.059069   0.0097188     0.03353
-0.059069 -0.00061349    0.035585
-0.059069   -0.010946     0.03353
0.035931 -0.00061401   0.0085845
0.035931   -0.019706    0.027677
0.035931   -0.025559    0.018917
0.035931   -0.027614   0.0085847
0.035931   -0.025559  -0.0017476
0.035931   -0.019706   -0.010507
0.035931   -0.010947    -0.01636
0.035931 -0.00061418   -0.018415
0.035931   0.0097181    -0.01636
0.035931    0.018478   -0.010507
0.035931    0.024331  -0.0017481
0.035931    0.026386   0.0085843
0.035931    0.024331    0.018917
0.035931    0.018478    0.027676
0.035931   0.0097186    0.033529
0.035931 -0.00061384    0.035585
0.035931   -0.010946    0.033529
0.036395    0.011501   0.0013971
0.036059   0.0057815   0.0032563
0.036983   0.0059985    0.003516
-0.068578   0.0031328  0.00042572
-0.06898   0.0031328  0.00042572
-0.068965    0.003169  0.00061866
-0.068686   0.0033814  -0.0019292
-0.069088   0.0033814  -0.0019292
-0.069069   0.0035566  -0.0018818
-0.068818   0.0012129  -0.0016033
-0.068819   0.0013834  -0.0017469
-0.068846  0.00096357   -0.001943
0.037418    0.011207   0.0015182
0.037419    0.011289   0.0014833
0.037469   0.0061514   0.0034626
0.049305   0.0095264   -0.004539
-0.06873  -0.0040383  -0.0017887
-0.069113  -0.0042749  -0.0018044
-0.069132  -0.0040383  -0.0017887
-0.068765  -0.0035561  -0.0017687
-0.069167  -0.0035561  -0.0017687
-0.06878  -0.0033076   -0.001745
0.067226  -0.0021221   -0.028416
0.067109  0.00056487   -0.028416
0.068716   0.0027158   -0.028416
-0.068496  -0.0052962  0.00016465
-0.068899  -0.0052962  0.00016465
-0.068896  -0.0054032  1.0635e-05
0.065915    0.016952   -0.014091
0.060566    0.014344   -0.011302
0.054643    0.020118   -0.011344
0.037243    0.018619  -0.0027181
0.064129    0.015957   -0.013156
0.064407    0.014099   -0.012671
0.062096    0.012877   -0.011441
0.064968    0.014621   -0.012993
0.065915   0.0094903   -0.012085
0.050203   0.0077319  -0.0044619
-0.068754  -0.0034973  -0.0014773
-0.069142  -0.0037005  -0.0014994
-0.068741  -0.0037005  -0.0014994
-0.068785 -0.00058782 -0.00027785
-0.068806 -0.00010871 -0.00070987
-0.068826 -0.00014274  -0.0011011
-0.068654   -0.004902  -0.0018754
-0.069057   -0.004902  -0.0018754
-0.068687  -0.0045549  -0.0018399
-0.06878   0.0036048  -0.0044332
-0.069162   0.0037507  -0.0043089
-0.06876   0.0037507  -0.0043089
0.043512   0.0055981 -0.00021998
0.037483   0.0041081   0.0039863
-0.068534   0.0039456 -0.00023255
-0.068937   0.0039456 -0.00023255
-0.068545   0.0037926 -0.00012693
0.037495   0.0014035   0.0044172
0.036666   0.0039187   0.0040458
0.037499 -0.00061404   0.0045192
0.037474  -0.0006094   0.0045469
-0.068631  -0.0062552  -0.0049776
-0.069032  -0.0062161  -0.0047651
-0.068628  -0.0062161  -0.0047651
0.036395 -0.00061403   0.0045935
0.036198   0.0039662   0.0038089
-0.068836   0.0018217  -0.0025443
-0.069237   0.0018217  -0.0025443
-0.069229   0.0020228  -0.0026245
0.064164   -0.017178   -0.011838
0.065891    -0.02112   -0.013712
0.047297   -0.016833  -0.0042957
0.050332   -0.011128  -0.0042801
-0.068754  -0.0031911  -0.0011111
-0.068746  -0.0031004 -0.00085023
-0.068773  -0.0031552  -0.0014128
0.071678   0.0034569   -0.028416
0.074397   0.0091844   -0.028416
0.070931 -0.00061437   -0.028416
0.037428   -0.014552   0.0021681
0.037487  -0.0073834   0.0040404
-0.068634   0.0046099  -0.0037266
-0.06903   0.0046099  -0.0035559
-0.069037   0.0046099  -0.0037266
0.036393   -0.014503   0.0022449
0.037522   -0.007395   0.0042337
0.036119   -0.007041   0.0038494
0.037432   -0.014524   0.0021878
-0.068722   0.0026135  -0.0013451
-0.069124   0.0026135  -0.0013451
-0.069106   0.0027443   -0.001195
0.074892  0.00044271   -0.028416
0.075931   0.0003856   -0.028416
0.074887  -0.0016733   -0.028416
-0.039569    0.008636   -0.026415
-0.039069    0.008636   -0.028415
-0.037069    0.008636   -0.028415
-0.068687  -0.0045549  -0.0018399
-0.069089  -0.0045549  -0.0018399
-0.068711  -0.0042749  -0.0018044
-0.06878 -0.00080156 -0.00020126
-0.06918 -0.00080156 -0.00020126
-0.068785 -0.00062364 -0.00028363
0.036526 -0.00061479   0.0046748
0.036384  -0.0051166   0.0042492
0.037493  -0.0053384   0.0042947
0.05197  -0.0006149  -0.0042956
0.037637  -0.0053471   0.0045659
-0.06879  -0.0042451  -0.0033969
-0.06919   -0.004358  -0.0035791
-0.069192  -0.0042451  -0.0033968
0.037499 -0.00061437   0.0045313
0.06593  -0.0095359   -0.011221
0.064482   -0.015369   -0.011552
-0.068671  -0.0061294  -0.0055643
-0.069075  -0.0061294  -0.0055643
-0.069055  -0.0062161   -0.005355
-0.068742   0.0019096 -0.00083372
-0.069144   0.0019096 -0.00083372
-0.069169   0.0019096  -0.0013034
-0.068616  -0.0037544  0.00062403
-0.069018  -0.0037544  0.00062403
-0.068623  -0.0035895  0.00071075
-0.068632  -0.0030483   0.0011001
-0.06867  -0.0029634  0.00059571
-0.06864  -0.0036245  0.00040021
-0.068882  0.00075133  -0.0025525
-0.069279   0.0011093  -0.0027213
-0.069283  0.00075133  -0.0025525
-0.068389   0.0057056  -0.0019942
-0.068314   0.0062208  -0.0022639
-0.068359   0.0059713   -0.002263
-0.068696   0.0019636 -4.7897e-05
-0.068687   0.0022072 -0.00018827
-0.068638   0.0019478 -0.00059036
-0.06883   0.0025363  -0.0034297
-0.069208    0.002704  -0.0031752
-0.069232   0.0025363  -0.0034297
-0.068752  -0.0033833  -0.0012951
-0.068762   0.0022744  -0.0016459
-0.06915   0.0024468  -0.0016041
-0.069164   0.0022744  -0.0016459
0.073429   -0.025872   -0.019395
0.077913   -0.021063   -0.017329
0.074663   -0.023795   -0.017198
0.080646   -0.017896   -0.017322
0.069961   -0.027751   -0.019153
0.067033   -0.027601   -0.016683
-0.06879   -0.004033  -0.0030589
-0.068768  -0.0039883  -0.0025498
-0.068729  -0.0040491  -0.0017947
-0.068883  0.00075133  -0.0025525
-0.069283  0.00075133  -0.0025525
-0.068883  0.00044573  -0.0023957
-0.068734  -0.0042539   -0.002225
-0.069112    -0.00448  -0.0021597
-0.06871    -0.00448  -0.0021597
-0.068886  0.00035451  -0.0023679
-0.068862  0.00081938  -0.0021358
-0.068863  0.00093025  -0.0022618
-0.068519  -0.0050004   0.0003421
-0.068922  -0.0050004   0.0003421
-0.068907  -0.0051817  0.00025931
-0.037069  -0.0098639   -0.026415
-0.039069   -0.009864   -0.028415
-0.039569  -0.0098639   -0.026415
-0.068824   0.0037898   -0.005967
-0.068808   0.0038206  -0.0056051
-0.068769   0.0040528  -0.0053545
-0.068689   0.0037394  -0.0027068
-0.068685   0.0041228  -0.0035183
-0.068733   0.0032968  -0.0027325
-0.068593  -0.0040842  0.00057622
-0.068995  -0.0040842  0.00057622
-0.068608  -0.0038975  0.00057622
-0.06888  7.8248e-05  -0.0021824
-0.068873  0.00030789  -0.0020296
-0.068244    -0.00714 -5.8268e-05
-0.068158  -0.0075005  0.00029119
-0.068163  -0.0073581  0.00058689
0.04906   -0.026708   -0.011083
0.066   -0.026836   -0.016053
-0.068779   -0.004966  -0.0047347
-0.069181   -0.004966  -0.0047347
-0.069171   -0.005131  -0.0049169
-0.068996  -0.0016743  -0.0050084
-0.069388  -0.0016743  -0.0047872
-0.068987  -0.0016743  -0.0047872
0.064802   -0.016647   -0.012066
-0.068605   0.0039681  -0.0015595
-0.069008   0.0039681  -0.0015595
-0.068986   0.0040711  -0.0013643
0.064911   -0.016022   -0.011852
0.051745 -0.00061371  -0.0041823
-0.068214   0.0065632  -0.0015963
-0.06859   0.0067273  -0.0015803
-0.068182   0.0067273  -0.0015803
-0.068993   -0.001913  -0.0050865
-0.06938  -0.0021091  -0.0049123
-0.069393   -0.001913  -0.0050865
-0.068792  -0.0041496  -0.0032581
-0.069193  -0.0040628  -0.0030934
-0.068792  -0.0040628  -0.0030934
0.066565    0.023339   -0.016667
-0.068584   0.0046676  -0.0028181
-0.068987   0.0046676  -0.0028181
-0.068613   0.0045088  -0.0030023
0.064782    0.015528   -0.013265
-0.068545   0.0037926 -0.00012693
-0.068948   0.0037926 -0.00012693
-0.068562   0.0035814 -4.0804e-05
-0.068463  -0.0059115 -0.00058678
-0.068357  -0.0065657 -0.00037864
-0.068367   -0.006397 -0.00011513
-0.068593  -0.0053045  -0.0015711
-0.068997  -0.0053045  -0.0015711
-0.068615  -0.0052134  -0.0017768
-0.045162    0.027053   -0.032415
-0.034069    0.028892   -0.023492
-0.034069    0.027946    -0.03242
-0.068692   0.0043118  -0.0044285
-0.03857    0.028932   -0.021384
-0.042916    0.028027   -0.016811
-0.033702    0.027887    -0.02248
-0.023986    0.028761   -0.025472
-0.033688    0.028039   -0.022433
-0.034069    0.027906   -0.032415
-0.068675  -0.0028503  0.00061002
-0.069067   -0.003079  0.00056269
-0.068665   -0.003079  0.00056269
-0.014197    0.028874   -0.024197
0.0084308    0.027666   -0.032416
-0.0070747    0.026386   -0.032415
-0.043225    0.026026   -0.032415
-0.040194    0.026377   -0.032415
-0.068772    0.001993  -0.0014729
-0.069153   0.0022912  -0.0014507
-0.068751   0.0022912  -0.0014507
0.051346     0.02618   -0.032416
0.050931    0.027586   -0.032416
0.050262    0.029413    -0.01824
0.050933    0.027809   -0.032454
-0.068751   0.0022912  -0.0014507
-0.069137   0.0024857  -0.0014062
-0.068735   0.0024857  -0.0014062
-0.0022098    0.029342   -0.017221
-0.068832   0.0032593  -0.0048915
-0.068859   0.0028451   -0.004686
-0.068815   0.0033011  -0.0045852
-0.0073181    0.029131   -0.021198
0.055489    0.027156   -0.032416
0.050922    0.027614   -0.032419
0.05362    0.026045   -0.032416
-0.068657   -0.003292  0.00048783
-0.069058   -0.003292  0.00048783
-0.069047  -0.0035128   0.0004327
-0.068552  -0.0056091  -0.0014907
-0.068918  -0.0056091 -0.00080017
-0.068514  -0.0056091 -0.00080017
-0.068631    0.003914  -0.0019403
-0.069034    0.003914  -0.0019403
-0.068653   0.0037531  -0.0020247
-0.06885  -0.0019223  -0.0018512
-0.06925  -0.0019223  -0.0018512
-0.068851  -0.0020612  -0.0019596
-0.068833  -0.0034807  -0.0030498
-0.069234  -0.0034807  -0.0030498
-0.068847  -0.0034026   -0.003245
-0.068967  -0.0022871  -0.0047475
-0.069368  -0.0022871  -0.0047475
-0.06898  -0.0021091  -0.0049123
-0.068847  -0.0022477   -0.002016
-0.069248  -0.0022477   -0.002016
-0.069236  -0.0025779  -0.0020342
0.049989     0.02895   -0.016584
-0.068992  -0.0024254  -0.0055639
-0.069388   -0.002586  -0.0056117
-0.069393  -0.0024254  -0.0055639
-0.0031487    0.028557   -0.017118
-0.068709    0.001882 -0.00020609
-0.06911    0.001882 -0.00020609
-0.069095   0.0019745 -4.1281e-05
-0.06869   0.0040308  -0.0034165
-0.069087   0.0041364  -0.0035521
-0.069093   0.0040308  -0.0034165
-0.068855  -0.0035572  -0.0028233
-0.068845  -0.0037416  -0.0037773
-0.068564   0.0041353  -0.0012552
-0.068523   0.0040886 -0.00037596
-0.068526   0.0041312 -0.00011561
-0.069143   0.0038781  -0.0041756
-0.068741   0.0038781  -0.0041756
0.083074   -0.011263   -0.032416
0.083774    0.003647   -0.032416
0.084416 -0.00061444   -0.032416
0.082599   -0.013171   -0.032412
0.084834  -0.0005826    -0.03248
0.084903   -0.010539   -0.019801
0.085925  -0.0006044    -0.01982
-0.042069 -0.00061394   -0.026415
-0.044569  -0.0098639   -0.026415
0.084118  -0.0094886   -0.017401
0.085075 -0.00061186     -0.0175
0.083867   0.0080352   -0.019747
-0.06841   0.0058159   -0.002786
-0.068692  -0.0060045   -0.005699
-0.068644  -0.0060219  -0.0045148
-0.068672  -0.0058457  -0.0046189
-0.068789   -0.005244  -0.0057811
-0.069131  -0.0057648  -0.0057811
-0.068728  -0.0057648  -0.0057811
-0.068783  -0.0051602  -0.0053737
-0.068806  -0.0050391   -0.005627
-0.068789  -0.0052442  -0.0057811
0.081393   0.0092476   -0.032413
0.083276   0.0067831   -0.017421
0.079573    0.014702   -0.019656
-0.068675  -0.0023895  0.00095757
-0.068715  -0.0019823  0.00053802
-0.068724  -0.0022186  0.00022092
-0.069017   0.0045088  -0.0030023
0.07203  -0.0046051   -0.028416
0.073563   0.0025284   -0.028416
0.073826  -0.0035109   -0.028416
0.075383    0.016728   -0.032415
0.079297    0.013468   -0.017288
0.070499    0.022846    -0.01947
-0.068037  -0.0078749   0.0010494
-0.068446  -0.0078749   0.0010494
-0.068065  -0.0077795  0.00091055
-0.06877  -0.0048617   -0.004257
-0.069172  -0.0048617   -0.004257
-0.068777  -0.0046968  -0.0040357
0.075194    0.018003   -0.017169
0.068594    0.021892   -0.032416
-0.068267   0.0065054  -0.0023657
-0.068637   0.0067049  -0.0023657
-0.068674   0.0065054  -0.0023657
-0.068674  -0.0043696  -0.0012781
-0.068649  -0.0044696 -0.00097904
-0.068657   -0.004372 -0.00095836
0.062139    0.025289   -0.032417
0.060016    0.027957   -0.019076
-0.068861  0.00011532  -0.0018037
-0.069254 -3.7482e-05  -0.0016309
-0.068854  -3.749e-05  -0.0016309
-0.068804  0.00022483 -0.00076876
-0.06883  0.00050736  -0.0013656
-0.068822  0.00012475  -0.0010777
-0.068888  -0.0031116  -0.0037666
-0.068892  -0.0032632  -0.0041121
-0.068202  -0.0069944  0.00096955
-0.068211  -0.0071888  0.00035962
0.056473    0.025549   -0.032416
0.059923    0.026015   -0.032416
0.064213    0.024293   -0.032416
0.064254    0.022085   -0.032416
0.070498    0.016292   -0.032416
0.073154    0.018598   -0.032416
0.074535   0.0087904   -0.032416
0.077103     0.01486   -0.032416
0.078581   -0.019818   -0.032415
0.079991    0.011296   -0.032416
0.075234   -0.022998   -0.032415
0.075931  -0.0016144   -0.032416
0.075931  0.00038558   -0.032416
0.081222   -0.015888   -0.032415
0.082183   0.0076706   -0.032416
0.062042   -0.028461   -0.032415
0.049592   -0.030697   -0.017948
0.050931   -0.029406   -0.032415
-0.068962  -0.0023654  -0.0046738
-0.069002  -0.0020786  -0.0054389
-0.068955   -0.002589  -0.0047683
0.059878   -0.025636   -0.032415
0.027277   -0.030573   -0.017423
0.050927   -0.029416   -0.032416
0.0084306   -0.029389   -0.032415
-0.068492  -0.0054032  1.0635e-05
0.049931   -0.027614   -0.032415
-0.033929   -0.029349   -0.032415
-0.068883  -0.0033642   -0.004018
-0.069267  -0.0035551  -0.0038923
-0.068865  -0.0035551  -0.0038923
-0.068228   0.0064952  -0.0016089
-0.068173   0.0067891  -0.0016277
-0.068258   0.0065523  -0.0023758
0.062978   -0.029671   -0.018803
-0.068909   0.0023579  -0.0042959
-0.068889   0.0019384  -0.0038383
-0.068839   0.0021526   -0.003552
-0.069194   0.0019061  -0.0017795
-0.068793   0.0019061  -0.0017795
-0.0685    0.003954  0.00031688
-0.068903    0.003954  0.00031688
-0.068878   0.0040947   0.0004737
-0.068529   0.0040516 -0.00035778
-0.068931   0.0041378 -0.00051353
-0.068932   0.0040516 -0.00035778
-0.068479   0.0043601 -0.00014237
-0.068575   0.0042315  -0.0015735
0.059239   -0.029386   -0.016435
0.05101   -0.030385   -0.016772
0.071308   -0.025445   -0.032415
-0.068585  -0.0055215  -0.0019082
-0.068989  -0.0055215  -0.0019082
-0.068971  -0.0055826  -0.0017206
-0.068694   0.0019745 -4.1281e-05
-0.069006  -0.0024281  -0.0059473
-0.068987  -0.0026118  -0.0056266
-0.069001  -0.0021724  -0.0055515
0.077292   -0.021362   -0.032414
0.080482   -0.019481   -0.019737
-0.06878   0.0022726  -0.0019934
-0.069182   0.0022726  -0.0019934
-0.06879   0.0020468  -0.0018962
-0.068787  -0.0039805  -0.0028634
-0.069189  -0.0039805  -0.0028634
-0.069177  -0.0039805  -0.0026068
-0.06842   -0.006182 -0.00049642
-0.068825   -0.006182 -0.00049642
-0.068789  -0.0064076 -0.00043139
-0.068731   0.0026358  -0.0015403
-0.069133   0.0026359  -0.0015403
-0.068748   0.0024468  -0.0016041
-0.069284  0.00044573  -0.0023957
-0.068005  -0.0081441  0.00071528
-0.068376  -0.0082699  0.00088879
-0.067967    -0.00827  0.00088879
0.074777  -0.0092753   -0.028416
0.073952   -0.011562   -0.032416
0.068315   -0.019999   -0.032415
-0.00127   -0.030614   -0.017413
-0.0064998   -0.030504   -0.021149
-0.013553   -0.030336   -0.024102
-0.068712   0.0040997  -0.0051032
-0.0021731   -0.029659   -0.016838
-0.068581  -0.0042057  0.00060227
-0.068965  -0.0043706  0.00065442
-0.068983  -0.0042057  0.00060227
0.049604   -0.030451    -0.01687
-0.068748   0.0026803  -0.0019459
-0.0691   0.0032758  -0.0019459
-0.068698   0.0032758  -0.0019459
-0.068821  -0.0021324  -0.0014296
-0.069222  -0.0021324  -0.0014296
-0.069198  -0.0021324 -0.00098333
-0.06883 -0.00061215  -0.0011015
-0.068852 -0.00039543  -0.0015232
-0.06885 -0.00060391  -0.0014619
-0.0689  -0.0030031  -0.0039181
-0.069276  -0.0032113  -0.0035973
-0.069301  -0.0030031  -0.0039181
-0.068728  -0.0042993  -0.0021854
-0.068789 -0.00047611 -0.00036607
-0.06919  -0.0004761 -0.00036607
-0.068795 -0.00034158 -0.00047455
-0.034069   -0.030209   -0.023668
-0.034069   -0.029367   -0.032418
-0.023211   -0.030124   -0.025504
-0.013535   -0.030289   -0.024127
-0.039353   -0.030167   -0.021393
-0.034069   -0.029338   -0.032415
-0.034069   -0.030241   -0.023671
-0.045112   -0.029725   -0.017409
-0.045119   -0.028407   -0.032415
-0.068737  -0.0053786  -0.0048214
-0.069128  -0.0055261  -0.0049646
-0.06914  -0.0053786  -0.0048214
-0.040069   -0.027614   -0.032415
-0.069004  -0.0024601  -0.0059414
-0.069405  -0.0024601  -0.0059414
-0.069396  -0.0026294  -0.0058807
-0.033711   -0.029247   -0.022569
-0.068666   0.0035566  -0.0018818
-0.068841   0.0016726  -0.0024686
-0.022971   -0.029182   -0.024302
-0.068992  -0.0026761  -0.0058436
-0.068476   0.0045053 -0.00041131
-0.06888   0.0045053 -0.00041131
-0.068496   0.0044168 -0.00055603
-0.068817    0.002256   -0.002721
-0.069193   0.0026179   -0.002721
-0.068792   0.0026179   -0.002721
0.031379   -0.027676  -0.0080592
0.025989    -0.02807  -0.0081128
-0.068698   0.0034321  -0.0022357
-0.068706   0.0035029  -0.0025848
0.018738   -0.028421  -0.0079924
0.025989   -0.028144  -0.0080777
0.0083952   -0.028645  -0.0071924
0.0084944   -0.027715  -0.0062748
-0.069194  -0.0041496  -0.0032581
-0.068987   -0.002586  -0.0056117
-0.068812  -0.0032932  -0.0023644
-0.068828  -0.0023844  -0.0016825
-0.068798   0.0034558    -0.00452
-0.069182   0.0036048  -0.0044332
-0.068788   -0.004358  -0.0035791
0.031948    -0.02666  -0.0072018
0.030935   -0.026804  -0.0073693
0.031008   -0.027739   -0.008075
0.032241   -0.027575  -0.0079128
0.039036    -0.02864   -0.012013
0.03224    -0.02756   -0.007921
-0.068795   0.0020313  -0.0019124
-0.0687   0.0038651  -0.0032357
-0.069103   0.0038651  -0.0032357
0.039712    -0.02899   -0.012262
0.034736   -0.026648  -0.0066886
-0.068775   0.0044559   -0.005625
-0.068645   0.0052167  -0.0060367
-0.068562   0.0035814 -4.0804e-05
-0.068965   0.0035814 -4.0804e-05
-0.068593   0.0032366   6.403e-06
-0.06867  -0.0024777  0.00098881
-0.06906  -0.0026382   0.0010451
-0.069071  -0.0024777  0.00098881
-0.068834  -0.0025779  -0.0020342
-0.069235  -0.0025779  -0.0020342
-0.069226  -0.0028035  -0.0020516
-0.068875  -0.0032113  -0.0035973
-0.068749  -0.0037938  -0.0017887
-0.069151  -0.0037938  -0.0017887
-0.068449  -0.0055753  0.00035169
-0.068498  -0.0049227  0.00080212
-0.068497  -0.0052625  0.00020322
0.0026615   -0.029915   -0.013476
0.0067942     -0.0288  -0.0077155
-0.068447   0.0042458  0.00064036
0.0073846   -0.028706  -0.0073403
0.0063686   -0.029011  -0.0081579
-0.068783  -0.0045449  -0.0038492
-0.069179  -0.0046968  -0.0040357
-0.069185  -0.0045449  -0.0038492
-0.0017037     -0.0296   -0.016536
-0.068954   0.0022358  -0.0060446
-0.069343   0.0024053  -0.0060165
-0.069356   0.0022358  -0.0060445
0.0054927    -0.02796  -0.0078463
0.0064226   -0.028898  -0.0081914
0.0071482   -0.028644  -0.0074863
0.006546   -0.027806  -0.0065702
0.0085024   -0.027681  -0.0063623
0.037205   -0.022672  -0.0026456
0.037305    -0.02141  -0.0016625
-0.068402   0.0056294  -0.0020118
-0.068771   0.0058295  -0.0019373
-0.068365   0.0058295  -0.0019373
-0.068611   0.0040346  -0.0018239
-0.068994   0.0041513  -0.0016871
-0.069015   0.0040346  -0.0018239
0.035775   -0.025885  -0.0055827
0.037165   -0.022756  -0.0028009
0.037282   -0.021512  -0.0015322
-0.068384  -0.0064076 -0.00043139
-0.068992  -0.0013678    -0.00474
-0.069009  -0.0013355  -0.0051751
-0.069023  -0.0014896  -0.0056334
-0.0688 -0.00022396 -0.00059262
-0.069195 -0.00034157 -0.00047455
-0.069201 -0.00022396 -0.00059262
-0.068492   0.0051919  -0.0024611
-0.068897   0.0051919  -0.0024611
-0.068522   0.0050191   -0.002549
0.036679   -0.024379  -0.0042598
0.036694   -0.024352  -0.0042442
-0.068793  -0.0011434 -0.00047008
-0.068767  -0.0015351 -0.00012961
-0.068776 -0.00094082 -0.00015995
-0.068126   0.0071462  -0.0021239
-0.068535   0.0071462  -0.0021239
-0.068168   0.0069785  -0.0022532
-0.0687  -0.0057321   -0.004994
0.035776   -0.025774  -0.0056634
-0.068348  -0.0066116 -0.00035337
-0.068709  -0.0068502 -0.00023184
-0.068303  -0.0068502 -0.00023184
0.066365   -0.027266   -0.016489
0.059473    -0.02925   -0.016491
-0.068298  -0.0067593   8.973e-05
-0.068658  -0.0069893  0.00021997
-0.068703  -0.0067593   8.973e-05
0.074304   0.0015347   -0.028416
-0.068583   0.0040711  -0.0013643
-0.068969   0.0041379  -0.0011922
-0.068566   0.0041379  -0.0011922
-0.068478  -0.0051828  0.00066754
-0.068872  -0.0053217  0.00057199
-0.068882  -0.0051828  0.00066754
-0.068627   0.0038401  -0.0017096
0.069015  -0.0041249   -0.028416
-0.068677  -0.0058212  -0.0046826
-0.069081  -0.0058212  -0.0046826
-0.068689  -0.0057865  -0.0048561
-0.068789  -0.0047969  -0.0045525
-0.069191  -0.0047969  -0.0045525
-0.068818  -0.0029901  -0.0021253
-0.069219  -0.0029901  -0.0021253
-0.069215  -0.0032071  -0.0022858
-0.06878  -0.0018223  -0.0004839
-0.069221  -0.0018008  -0.0012257
-0.068821  -0.0018008  -0.0012257
-0.068778   0.0027749  -0.0026928
-0.068749   0.0031214  -0.0027006
-0.06883   0.0025375  -0.0033996
-0.069011  -0.0013493  -0.0052431
-0.069411  -0.0013492  -0.0052431
-0.069019  -0.0014187  -0.0054903
0.036347    0.016848  -0.0017416
0.03718    0.018911  -0.0029347
0.036625    0.021239  -0.0044475
0.037362    0.016958  -0.0015765
-0.068727  -0.0057648  -0.0057811
-0.069092  -0.0060339  -0.0056596
-0.068688  -0.0060339  -0.0056596
0.036609    0.021248  -0.0044777
0.043709     0.02548   -0.010915
-0.068816  -0.0042739  -0.0040363
-0.068758  -0.0053592  -0.0052176
-0.068776  -0.0047584  -0.0041319
-0.068687  -0.0026057  0.00060448
0.035566      0.0234  -0.0058141
-0.068661   0.0044168  -0.0031493
-0.068627   0.0046402  -0.0036673
-0.068697   0.0042868  -0.0041789
0.037355    0.016941    -0.00161
0.033129    0.025447  -0.0075323
0.039146    0.027169   -0.012214
0.031832    0.025857  -0.0079459
0.021732    0.029278   -0.016994
0.031862    0.025897  -0.0079697
0.039105    0.027242   -0.012129
0.034393    0.024672  -0.0068371
0.03184    0.025903  -0.0078813
-0.068807 -0.00062825 -0.00063846
-0.068638    0.004181  -0.0026929
-0.068694   0.0041746  -0.0038255
-0.06846   0.0053818  -0.0023781
-0.068827   0.0055987  -0.0022914
-0.068865   0.0053818  -0.0023781
0.034415    0.024625  -0.0068412
-0.068781  -0.0033076   -0.001745
-0.069182  -0.0033076   -0.001745
-0.068799  -0.0029842  -0.0017292
-0.068824  -0.0028035  -0.0020516
-0.068753  -0.0066116 -0.00035337
-0.068152   0.0069899  -0.0020013
-0.068111    0.007201  -0.0020506
-0.068195   0.0068616  -0.0023277
0.035549    0.023351  -0.0058896
-0.068659  -0.0026382   0.0010451
-0.069049  -0.0028075   0.0010842
0.05805    0.027096    -0.01644
0.061976    0.025542   -0.016499
-0.069025  -0.0035895  0.00071075
-0.068473  -0.0077795  0.00091055
-0.068857   0.0021838  -0.0034902
-0.069259   0.0021838  -0.0034902
-0.069249   0.0021838  -0.0032772
-0.068885   0.0021275   -0.004049
-0.069286   0.0021275   -0.004049
-0.068887   0.0019827   -0.003888
-0.068622   0.0028926  4.5563e-05
-0.068996   0.0032366   6.403e-06
-0.069024   0.0028926  4.5563e-05
-0.068662    0.005125  -0.0060687
-0.069066    0.005125  -0.0060687
-0.069215   0.0038778  -0.0060205
-0.068727   0.0044828  -0.0056109
-0.069131   0.0044828  -0.0056109
-0.069107   0.0046979  -0.0056977
-0.068566   0.0042639  -0.0014781
-0.06897   0.0042639  -0.0014781
-0.068591   0.0041513  -0.0016871
-0.069248  -0.0034026   -0.003245
-0.068483  -0.0056218  -0.0003101
-0.06901  -0.0038975  0.00057622
-0.069018  -0.0052134  -0.0017768
-0.068642  -0.0051483  -0.0021597
-0.069022  -0.0053306  -0.0021163
-0.068619  -0.0053306  -0.0021163
0.026005    0.026439  -0.0080177
0.030933    0.025065  -0.0073791
0.031011    0.025961  -0.0080149
0.026001    0.026387  -0.0080603
-0.068366   0.0059487  -0.0023401
-0.068772   0.0059487  -0.0023401
-0.068379   0.0059487   -0.002607
0.017048    0.026919  -0.0078674
0.0068502    0.026305  -0.0060459
0.025932    0.025472  -0.0073764
0.0067486    0.027225  -0.0069648
0.0056897    0.027308  -0.0071232
0.0068461     0.02631  -0.0060654
0.0055143    0.027171  -0.0072947
0.0050178    0.027441   -0.007567
-0.068765   0.0029992  -0.0028206
-0.06915   0.0031327  -0.0026998
-0.069167   0.0029992  -0.0028206
-0.068846  -0.0018268  -0.0017254
-0.069237  -0.0018008  -0.0015214
-0.069247  -0.0018268  -0.0017254
0.0048138    0.026397  -0.0064573
-0.068586  -0.0041593   0.0005826
-0.068592   -0.004253  0.00035008
-0.068537  -0.0047842   0.0004135
0.0046954    0.027551  -0.0080706
0.0013076    0.028659   -0.013401
-0.068651   0.0025494  2.3569e-05
-0.069053   0.0025494  2.3569e-05
0.0036967    0.026609  -0.0077972
0.0046581    0.027609  -0.0080519
-0.068825  -0.0023494  -0.0016583
-0.06922  -0.0025307  -0.0016938
-0.069226  -0.0023494  -0.0016583
-0.0026024    0.028782   -0.016632
-0.069181  -0.0018223  -0.0004839
-0.068095   -0.010512   -0.017374
-0.069075 -0.00061375   -0.012006
-0.069066 -0.00061378   -0.017415
-0.069119   0.0040305  -0.0040042
-0.069005  -0.0031002   -0.011679
-0.068938  -0.0028036  -0.0045828
-0.069323  -0.0029728  -0.0043962
-0.068922  -0.0029728  -0.0043962
0.035903   -0.018398  -0.0024206
0.036221   -0.018145  -0.0027981
0.036025   -0.020636    -0.00451
-0.068894   0.0033265   -0.011157
-0.069084 -0.00061375   -0.012007
-0.068427   0.0044412  0.00056335
-0.067995   0.0095725   -0.017416
-0.068801  -0.0045841  -0.0043398
-0.069203  -0.0045841  -0.0043398
-0.068785   0.0028499  -0.0029828
-0.069187   0.0028499  -0.0029828
-0.06812   0.0077306  -0.0071268
-0.067801   0.0086585  -0.0048067
-0.068492   0.0061554  -0.0092068
-0.063871    0.017198  -0.0060657
-0.062491    0.019769   -0.017417
-0.065035    0.015269  -0.0042586
-0.065717    0.013787  -0.0019567
-0.068805 -0.00063264 -0.00064865
-0.069206 -0.00063264 -0.00064865
-0.069201 -0.00078019 -0.00057063
-0.067598   0.0089596  -0.0024206
-0.068994  -0.0021347  -0.0053254
-0.069385  -0.0022612  -0.0051597
-0.068984  -0.0022612  -0.0051597
-0.056959     0.02358   -0.008327
-0.053783    0.026026   -0.017336
-0.068378  -0.0063245 -0.00013206
-0.068755  -0.0064903 -6.6315e-05
-0.068783  -0.0063245 -0.00013206
-0.059761    0.021569  -0.0080443
-0.062043    0.019466  -0.0073624
-0.068634  -0.0050794  -0.0018556
-0.069037  -0.0050794  -0.0018556
-0.068654   -0.004902  -0.0018754
0.074395  -0.0026142   -0.028416
-0.051214    0.025982  -0.0085892
-0.050464    0.026297  -0.0093388
-0.052263    0.025599  -0.0083133
-0.068534  -0.0048268  0.00038936
-0.068519  -0.0050004   0.0003421
-0.047633    0.027511   -0.013495
-0.044204    0.028608   -0.017115
-0.043786    0.028828    -0.01772
-0.049336    0.025724  -0.0088527
-0.068957   0.0041601  -0.0010226
-0.043309    0.027675   -0.016414
-0.043711    0.028876   -0.017674
-0.044207    0.028611   -0.017118
-0.043378    0.027794   -0.016463
-0.052166    0.025397  -0.0075651
-0.049321    0.025342  -0.0090007
-0.068848  0.00058092  -0.0017968
-0.068633  -0.0061249  -0.0046002
-0.069037  -0.0061249  -0.0046002
-0.055602    0.024288  -0.0082785
-0.051938      0.0247  -0.0073259
-0.052247    0.025561  -0.0083573
-0.068731  -0.0037266  -0.0013654
-0.068746  -0.0052528   -0.004687
-0.069148  -0.0052528   -0.004687
-0.062215    0.019494  -0.0072681
-0.05756    0.023107  -0.0082816
-0.055606    0.024295  -0.0082751
-0.068878   0.0011093  -0.0027213
-0.068945   0.0019423  -0.0052607
-0.069343   0.0018217  -0.0050228
-0.068942   0.0018217  -0.0050228
-0.068616  -0.0045205 -0.00049666
-0.068582  -0.0048117 -0.00039229
-0.068578  -0.0045906  5.9093e-05
-0.068485  -0.0056129 -0.00030116
-0.068889  -0.0056129 -0.00030116
-0.068861  -0.0056129  0.00016787
-0.068747     0.00284  -0.0021742
-0.068753   0.0026075  -0.0019366
-0.068693   0.0033152  -0.0019437
-0.063909    0.017209  -0.0060448
-0.06578    0.013889  -0.0019814
-0.066412   0.0085952    0.010865
-0.064856    0.014408   -0.001582
-0.065669    0.013737  -0.0020329
-0.067539   0.0088114 -0.00073943
-0.06652    0.010862   0.0041015
-0.067727   0.0083598   0.0012977
-0.067721   0.0089955  -0.0023992
-0.067571   0.0081349   0.0014753
-0.068613  -0.0053896   -0.002102
-0.068624   -0.005142  -0.0018592
-0.068938   0.0024585  -0.0051778
-0.068914   0.0025072   -0.005425
-0.068927   0.0025421  -0.0059933
-0.068777 -0.00095779 -0.00016222
-0.069174  -0.0011314 -0.00013611
-0.069177 -0.00095779 -0.00016222
-0.068807   0.0056294  -0.0020118
-0.068515  -0.0047792  0.00078025
-0.068901  -0.0049485  0.00078025
-0.068918  -0.0047792  0.00078025
-0.068643   0.0023329  0.00012919
-0.068621   0.0023155  0.00066182
-0.068601   0.0024953  0.00089815
-0.068584    0.006101  -0.0091336
-0.069049   0.0032198   -0.011278
-0.068326   0.0078066  -0.0071564
-0.068825  -0.0028035  -0.0020516
-0.068259  -0.0070672 -0.00010607
-0.06862  -0.0072719   5.504e-05
-0.068213  -0.0072719   5.504e-05
-0.067831   0.0057557   0.0047446
-0.067108    0.004363    0.014285
-0.066872   0.0077865     0.01049
-0.065936   0.0085139    0.010825
-0.066168   0.0048159    0.015125
-0.067261 -0.00061358    0.015705
-0.068149 -0.00061363   0.0071742
-0.067286 -0.00061358    0.015709
-0.068087   0.0022799   0.0067262
-0.067987   0.0039793   0.0060002
-0.068819   0.0037813  -0.0059039
-0.069221   0.0037813  -0.0059039
-0.069211   0.0037974  -0.0056748
-0.068078  -0.0037015   0.0066623
-0.068176 -0.00061332    0.007177
-0.067972  -0.0054039   0.0058885
-0.067108  -0.0055908    0.014285
-0.066274 -0.00058696    0.016574
-0.066247 -0.00065657    0.016511
-0.069163  -0.0050267  -0.0044393
-0.068023  -0.0047936   0.0060352
-0.068296 -0.00063657   0.0072802
-0.068091   0.0025469    0.006476
-0.068356 -0.00059172   0.0072389
-0.068768   0.0024817  -0.0020337
-0.069169   0.0024817  -0.0020337
-0.067975   0.0058326    0.004837
-0.037069   -0.009864   -0.028415
-0.068099  -0.0077795  0.00037607
-0.068507  -0.0077795  0.00037607
-0.068471  -0.0079271  0.00049409
-0.068632  -0.0031329   0.0010451
-0.06903  -0.0032823  0.00095751
-0.069034  -0.0031329   0.0010451
-0.068996   0.0032366   6.403e-06
-0.068705  -0.0020736  0.00065788
-0.069092  -0.0022173   0.0008066
-0.069106  -0.0020736  0.00065788
-0.043748    0.028692   -0.017721
-0.068801 -0.00078019 -0.00057063
-0.068684  -0.0042134  -0.0011946
-0.068848  0.00040078   -0.001675
-0.069249  0.00040079   -0.001675
-0.06885  0.00055766  -0.0017756
-0.056087    0.023387   -0.032412
-0.06886    0.002381  -0.0038554
-0.069261    0.002381  -0.0038554
-0.069259   0.0024897  -0.0039796
-0.063171    0.017008   -0.032417
-0.069112    -0.00448  -0.0021597
-0.069046  -0.0051483  -0.0021597
-0.06633    0.010045   -0.032415
-0.067757 -0.00061388   -0.032415
-0.065943   -0.013075   -0.032417
-0.068655   0.0044845  -0.0038573
-0.066341   -0.011307   -0.032415
-0.064445   -0.015932   -0.032415
-0.064439    0.014655   -0.032415
-0.061764    0.018561   -0.032415
-0.061757   -0.019854   -0.032415
-0.05839    0.021712   -0.032415
-0.058363   -0.023021   -0.032415
-0.054444    0.024123   -0.032415
-0.04882    0.023314   -0.032415
-0.054392   -0.025448   -0.032415
-0.054069    0.012386   -0.032415
-0.052689    0.018448   -0.032415
-0.067643   -0.010161  -0.0031185
-0.06812   -0.008958  -0.0071266
-0.068562   -0.004839 -8.6461e-05
-0.068618   0.0026661   0.0004194
-0.068611   0.0028632  0.00024017
-0.068649   0.0026372  5.9213e-05
-0.068715  -0.0060613   -0.010308
-0.068819 -0.00031701 -0.00090752
-0.068806 -0.00061049  -0.0006626
-0.06754   -0.010039 -0.00074235
-0.068712   0.0036766  -0.0030549
-0.069114   0.0036766  -0.0030549
-0.068724   0.0034807  -0.0028891
-0.069339  -0.0028036  -0.0045828
-0.068035  -0.0088966  -0.0071158
-0.067761   -0.010196  -0.0031565
-0.067952  -0.0096874  -0.0052287
-0.068809   0.0037974  -0.0056748
-0.065714   -0.015009  -0.0019508
-0.06652   -0.012089   0.0041014
-0.066872  -0.0090138     0.01049
-0.067559  -0.0094951   0.0011598
-0.067714  -0.0094677   0.0014473
-0.06852   0.0038279  0.00020006
-0.069025  -0.0017397  -0.0058416
-0.069424  -0.0015272  -0.0056725
-0.069425  -0.0017397  -0.0058416
-0.066031   -0.015954   -0.017565
-0.065709   -0.015095  -0.0019753
-0.065116   -0.016338  -0.0040626
-0.06869   0.0040777  -0.0048166
-0.068763     0.00386  -0.0046718
-0.069066   -0.003079  0.00056269
-0.064125   -0.018046  -0.0057706
-0.068882   0.0026013  -0.0048187
-0.068876   0.0023732  -0.0038736
-0.064167   -0.018071  -0.0057519
-0.065774   -0.015103  -0.0019877
-0.060281   -0.023299   -0.017347
-0.062714   -0.019939  -0.0070038
-0.061122    -0.02162  -0.0077183
-0.061181   -0.021663   -0.007693
-0.05813   -0.023973  -0.0082438
-0.047069   0.0086361   -0.026415
-0.044569   0.0086361   -0.026415
-0.06862    0.004296  -0.0026104
-0.068999    0.004458  -0.0025008
-0.068595    0.004458  -0.0025008
-0.05404   -0.026173  -0.0083275
-0.068848  -0.0018108  -0.0017181
-0.068744  -0.0018607    3.84e-06
-0.068117  -0.0075929  0.00065019
-0.068495  -0.0077101  0.00078031
-0.068525  -0.0075929  0.00065019
-0.068712   0.0036766  -0.0030549
-0.05451   -0.026891   -0.017494
-0.055136   -0.024596  -0.0072902
-0.058293   -0.023986  -0.0081904
-0.055562   -0.025439  -0.0083244
-0.068765  -0.0015834 -0.00011865
-0.069159  -0.0017482 -7.0845e-05
-0.069166  -0.0015834 -0.00011865
-0.068842 -0.00030233  -0.0013565
-0.069234 -0.00021554  -0.0011959
-0.069243 -0.00030233  -0.0013565
-0.053041   -0.026567  -0.0085627
-0.053915   -0.025913  -0.0075466
-0.054036   -0.026139  -0.0083188
-0.06885   0.0019908  -0.0030632
-0.069248   0.0021356  -0.0031917
-0.069251   0.0019908  -0.0030632
-0.047069  -0.0098639   -0.028415
-0.047069  -0.0098639   -0.026415
-0.052283   -0.026922  -0.0092581
-0.049414   -0.028249    -0.01312
-0.051117   -0.026347   -0.008703
-0.0511   -0.025991  -0.0088594
-0.044515   -0.028823    -0.01645
-0.068643  -0.0051483  -0.0021597
-0.068554   0.0041601  -0.0010226
-0.068932   0.0041601 -0.00057742
-0.068529   0.0041601 -0.00057742
-0.068983  -0.0053439  -0.0013975
-0.068901  -0.0030031  -0.0039181
-0.069302  -0.0030031  -0.0039181
-0.069334  -0.0026776  -0.0043093
-0.052184   -0.025643  -0.0077961
-0.068411   0.0056986  -0.0023088
-0.068851  -0.0021216  -0.0019951
-0.068821  -0.0028834  -0.0020635
-0.068568   0.0046221  -0.0023914
-0.068934    0.004857   -0.002253
-0.06853    0.004857   -0.002253
-0.067831   -0.006983   0.0047447
-0.068953   -0.002465  -0.0045566
-0.069334  -0.0026776  -0.0043093
-0.069353   -0.002465  -0.0045566
-0.068832    0.002177  -0.0032538
-0.068858   0.0017938  -0.0029748
-0.069279   0.0011093  -0.0027213
-0.068878   0.0011093  -0.0027213
-0.068038  -0.0070403   0.0048049
-0.068757   0.0029633  -0.0024781
-0.068568  -0.0055826  -0.0017206
-0.068956  -0.0056091  -0.0014907
-0.066165  -0.0061084    0.015093
-0.065917     -0.0097    0.010797
-0.065961  -0.0098214    0.010881
-0.060402   -0.021446   -0.032415
-0.068651  -0.0062161   -0.005355
-0.069042  -0.0062552  -0.0051598
-0.068841   0.0028844  -0.0043089
-0.069243   0.0028844  -0.0043089
-0.069233   0.0030552  -0.0044269
0.07527   0.0063365   -0.028416
-0.068848   0.0021838  -0.0032772
-0.068831   0.0030552  -0.0044269
-0.069225    0.003195    -0.00452
-0.068823    0.003195    -0.00452
-0.06834   0.0059518  -0.0018633
-0.068746   0.0059518  -0.0018633
-0.068688   0.0062479  -0.0017282
-0.034061   -0.030267   -0.023644
-0.039368   -0.030162    -0.02139
-0.047067   -0.025739   -0.032415
-0.052194   -0.020612   -0.032415
-0.054069   -0.013614   -0.032415
-0.068819    0.002226  -0.0027141
-0.069252  -0.0037026  -0.0037968
-0.068851  -0.0037026  -0.0037968
-0.068688   0.0037394  -0.0027068
-0.069052   0.0040966  -0.0027068
-0.068649   0.0040966  -0.0027068
-0.023126    0.025751   -0.024867
-0.034065    0.025932   -0.022818
-0.034071     0.02539   -0.028416
0.0088522    0.025336   -0.028416
-0.068696   0.0042875  -0.0042217
-0.069083   0.0043543  -0.0040492
-0.069099   0.0042875  -0.0042217
-0.068519  -0.0053954 -0.00042305
-0.068922  -0.0053954 -0.00042305
-0.068544  -0.0053598 -0.00079361
-0.068563  -0.0053598  -0.0011295
-0.068966  -0.0053598  -0.0011295
-0.068579  -0.0053439  -0.0013975
-0.037069    0.025811   -0.023415
-0.034062    0.025895   -0.022815
-0.039539    0.025959   -0.020019
-0.034073    0.025394   -0.028416
-0.03387    0.026393    -0.02235
-0.068626   0.0046099  -0.0035559
-0.012171    0.025963   -0.022852
-0.068865  0.00025205  -0.0019484
-0.069261  0.00011532  -0.0018037
-0.022662    0.026223   -0.024409
-0.012162    0.025942   -0.022832
-0.0032464    0.026385   -0.017565
-0.069114   0.0036766  -0.0030549
-0.068806  0.00071258  -0.0010296
-0.068813  0.00092543  -0.0012743
-0.068431   0.0055428  -0.0023023
-0.068993  -0.0018976  -0.0050964
-0.069023  -0.0018602  -0.0059036
-0.0032394    0.026374   -0.017564
-0.0035242    0.026887   -0.017231
0.00085978    0.025586   -0.013417
-0.0035175    0.026702   -0.017217
-0.003177    0.026398   -0.017599
-0.068253  -0.0068721   0.0005106
-0.068175  -0.0073972  0.00073167
-0.068539  -0.0076277  0.00032404
-0.068132  -0.0076277   0.0003241
-0.068716   0.0040305  -0.0040042
0.00092218    0.025603   -0.013338
-0.0031482    0.026373   -0.017596
0.021518    0.026372   -0.017736
0.050935    0.025328   -0.028416
0.049639    0.026336   -0.018054
0.017396    0.023743  -0.0078236
0.049254     0.02637   -0.018039
-0.068895 -9.0374e-05  -0.0024588
-0.068891 -0.00029629  -0.0023216
-0.068884  -0.0001936  -0.0021996
0.0046646    0.024364  -0.0074907
-0.068715   0.0017269  -0.0012122
-0.068776   0.0014203 -0.00096241
-0.068711   0.0017243 -0.00074986
0.0054481    0.024211  -0.0069781
0.006742    0.024106   -0.006804
-0.068844   0.0024463  -0.0035818
-0.069119   0.0019931 -0.00048563
0.027335    0.023077  -0.0081103
0.037385    0.024176   -0.012545
-0.068612   0.0026019  0.00060662
-0.069007   0.0025577  0.00076744
-0.069014   0.0026019  0.00060662
0.050932    0.026365   -0.018231
-0.068912  -0.0030726  -0.0042965
-0.069313  -0.0030726  -0.0042965
-0.069295  -0.0032644  -0.0041309
-0.06871  -0.0028778  2.2306e-06
-0.068726  -0.0028567 -0.00025872
-0.068724  -0.0030277 -0.00039688
-0.069091   0.0037394  -0.0027068
0.056182    0.025848   -0.018806
0.050932    0.026415   -0.018236
0.050947    0.025478   -0.028414
0.038398    0.024518   -0.013034
0.049298     0.02651   -0.017968
0.05506    0.025975   -0.018701
-0.068721  -0.0055624   -0.005006
0.051348     0.02618   -0.028416
0.050931    0.025325   -0.028416
-0.037067    0.025359   -0.028415
0.053609    0.026046   -0.028416
0.05488    0.024967   -0.028416
-0.068827    0.001002  -0.0016052
-0.069395  -0.0021347  -0.0053254
-0.0070747    0.026386   -0.028415
-0.068942   0.0024053  -0.0060165
-0.069419  -0.0014187  -0.0054903
-0.068435   0.0054266  -0.0020311
-0.06884   0.0054266   -0.002031
-0.068845   0.0015275  -0.0024273
-0.06924   0.0016923  -0.0024755
-0.068839   0.0016923  -0.0024755
-0.06913  -0.0057648  -0.0057811
-0.068729   0.0025585  -0.0013903
-0.068724   0.0027012  -0.0015098
-0.068779   0.0020884  -0.0017002
-0.068091  -0.0078186  0.00039354
-0.067966  -0.0082794   0.0008808
-0.068005  -0.0079829   0.0012114
-0.068702   0.0035849  -0.0026489
0.075937    0.012649   -0.028416
0.071391    0.017088   -0.028416
0.076039    0.013425   -0.024475
0.075852    0.012857   -0.028417
0.076263    0.013746   -0.019553
-0.068652   0.0023565  0.00023606
-0.069038   0.0023565  0.00049743
-0.068637   0.0023565  0.00049743
-0.068761   0.0024856  -0.0019015
-0.069162   0.0024856  -0.0019015
-0.06915   0.0026803  -0.0019459
-0.069182  -0.0033076   -0.001745
0.071064    0.015532   -0.028416
0.066126    0.020726   -0.028416
-0.069156  -0.0034973  -0.0014773
0.076203    0.013777   -0.019545
0.068075     0.02088   -0.019339
0.069418    0.018774   -0.028419
0.07578    0.012917   -0.028417
0.060285    0.023548   -0.028415
0.061553    0.023643   -0.028416
0.062437    0.022612   -0.028416
-0.068814  -0.0032071  -0.0022858
0.064166    0.022431   -0.028404
-0.068281   0.0062479  -0.0017282
0.058734     0.02402   -0.028416
0.056473    0.025549   -0.028416
-0.068852   0.0019712  -0.0030477
0.04584    0.023146    -0.01368
0.059097    0.024964   -0.018972
0.063009    0.023444   -0.019155
-0.068806    0.002704  -0.0031752
0.067172    0.021237   -0.019302
0.056438    0.016588   -0.013883
0.071666    0.018076   -0.019431
0.076323    0.013522   -0.019617
-0.068836  -0.0018008  -0.0015214
-0.068705  -0.0033337 -0.00039599
-0.068683   -0.003454 -0.00013361
-0.06868  -0.0032384  0.00013676
0.064461   -0.023176   -0.028415
0.056455   -0.026783   -0.028415
0.061561   -0.026108   -0.028415
0.053222   -0.027405   -0.028415
0.052978   -0.026981   -0.028415
0.055648   -0.027034   -0.028422
-0.068761  -0.0040542   -0.002442
-0.069163  -0.0040542   -0.002442
-0.069148  -0.0041584  -0.0023074
0.062263   -0.026841   -0.018803
0.067176   -0.024618   -0.028415
0.059035   -0.026619   -0.028416
-0.068812   0.0038778  -0.0060205
0.07456   -0.021604   -0.019486
0.073721   -0.021156   -0.028415
0.070809   -0.017109   -0.028415
0.078868   -0.016903   -0.019656
0.078393   -0.016077   -0.028415
0.078499   -0.015859   -0.028415
0.078407   -0.015555   -0.028413
0.078003   -0.016144   -0.028389
0.07881   -0.016794   -0.019649
-0.068982  -0.0016562  -0.0046271
-0.068982  -0.0014977   -0.004549
-0.068639  -0.0062606  -0.0052068
-0.068628  -0.0061946  -0.0046993
-0.068995  -0.0013532  -0.0048133
-0.069395  -0.0013532  -0.0048133
-0.069004  -0.0013315  -0.0050518
0.058408   -0.020897   -0.014142
0.078878   -0.016546   -0.019715
0.076272   -0.019869   -0.019553
0.065467   -0.010454    -0.01441
0.07291   -0.022564   -0.019407
0.065644   -0.025802    -0.01901
-0.068718   0.0019931 -0.00048563
0.047369   -0.024855   -0.013302
0.058345   -0.027231   -0.018541
0.050931   -0.027078   -0.028418
0.050931   -0.027624   -0.018067
0.049587   -0.027627   -0.018011
-0.06853    0.004857   -0.002253
-0.0689   0.0050661  -0.0021565
-0.034053   -0.026923   -0.028427
0.05093   -0.027628   -0.018053
0.050932   -0.027126   -0.028427
-0.068692   0.0034677  -0.0022137
-0.069073   0.0036245  -0.0021052
-0.069094   0.0034677  -0.0022137
-0.068776  -0.0018202  -0.0004752
-0.045069   0.0086361   -0.028415
0.049931   -0.027614   -0.028415
0.0083583   -0.026942   -0.028415
0.035774   -0.020829  -0.0024119
-0.068805   0.0035274  -0.0048483
-0.068771   0.0036734  -0.0043826
-0.068629   0.0039285  -0.0019313
-0.068641   0.0037498  -0.0017961
-0.068855    0.002381  -0.0037499
-0.069245   0.0024463  -0.0035818
-0.069257    0.002381  -0.0037499
-0.068852    0.002648  -0.0041254
-0.069254    0.002648  -0.0041254
-0.06877  -0.0013751 -0.00013611
-0.069171  -0.0013751 -0.00013611
-0.068457   0.0055447   -0.002822
-0.068457   0.0054884  -0.0026521
-0.068813  -0.0043579   -0.004135
-0.069215  -0.0043579   -0.004135
-0.069203  -0.0045841  -0.0043398
-0.069346   0.0019423  -0.0052607
-0.068789   -0.001358 -0.00046227
-0.069181  -0.0017789 -0.00046227
-0.06878  -0.0017789 -0.00046227
0.038817   -0.025811   -0.013049
-0.0022166   -0.027625   -0.017629
0.030574   -0.024537  -0.0080986
0.049592   -0.027624   -0.018017
0.022432   -0.027617   -0.017772
0.038893   -0.025915   -0.013042
0.008403   -0.025541  -0.0069936
-0.0021362   -0.027611   -0.017654
0.025946   -0.024903  -0.0080734
-0.068508   0.0043726 -0.00067333
-0.068912   0.0043726 -0.00067333
-0.06852   0.0043565 -0.00084612
0.018129   -0.025308  -0.0078407
-0.069201   0.0034558    -0.00452
-0.0042441   -0.027582   -0.019113
0.0071672   -0.025618  -0.0071594
0.0063073   -0.025796  -0.0076785
-0.068819  -0.0025307  -0.0016938
0.002943   -0.026692   -0.012659
-0.068252  -0.0069893  0.00021997
-0.068625  -0.0071456  0.00032839
-0.069189   -0.001358 -0.00046227
-0.06908   0.0021434  3.1139e-05
0.0024389    -0.02722   -0.012364
0.0030767   -0.026832   -0.012525
-0.0021617   -0.027613   -0.017661
-0.0025227   -0.028086   -0.017192
-0.0069934   -0.027516   -0.020784
-0.0022413   -0.027565   -0.017613
-0.010817   -0.027404   -0.022563
-0.010847   -0.027399   -0.022571
-0.016163   -0.027265   -0.024157
-0.068953  -0.0026214  -0.0047303
-0.068671   0.0036245  -0.0021052
-0.023676   -0.027165   -0.024867
-0.068514  -0.0056091 -0.00080017
-0.068881  -0.0058261  -0.0006353
-0.068477  -0.0058261  -0.0006353
-0.068036  -0.0080269  0.00059387
-0.068445  -0.0080269  0.00059387
-0.068414  -0.0081441  0.00071528
-0.023694   -0.027131   -0.024849
-0.068886   0.0002729  -0.0023716
-0.069286   0.0002729  -0.0023716
-0.068892   5.106e-05  -0.0024114
-0.06876  -0.0050267  -0.0044393
-0.034049   -0.027261   -0.023026
-0.068894  -0.0032644  -0.0041309
-0.037069   -0.026696   -0.028415
-0.037073   -0.027232   -0.023409
-0.034049   -0.027255   -0.023025
-0.039722   -0.027187   -0.020424
-0.043984   -0.026957   -0.017439
-0.034013   -0.027835   -0.022824
-0.068665  -0.0070672 -0.00010607
-0.068259  -0.0070672 -0.00010607
-0.034051    -0.02725   -0.023024
-0.033882   -0.027739   -0.022575
-0.034052   -0.026765   -0.028415
-0.040069   -0.027614   -0.028415
-0.037068   -0.026712   -0.028415
-0.068924   0.0043565 -0.00084612
-0.068533   0.0043565  -0.0010833
0.034727   -0.026696   -0.006669
0.031952    -0.02665  -0.0072645
0.032242   -0.027581  -0.0079089
-0.06873  -0.0037389  -0.0013522
-0.069117  -0.0039182  -0.0013302
-0.069132  -0.0037389  -0.0013522
0.034281   -0.023334  -0.0069716
0.033156   -0.023987  -0.0076487
0.03064   -0.024571  -0.0080992
-0.068427   0.0046947 -9.2135e-06
-0.068506   0.0043749 -0.00063721
0.030614   -0.024992  -0.0073893
0.025896   -0.024878  -0.0080675
-0.069185 -0.00062364 -0.00028363
-0.068639   0.0026786  4.5563e-05
0.025891   -0.024855  -0.0080551
0.0084304   -0.025813  -0.0069372
0.0084905   -0.026023  -0.0063971
0.0071378   -0.025508  -0.0071333
0.006495    -0.02572  -0.0075673
0.0059501   -0.025862  -0.0082223
0.0054982   -0.026334   -0.007869
0.005463   -0.026321  -0.0078552
-0.068666   0.0035566  -0.0018818
-0.069046   0.0037345  -0.0017957
-0.068643   0.0037345  -0.0017957
-0.068784    0.001504  -0.0011967
-0.069175   0.0017011  -0.0011967
-0.069185    0.001504  -0.0011967
-0.068504  -0.0051817  0.00025931
-0.06879   0.0017895  -0.0016067
-0.068645  -0.0035128   0.0004327
-0.068724   0.0034807  -0.0028891
-0.069126   0.0034807  -0.0028891
-0.068734    0.003315  -0.0027611
-0.068698    0.004572  -0.0051439
-0.069102    0.004572  -0.0051439
-0.068715   0.0045079  -0.0053592
-0.069118  -0.0040224  -0.0014994
-0.068716  -0.0040224  -0.0014994
-0.045069  -0.0098639   -0.028415
-0.068833 -0.00021554  -0.0011959
0.071662   -0.004547   -0.028416
0.071662  -0.0045469   -0.016297
0.06934  -0.0042843   -0.015451
0.071667  -0.0045086   -0.028416
0.072198  -0.0047739    -0.01649
-0.068742   0.0019407    -0.00146
0.067601    -0.00283   -0.014757
-0.068418   0.0048259 -0.00013546
-0.068462   0.0045697 -0.00030277
-0.068685   0.0025805  -0.0006229
-0.068699   0.0025237 -0.00078723
-0.068721   0.0022951  -0.0009074
0.066766 -0.00077226   -0.028415
0.066931 -0.00061335   -0.014475
0.06693 -0.00061346   -0.014478
0.067481   0.0014092   -0.014745
0.066929 -0.00061348   -0.014482
0.064406   0.0073394   -0.014203
0.067532   0.0017655   -0.014815
-0.068828   0.0020228  -0.0026245
-0.068793    -0.00111 -0.00047949
0.049104   -0.012678  -0.0072381
0.072067  -0.0046826   -0.016548
0.050957 -0.00061259  -0.0071546
0.036099   -0.019947  -0.0040316
0.035227   -0.022324  -0.0059901
0.078736   -0.016561   -0.019617
0.078701   -0.016073   -0.023659
0.078814   -0.016268   -0.019564
0.075504   -0.010535    -0.01793
0.078401   -0.015553   -0.028415
0.072186  -0.0047884   -0.016489
-0.068803  -0.0050791  -0.0056771
-0.069192   -0.005244  -0.0057811
-0.068775  -0.0039805  -0.0026068
0.072186  -0.0047885   -0.028416
0.049425   0.0057234  -0.0070167
0.050944 -0.00061264  -0.0071477
-0.068721   0.0021689 -0.00073562
-0.068702   0.0023187 -0.00057486
-0.068959   0.0019536  -0.0056849
-0.068965   0.0020986  -0.0055303
-0.068638  -0.0062552  -0.0051598
-0.069035  -0.0062552  -0.0049776
0.036148 -0.00061236    0.001807
0.036155  -0.0073975   0.0012868
0.036173   -0.012247   9.134e-05
-0.068563  -0.0043706  0.00065442
-0.068853 -5.1795e-05  -0.0015944
-0.068842  7.4776e-05  -0.0014402
-0.068701   0.0043077  -0.0044113
-0.069097   0.0044149  -0.0045388
-0.068693   0.0044149  -0.0045388
-0.068746  -0.0041584  -0.0023074
-0.068593  -0.0055986  -0.0016684
-0.068847   0.0021356  -0.0031917
0.033098   -0.023941  -0.0076616
0.035252   -0.022249  -0.0059595
0.030887    -0.02451  -0.0081038
0.030984   -0.025007  -0.0075162
0.036151   0.0017842   0.0016398
-0.068948  -0.0053598 -0.00079361
0.035931   0.0018393   0.0020504
0.035897   -0.000613   0.0022105
0.035931  -0.0074648   0.0016983
0.035931 -0.00061264   0.0022194
0.036123 -0.00061126   0.0017849
0.035931   -0.012383  0.00049743
0.036218   -0.018145  -0.0027967
-0.069194    -0.00111 -0.00047949
0.035821   -0.021069  -0.0049338
-0.068402   0.0056294  -0.0020118
0.076286    0.013235    -0.01945
0.071818   0.0036535   -0.016504
0.073993   0.0083182    -0.01784
-0.068802  -0.0021424  -0.0014817
0.07612     0.01288   -0.024441
-0.068477  -0.0058261  -0.0006353
-0.068854  -0.0059954 -0.00055722
-0.068771   0.0022994  -0.0018376
0.075866    0.012336   -0.028416
0.071818   0.0036534   -0.028416
0.071703   0.0034579   -0.016393
-0.068999   0.0015286  -0.0061655
-0.069001     0.00137  -0.0060121
-0.068981   0.0016039  -0.0057643
-0.068844  0.00020781  -0.0015143
-0.069245  0.00020782  -0.0015143
-0.06878  -0.0021796 -0.00069556
-0.069181  -0.0021796 -0.00069556
-0.069165  -0.0021796 -0.00039992
0.03083    0.022705  -0.0081693
0.029877    0.022814  -0.0081227
-0.06893   0.0018417  -0.0047074
-0.068898   0.0022047  -0.0044722
0.03222    0.022286  -0.0080309
0.033932    0.020984  -0.0072642
0.035728     0.01738  -0.0051559
0.034919    0.019522  -0.0063749
-0.068585  -0.0074193  0.00020691
-0.068178  -0.0074193  0.00020691
0.036139    0.014872  -0.0036731
-0.068559   0.0047974  -0.0026788
-0.068457   0.0052924  -0.0020548
-0.068858   0.0024897  -0.0039796
0.069067   0.0029248   -0.015452
-0.068696   0.0028054  -0.0011514
-0.068696   0.0028904  -0.0012721
-0.068087  -0.0077101  0.00078031
0.071316    0.003367   -0.016302
0.071316   0.0033669   -0.028416
0.071851   0.0036207   -0.016506
0.071846   0.0036264   -0.028416
-0.068882   0.0022562  -0.0041696
-0.069283   0.0022562  -0.0041696
-0.069173    0.001993  -0.0014729
0.03095    0.023123  -0.0074221
0.030854    0.022699  -0.0081669
-0.069404  -0.0013315  -0.0050518
0.033926    0.020959  -0.0072589
-0.068545    0.004767  -0.0022982
-0.069022  -0.0019351  -0.0059198
-0.069416   -0.002165  -0.0059414
-0.069015   -0.002165  -0.0059414
-0.06903   0.0038401  -0.0017096
-0.069405  -0.0024601  -0.0059414
-0.068972   0.0046221  -0.0023914
-0.069045  -0.0051483  -0.0021597
0.036156   0.0072419  0.00025567
-0.068618   -0.003724  0.00062158
-0.068945   0.0020347  -0.0054094
-0.068791   0.0017895  -0.0016067
-0.069182   0.0017533  -0.0013896
-0.068685  -0.0026373  0.00061002
-0.069087  -0.0026373  0.00061002
-0.069076  -0.0028503  0.00061002
0.035931   0.0094264 -0.00020895
0.036182   0.0092504 -0.00060526
0.036166   0.0060276  0.00064614
0.035931    0.013707  -0.0024156
0.036179    0.013466  -0.0028311
0.035931   0.0061581   0.0010493
-0.06845  -0.0059954 -0.00055722
-0.06868   0.0043543  -0.0040492
-0.068574  -0.0044286  0.00038549
-0.068955  -0.0046455  0.00040516
-0.068552  -0.0046455  0.00040516
-0.068712  -0.0023451  0.00038138
-0.069113  -0.0023451  0.00038138
-0.0691  -0.0024752  0.00051543
-0.069172   0.0022994  -0.0018376
-0.068607  -0.0040776  0.00035396
-0.068992  -0.0042787  0.00035396
-0.06859  -0.0042787  0.00035396
-0.068498  -0.0054191 -0.00011561
-0.068902  -0.0054191 -0.00011561
-0.069136  -0.0042539   -0.002225
-0.068229   0.0067049  -0.0023657
-0.068063  -0.0079271  0.00049409
-0.069104   0.0035849  -0.0026489
-0.068841   0.0028844  -0.0043089
0.0037028    0.024945  -0.0078115
0.0041938     0.02452   -0.008155
0.0047459    0.024342  -0.0074274
0.0037028    0.024982  -0.0078065
-0.068835  -0.0025779  -0.0020342
0.0054295    0.024111  -0.0069466
0.025879    0.023145  -0.0080923
0.0068357    0.024584  -0.0061906
0.0068504    0.024607  -0.0062387
-0.068495   0.0050661  -0.0021565
-0.068865   0.0052722  -0.0020633
0.025885    0.023122   -0.008092
0.029877    0.022818  -0.0081224
0.029919     0.02324  -0.0073603
-0.06531   0.0079177   -0.017279
-0.065697 -0.00061369 -0.00059018
-0.066071 -0.00061379   -0.017267
-0.064014  -0.0092213    0.010482
-0.064041   0.0083694   -0.028415
-0.065333   0.0080279   -0.017283
-0.065095 -0.00061574   -0.028415
-0.065621   -0.006796   -0.017274
-0.065068   -0.010163   -0.017283
-0.063954   0.0079637    0.010496
-0.064199 -0.00061359    0.016023
-0.06402  -0.0056441    0.014538
-0.062411    0.013512  -0.0018217
-0.063397    0.010356   0.0050913
-0.068976  -0.0044286  0.00038549
-0.064011   0.0045325    0.014462
0.07549    -0.00652   -0.028416
-0.061746    0.016029   -0.017328
-0.062773    0.014293  -0.0016144
-0.063689   0.0078166    0.010527
-0.06242    0.013546  -0.0018918
-0.061795    0.014699  -0.0038322
-0.069059   0.0044845  -0.0038573
-0.060797    0.016177  -0.0054304
-0.062293    0.013564  -0.0018835
-0.060691    0.016244  -0.0054787
-0.059297    0.017882  -0.0066435
-0.055544    0.021755   -0.017396
-0.057218     0.01965  -0.0074351
-0.069023  -0.0015272  -0.0056725
-0.057331    0.019547  -0.0073896
-0.054538    0.021305  -0.0078404
-0.068785  -0.0006202 -0.00028536
-0.051138    0.022772  -0.0080234
-0.0689   0.0044168 -0.00055603
-0.048761    0.024554   -0.017452
-0.068547   0.0048716   -0.002634
-0.068927   0.0050191   -0.002549
-0.068951   0.0048716  -0.0026339
-0.068631  -0.0037533  0.00038144
-0.069009  -0.0040776  0.00035396
-0.068607  -0.0040776  0.00035396
-0.068652   0.0050786  -0.0057704
-0.049603    0.023396  -0.0092568
-0.050929    0.022848  -0.0081132
-0.05016    0.023149  -0.0085662
-0.050046    0.023155  -0.0086484
-0.049409    0.024022  -0.0090277
-0.05089     0.02329   -0.007532
-0.068942   0.0018065  -0.0049836
-0.047188    0.024457   -0.012996
-0.043003    0.025793   -0.017487
-0.042801    0.026064   -0.017212
-0.049282     0.02386  -0.0089563
-0.043025    0.025775   -0.017481
-0.068556   0.0036501 -5.7195e-05
-0.047111    0.024633   -0.023414
-0.042947    0.025788   -0.017466
-0.051394    0.023775   -0.017435
-0.069422  -0.0019351  -0.0059198
-0.04708     0.02404   -0.028415
-0.068812    -0.00332  -0.0023986
-0.069214    -0.00332  -0.0023986
-0.068813  -0.0034544  -0.0025981
-0.069192   0.0020468  -0.0018962
-0.056478    0.019985   -0.028415
-0.059093    0.019089   -0.017359
-0.060663    0.015689   -0.028415
-0.062831    0.014111   -0.017312
-0.064676 -0.00062141    0.016627
-0.064475  -0.0060205    0.015099
-0.064684 -0.00060371    0.016605
-0.064473   0.0048943    0.015021
-0.063723   0.0078579    0.010548
-0.068918  -0.0056091 -0.00080017
-0.06421   0.0084318    0.010784
-0.045069    0.024438   -0.028415
-0.044569    0.024733   -0.026415
-0.043225    0.026026   -0.028415
-0.042083    0.024914   -0.028415
-0.045932    0.025099   -0.028415
-0.047069   0.0086361   -0.028415
-0.044565    0.024773   -0.026415
-0.045074    0.024484   -0.028414
-0.039569    0.025377   -0.026415
-0.044573    0.024761   -0.026414
-0.039069    0.025212   -0.028415
-0.040194    0.026377   -0.028415
-0.06846   0.0052722  -0.0020633
-0.069396  -0.0016743  -0.0050084
-0.06858   0.0032592  0.00097522
-0.068509   0.0035027  0.00095441
-0.064776  -0.0058542   -0.028415
-0.065095 -0.00061665   -0.028415
-0.064193  -0.0095353   -0.028414
-0.034062    0.025874   -0.022769
-0.042929    0.025867   -0.017445
-0.06876  -0.0029771 -0.00098214
-0.037069    0.025332   -0.028416
-0.037069    0.008636   -0.026415
-0.037069    0.025324   -0.028415
-0.037069    0.025818   -0.023416
-0.069004  -0.0024601  -0.0059414
-0.037069   -0.027139   -0.023415
-0.047069    0.024477   -0.023415
-0.042267    0.025368   -0.023415
-0.042069 -0.00061392   -0.023415
-0.042269   -0.026672   -0.023415
-0.047069    0.024481   -0.023415
-0.047069    0.023998   -0.028415
-0.047069   -0.025761   -0.023415
-0.047069   -0.025309   -0.028415
-0.047069    0.024003   -0.028415
-0.04839    0.023645   -0.028415
-0.052567    0.018693   -0.028415
-0.054942    0.020857   -0.028415
-0.047761    0.024121   -0.028423
-0.068576   0.0069785  -0.0022532
-0.055164   -0.021998   -0.028415
-0.058092    0.018538   -0.028415
-0.054069   -0.013614   -0.028415
-0.054069    0.012386   -0.028415
-0.058476   -0.019447   -0.028415
-0.060992   -0.016491   -0.028415
-0.063662   -0.010964   -0.028415
-0.05944   -0.018965  -0.0065587
-0.058656   -0.019821  -0.0086795
-0.059554    -0.01999   -0.017359
-0.068768   0.0019096  -0.0013034
-0.063383     -0.0144   -0.017301
-0.059415   -0.019864   -0.017358
-0.059354   -0.019864   -0.017862
-0.056161   -0.019864   -0.018331
-0.059431   -0.019864   -0.017168
-0.053348   -0.019864   -0.016754
-0.068628  -0.0032814  0.00095811
-0.069027  -0.0034854  0.00079318
-0.052896   -0.019864   -0.010662
-0.05867   -0.019864  -0.0086783
-0.052083   -0.019864   -0.013784
-0.057379   -0.020759  -0.0073953
-0.0556   -0.022033  -0.0086357
-0.055444   -0.019864  -0.0086869
-0.053481   -0.023049  -0.0079103
-0.053259   -0.023383   -0.010177
-0.052253   -0.023605  -0.0082673
-0.052131   -0.024113   -0.012633
-0.051355   -0.024039  -0.0091462
-0.052444   -0.024255   -0.015315
-0.069104   0.0043077  -0.0044113
-0.054072   -0.023693   -0.017417
-0.054206   -0.023979   -0.017425
-0.069086   0.0045447  -0.0046663
-0.068683   0.0045447  -0.0046664
-0.056525   -0.021236   -0.028415
-0.056874   -0.021888   -0.018411
-0.054107    -0.02386   -0.017419
-0.048609   -0.025326   -0.012993
-0.044089   -0.026839   -0.017495
-0.044013   -0.026858    -0.01748
-0.047075   -0.025332   -0.028414
-0.068842  -0.0038241  -0.0037968
-0.069243  -0.0038241  -0.0037968
-0.069233   -0.004002  -0.0038792
-0.044066    -0.02686     -0.0175
-0.06925  0.00055766  -0.0017756
-0.052169   -0.024066  -0.0077441
-0.052252   -0.023623   -0.008272
-0.043754    -0.02731   -0.017041
-0.051122   -0.024434  -0.0088796
-0.051097   -0.024508  -0.0088379
-0.053433   -0.022932   -0.007865
-0.068773  -0.0011314 -0.00013611
-0.068727   0.0017933 -0.00044415
-0.069129   0.0017933 -0.00044415
-0.061004   -0.017127  -0.0051774
-0.068519   0.0035598  0.00070282
-0.068948   0.0035598  0.00027272
-0.068545   0.0035598  0.00027272
-0.057269    -0.02075    -0.00738
-0.06098   -0.017085   -0.005127
-0.062401   -0.014757  -0.0018614
-0.068674   0.0046738  -0.0048482
-0.0628   -0.015495  -0.0016209
-0.062361   -0.014711  -0.0019113
-0.064203   -0.009623     0.01078
-0.062389   -0.014772  -0.0018862
-0.062858   -0.015405  -0.0017448
-0.06329   -0.012063   0.0040422
-0.064125  -0.0090311    0.010496
-0.068922   0.0035598  0.00070282
-0.068528   0.0041378 -0.00051353
-0.064195  -0.0096787    0.010802
-0.063723  -0.0090851    0.010548
-0.068349  -0.0064903 -6.6315e-05
-0.044569   -0.026038   -0.026415
-0.045069   -0.025755   -0.028415
-0.068552  -0.0046455  0.00040516
-0.068937  -0.0048268  0.00038936
-0.039569   -0.026711   -0.026415
-0.044565    -0.02608   -0.026415
-0.068799  -0.0029842  -0.0017292
-0.0692  -0.0029842  -0.0017292
-0.068814  -0.0026648  -0.0017095
-0.044571   -0.026055   -0.026413
-0.039073   -0.026589   -0.028412
-0.045069   -0.025754   -0.028415
-0.044353   -0.026943   -0.028415
-0.042081   -0.026246   -0.028415
-0.047069   -0.025305   -0.028415
-0.068933  -0.0026776  -0.0043093
-0.039069   -0.026562   -0.028415
-0.068491  -0.0054198 -3.8062e-05
-0.039069   -0.026563   -0.028415
-0.069197 -0.00096244 -0.00051418
-0.068796 -0.00096245 -0.00051418
-0.048204   -0.025003   -0.028415
-0.068787  -0.0021683  -0.0007535
-0.069215  -0.0034544  -0.0025981
-0.068965  -0.0024911  -0.0048995
-0.069353  -0.0026214  -0.0047303
-0.037069   -0.026687   -0.028415
-0.068818  -0.0029901  -0.0021253
-0.052521   -0.020013   -0.028415
-0.048223   -0.024995   -0.028415
-0.068699  -0.0024752  0.00051543
-0.046648   -0.026377   -0.028399
-0.068474   0.0040947   0.0004737
-0.039915    0.026399   -0.028415
-0.043227    0.026038   -0.032415
-0.039914    0.026386   -0.032415
-0.039914    0.026386   -0.028415
0.050931    0.026187   -0.028416
-0.0070748    0.026364   -0.032415
0.050931    0.026208   -0.032416
-0.068648  -0.0028075   0.0010842
-0.068468  -0.0053217  0.00057199
0.056486    0.025628   -0.028416
0.050935    0.026283   -0.032416
0.050931    0.026208   -0.028416
-0.068785   0.0014349  -0.0011503
0.074773   0.0081978   -0.028415
-0.068823  0.00072611  -0.0013434
-0.069223  0.00072611  -0.0013434
-0.068829  0.00055684  -0.0013738
0.075931  -0.0016144   -0.028416
-0.068645  -0.0035128   0.0004327
-0.069033  -0.0037533  0.00038144
0.076075  0.00039418    -0.02841
0.075891  -0.0016073   -0.028387
0.075165   -0.008263    -0.02842
-0.068545   0.0035653  0.00024333
-0.069252  -0.0020612  -0.0019596
0.025931   -0.027119  -0.0074153
0.030931   -0.026785  -0.0074153
0.025931   -0.025382  -0.0074153
0.018179   -0.025791  -0.0072148
0.025931   -0.025375  -0.0074153
-0.068421   0.0055987  -0.0022914
0.030931   -0.024971  -0.0074153
0.03089   -0.024553  -0.0078724
0.030615      -0.025  -0.0074153
0.030931   -0.024971  -0.0074153
0.030576    -0.02457  -0.0079168
-0.068745  -0.0022032 -8.3779e-05
-0.069133  -0.0022032    0.000137
-0.068732  -0.0022032    0.000137
0.031874   -0.026656  -0.0073154
0.030931   -0.024971  -0.0074153
0.030931   -0.026779  -0.0074153
0.033024    -0.02442  -0.0069563
-0.069056   -0.004902  -0.0018754
0.031003   -0.027727  -0.0079922
0.030931   -0.026786  -0.0074131
0.02599   -0.028092  -0.0079049
0.018741   -0.027453  -0.0072429
-0.068764  -0.0021796 -0.00039992
0.025941   -0.027372   -0.007607
-0.068907   0.0026714  -0.0055859
-0.068622   0.0065632  -0.0015963
0.030843    0.022642  -0.0081671
0.030932    0.023131  -0.0074149
0.029923    0.023267  -0.0074156
0.032203    0.022674  -0.0072512
0.030932    0.025077  -0.0073167
0.030931    0.023125  -0.0074156
0.030931    0.025054  -0.0074156
0.025931    0.023648  -0.0074156
0.030929    0.023142  -0.0074156
0.02987    0.022764  -0.0081218
-0.068774   0.0017011  -0.0011967
0.025931    0.025455  -0.0074156
0.01705    0.025962  -0.0071525
0.025931    0.023644  -0.0074156
0.017456    0.024219  -0.0071761
-0.068457  -0.0056129  0.00016787
0.025932    0.023654  -0.0074079
-0.068563    0.003169  0.00061866
-0.068768   -0.005131  -0.0049169
-0.069163  -0.0052744  -0.0051175
-0.06876  -0.0052744  -0.0051175
-0.069056   0.0037531  -0.0020247
0.031019    0.026001  -0.0079991
0.030933     0.02505  -0.0074325
0.031608    0.024964  -0.0073245
0.033973   -0.025789  -0.0063837
0.034105   -0.023707  -0.0062789
-0.068748   0.0031327  -0.0026998
0.033297   -0.024315   -0.006849
0.034795   -0.024971   -0.005588
0.034991   -0.022613  -0.0053338
0.035471   -0.021636  -0.0045511
0.035525   -0.023478  -0.0042945
0.035638   -0.021024  -0.0041106
-0.068108  -0.0076325  0.00066933
-0.0692  -0.0029842  -0.0017292
0.035931   -0.020804  -0.0024153
0.035931   -0.018399  -0.0024153
0.035931   -0.014461   0.0012883
-0.069146  -0.0022032 -8.3779e-05
-0.068497  -0.0049485  0.00078025
-0.068715  -0.0039182  -0.0013302
-0.068815  -0.0035198  -0.0027331
-0.069217  -0.0035198  -0.0027331
-0.068823  -0.0035198  -0.0029022
-0.068625  -0.0034854  0.00079318
-0.069346   0.0020347  -0.0054094
0.035413   -0.023697  -0.0043762
0.035862   -0.020811   -0.002398
0.035931    0.016415  -0.0024156
0.035504    0.017675  -0.0045197
0.035931     0.01087   0.0007213
-0.069206  -0.0050791  -0.0056771
0.036098    0.015864  -0.0041536
0.036    0.013713  -0.0024118
0.035576    0.017355  -0.0043495
0.035415    0.020549  -0.0046467
-0.068797  -0.0021324 -0.00098333
0.036198    0.013472  -0.0028238
-0.068725  -0.0055261  -0.0049646
0.033946    0.021123  -0.0063379
0.034055    0.021059  -0.0063747
-0.069092  -0.0057865  -0.0048561
0.034542    0.022672  -0.0058742
0.035186    0.018834  -0.0060473
0.032628    0.024612  -0.0071187
0.033643     0.02387  -0.0066163
-0.068804  0.00037056 -0.00083128
-0.069205  0.00037056 -0.00083128
-0.068806  0.00063086 -0.00097868
0.031613     0.02495  -0.0073688
-0.068704   0.0027443   -0.001195
0.035255    0.021026   -0.004927
0.035793     0.01897  -0.0038344
-0.069284  -0.0033642   -0.004018
-0.068713  -0.0040559  -0.0015025
0.035885    -0.01839  -0.0024268
0.035931  -0.0014443   0.0037167
-0.069167  -0.0035561  -0.0017687
0.035931   0.0017951   0.0035423
-0.069366  -0.0024911  -0.0048995
0.035926     0.01088  0.00072601
0.03572    0.016454   -0.002366
0.035931   0.0043989    0.004642
0.035931 -0.00061348   0.0036959
0.036083  -0.0055932   0.0034293
0.035931  -0.0066476   0.0048715
0.036021   -0.014569   0.0012353
0.0084793    -0.02603  -0.0063966
0.025931   -0.025598  -0.0078394
0.0084793   -0.027665  -0.0063966
0.0067347   -0.026128   -0.006678
0.0065626   -0.026105  -0.0066463
-0.069219    0.002256   -0.002721
-0.068556  -0.0053343  -0.0014304
0.0066088   -0.027749  -0.0067335
0.0068309    0.026251  -0.0061946
0.0068309    0.024593  -0.0061946
0.0048985     0.02636  -0.0065249
0.0050081    0.024725   -0.006498
-0.068909   0.0027671  -0.0058339
0.0037654    0.026573  -0.0078288
0.00052828    0.026098   -0.012957
0.0037655    0.025009  -0.0078287
0.0047745      0.0247  -0.0064645
-0.068605   0.0025577  0.00076744
-0.068708  -0.0068502 -0.00023184
-0.069207  0.00063086 -0.00097868
0.00051139    0.027675   -0.012962
0.00044878    0.026111   -0.013043
-0.0030274    0.028378   -0.016697
-0.0035373    0.026875   -0.017186
-0.069009  -0.0040776  0.00035396
-0.0078248    0.028135   -0.020254
-0.011534    0.026493   -0.022109
-0.014471    0.027846   -0.023157
-0.02166    0.026258   -0.024477
-0.016986    0.026318   -0.023792
-0.023925    0.027708   -0.024403
-0.036165    0.027958   -0.021639
-0.037142    0.026486   -0.021038
-0.069047  -0.0035128   0.0004327
-0.068679   0.0021434  3.1139e-05
-0.038509    0.026474   -0.020137
-0.068684   0.0048489  -0.0057183
-0.069088   0.0048489  -0.0057183
-0.069064   0.0050367  -0.0057592
-0.068832  -0.0040021  -0.0038792
-0.043341    0.027658   -0.016558
-0.04271    0.026281   -0.017092
-0.046886    0.024947   -0.012657
-0.049307    0.025344  -0.0089608
-0.049307    0.023872  -0.0089608
-0.068937   0.0043565  -0.0010833
-0.068617   0.0026623  0.00043383
-0.068261  -0.0067513  0.00071272
-0.046627    0.026542    -0.01299
-0.042933    0.027717   -0.016886
-0.038009    0.027938   -0.020431
-0.068638  -0.0029942   0.0010842
-0.069039  -0.0029942   0.0010842
-0.068534   0.0043554  -0.0011008
-0.003266     0.02837   -0.016951
-0.0028164    0.028372   -0.016479
-0.067941   -0.008241   0.0013496
-0.068824  -0.0041279  -0.0039485
-0.068813  -0.0043579   -0.004135
-0.069292   5.106e-05  -0.0024114
-0.0232   -0.029127   -0.024415
-0.023006   -0.027666   -0.024415
-0.03389   -0.027749   -0.022591
-0.037616   -0.029227   -0.021194
-0.039544   -0.027682   -0.020009
-0.011615   -0.029378   -0.022598
-0.012146    -0.02787   -0.022555
-0.002503   -0.028111   -0.017223
-0.068346  -0.0083654   0.0010494
-0.067936  -0.0083654   0.0010494
0.0018974    -0.02893   -0.012994
0.0025655    -0.02722   -0.012244
-0.068857   0.0017938  -0.0029748
-0.069258   0.0017938  -0.0029748
-0.0018871   -0.029609   -0.016731
-0.069246   0.0015275  -0.0024273
-0.068996  -0.0017044  -0.0050991
-0.069226  -0.0041279  -0.0039485
0.0055307   -0.027916  -0.0078788
0.031833     0.02587  -0.0079383
0.0055303   -0.026353  -0.0078794
-0.068977  -0.0023479  -0.0050556
-0.069377  -0.0023479  -0.0050556
-0.0017421   -0.029619     -0.0165
-0.0021136   -0.029612   -0.016908
-0.068691  -0.0022173   0.0008066
-0.0069838   -0.029505   -0.020229
-0.01381   -0.029292    -0.02309
-0.068602   -0.004391 -3.6393e-05
-0.033706   -0.029248   -0.022559
-0.038831   -0.029185     -0.0204
-0.043798   -0.027344   -0.017092
-0.044279   -0.028732   -0.016655
-0.044082   -0.028757   -0.016861
-0.069225  -0.0035198  -0.0029022
-0.048339   -0.025813   -0.012638
-0.044083   -0.028763    -0.01686
-0.044469   -0.028705   -0.016424
-0.048384   -0.027291   -0.012585
-0.068681   0.0046549  -0.0049686
-0.069084   0.0046549  -0.0049686
-0.068995  -0.0026294  -0.0058807
-0.051099   -0.024507  -0.0088315
-0.051099   -0.025986  -0.0088317
-0.06862  -0.0072719   5.504e-05
-0.053492   -0.024546  -0.0073054
-0.051106   -0.024528  -0.0088424
-0.053338   -0.023672  -0.0071091
-0.069118   0.0045079  -0.0053592
-0.069019   0.0026623  0.00043383
-0.068965   0.0035814 -4.0804e-05
-0.069054   0.0023565  0.00023606
-0.043991   -0.027448   -0.017367
-0.057042    0.022353  -0.0073685
-0.05193    0.023319  -0.0074159
-0.05512    0.023319  -0.0074153
-0.055146    0.023383   -0.007335
-0.051931    0.023319  -0.0074153
-0.051931    0.024662  -0.0074153
-0.055172    0.023329  -0.0074153
-0.069288   0.0019827   -0.003888
-0.051928    0.023318  -0.0073812
-0.05092    0.023319  -0.0075906
-0.049115    0.025359  -0.0087986
-0.050419    0.025031  -0.0078242
-0.068219  -0.0071456  0.00032839
-0.051933    0.023017   -0.007393
-0.050915    0.023319   -0.007562
-0.062204     0.01538  -0.0034958
-0.06418    0.015533  -0.0036905
-0.064805    0.014256  -0.0016414
-0.062816    0.014256  -0.0016414
-0.065586    0.011418   0.0044442
-0.067913  -0.0084167   0.0012275
-0.06118    0.016822  -0.0050174
-0.06307    0.017212  -0.0053339
-0.059638    0.018487  -0.0061704
-0.061326    0.019183  -0.0065196
-0.057504    0.020212  -0.0069204
-0.059149    0.021012  -0.0071456
-0.054761    0.021821  -0.0073026
-0.051934    0.023016  -0.0074107
-0.05173    0.022459  -0.0079493
-0.051722    0.022428  -0.0079292
-0.050937    0.023345  -0.0076237
-0.054368    0.021367  -0.0078419
-0.060533    0.017553  -0.0053806
-0.06282    0.014267  -0.0016368
-0.063858    0.010998   0.0053451
-0.065907   0.0084495    0.010811
-0.0642   0.0084496    0.010811
-0.064501   0.0048837    0.014938
-0.068571   0.0030667  0.00030663
-0.066124   0.0047681    0.015013
-0.069024    0.004296  -0.0026104
-0.066268 -0.00061358    0.016585
-0.064695 -0.00061358    0.016585
-0.066124  -0.0059959    0.015013
-0.06451  -0.0059871    0.015018
-0.06866   0.0050367  -0.0057592
-0.065907  -0.0096767    0.010811
-0.0642  -0.0096767    0.010811
-0.065586   -0.012646   0.0044441
-0.063747   -0.012715   0.0042944
-0.069136    0.003315  -0.0027611
-0.069259   0.0017938  -0.0029748
-0.068781   0.0017533  -0.0013896
-0.069266  0.00025205  -0.0019484
-0.06862   0.0022846  0.00084945
-0.064805   -0.015483  -0.0016412
-0.062816   -0.015483  -0.0016411
-0.06863  -0.0042682 -0.00031654
-0.064257   -0.016621  -0.0035131
-0.061392   -0.017778  -0.0047767
-0.06375    -0.01792  -0.0044157
-0.065305   -0.015652  -0.0016399
-0.063313   -0.018108  -0.0050667
-0.059785   -0.019573  -0.0060907
-0.060449   -0.021216  -0.0068441
-0.057671   -0.021325   -0.006882
-0.061967   -0.019753  -0.0061914
-0.057588   -0.023265  -0.0073326
-0.053687   -0.023552  -0.0073655
-0.05512   -0.024546   -0.007415
-0.05364   -0.024546   -0.007429
-0.068758  -0.0017482 -7.0845e-05
-0.05346   -0.022987  -0.0078864
-0.053647   -0.025223   -0.007415
-0.053647   -0.024547   -0.007415
-0.055136   -0.024548   -0.007415
-0.050972      -0.026  -0.0086906
-0.06923  0.00055684  -0.0013738
-0.050984   -0.024546  -0.0087074
-0.068703   0.0046979  -0.0056978
-0.055621   -0.025559  -0.0082575
-0.055122   -0.024552  -0.0074206
-0.05407   -0.026219  -0.0082692
-0.068684   0.0041364  -0.0035521
-0.068252  -0.0069893  0.00021997
-0.049262    0.023888  -0.0089206
-0.069215  -0.0026648  -0.0017095
-0.050873    0.022758  -0.0080616
-0.069041   0.0026786  4.5563e-05
0.069033  -0.0043471   -0.015609
F
10  14  16
10   16  825
10  36  50
10   50  526
10  526  527
10  527   14
10  825  830
10  830   36
14  15  16
14  527   15
15  19  20
15  20  16
15  527  528
15  528   19
16   20  825
19  22  23
19  23  20
19  513   22
19  528  513
20   23  824
20  824  825
22  25  53
22   53  939
22  513   25
22  672   23
22  939  672
23  672  939
23  939  824
25  513  514
25  514  673
25  669   53
25  673  669
36  830   50
39   41  524
39   45  853
39  524  525
39  525   45
39  853   41
41  853  869
41  869  524
44   45  525
44  48  45
44  525   48
45   48  843
45  843  860
45  860  853
47   48  525
47  50  48
47  525  526
47  526   50
48   50  830
48  830  843
53  669  939
99  103  143
99   143  1378
99  372  445
99  445  103
99  1378   372
103  106  161
103  160  143
103  161  160
103  442  106
103  445  442
106  442  161
112  200  358
112  201  200
112  358  408
112  408  456
112  456  201
114   167  1650
114  408  450
114  445  408
114  450  167
114  713  445
114  1454  2147
114  1650  1454
114  2147   713
143  160  240
143   240  1448
143   497  1449
143  1448   497
143  1449  1378
150  725  726
150   726  2147
150   804  1276
150  1276   725
150  1455  2117
150  2005  2008
150  2008   804
150  2117  2005
150  2147  1455
160   161  1245
160  1245  1456
160  1456   240
161   167  1414
161  442  999
161   999  2008
161  1414  1245
161  2008   167
167   229  1414
167  450  229
167  1454  1650
167  1455  1454
167  2005  2117
167  2008  2005
167  2117  1455
200   201  1259
200  229  358
200  1259   229
201   456  1336
201   507  1331
201  1331  1259
201  1336   507
229  408  358
229  450  408
229  1259  1414
240   497  1448
240  1456  1466
240  1466   497
371   372  1369
371  408  372
371  456  408
371  1363  1364
371  1364   456
371  1369  1363
372  408  445
372  1378  1369
442   445  1513
442  1513  1628
442  1628   999
445  713  726
445  725  796
445  726  725
445   796  1525
445  1251  1513
445  1442  1251
445  1524  1442
445  1525  2278
445  2278  1524
456   507  1336
456  1364   507
495  497  514
495   511  1378
495  513  511
495  514  513
495  1378  1449
495  1449   497
497  498  514
497  1466   498
498  515  514
498  896  515
498  959  896
498  988  959
498  991  988
498  1421  1467
498  1423  1426
498  1426  1484
498  1456  1421
498  1466  1456
498  1467  1537
498  1484   991
498  1537  1423
506  507  524
506  523  772
506  524  523
506   772  1300
506  1268  1269
506  1269  1331
506  1279  1406
506  1300  1279
506  1331   507
506  1406  1422
506  1420  1268
506  1422  1420
507  508  525
507  525  524
507  1364   508
508  509  525
508  1363   509
508  1364  1363
509  510  526
509  526  525
509  1363  1369
509  1369   510
510  511  527
510  527  526
510  1369   511
511  513  528
511  528  527
511  1369  1378
514  515  914
514  914  673
515  896  929
515  929  914
523  524  767
523  767  772
524  869  767
669  673  930
669  890  938
669  930  890
669  938  939
673  895  930
673  914  895
713  2147   726
725  1276   796
744   746  1424
744  748  746
744  1279  1300
744  1300   748
744  1424  1279
745  746  748
745  748  772
745  751  746
745  772  776
745  776  751
746  751  768
746   768  1424
748  1300   772
751  757  767
751  767  768
751  776  757
757  776  767
767  776  772
767  869  768
768  777  881
768   823  1410
768  861  823
768  868  882
768  869  777
768  881  868
768  882  861
768  1410  1424
777  869  881
796  1276  2508
796  2418  1525
796  2508  2418
803   804  2008
803   999  1442
803  1442  2278
803  2008   999
803  2278  2418
803  2418  2508
803  2508   804
804  2508  1276
819  822  823
819  823  824
819  824  822
820  823  894
820  830  823
820  894  830
822  824  939
822  893  823
822  939  893
823  825  824
823  830  825
823  841  894
823  851  887
823  861  885
823  885  851
823  887  889
823  888  938
823  889  841
823  890  930
823  893  888
823  895  903
823  903  985
823  930  895
823  938  890
823   985  1426
823  1415  1410
823  1423  1415
823  1426  1423
830  841  843
830  894  841
841  889  843
843  851  853
843  853  860
843  887  851
843  889  887
851  885  853
853  861  882
853  882  869
853  885  861
868  869  882
868  881  869
888  893  939
888  939  938
895  914  903
896  903  914
896  914  929
896  959  960
896  960  961
896  961  903
903  961  985
959   988  1551
959  1551   960
960  1551   961
961  1551   985
985  988  992
985   992  1426
985  1551   988
988  991  992
991  1484   992
992  1484  1426
999  1251  1442
999  1628  1251
1245  1414  1417
1245  1415  1456
1245  1417  1415
1251  1628  1513
1259  1268  1410
1259  1269  1268
1259  1331  1269
1259  1410  1419
1259  1413  1414
1259  1419  1413
1268  1420  1410
1279  1424  1406
1406  1424  1422
1410  1413  1419
1410  1414  1413
1410  1415  1414
1410  1420  1422
1410  1422  1424
1414  1415  1417
1415  1418  1456
1415  1421  1418
1415  1423  1421
1418  1421  1456
1421  1423  1537
1421  1537  1467
1442  1524  2278
1454  1455  2147
1525  2418  2278
