22 
r_foot
V
0.065929   -0.010113   -0.012182
0.065929   -0.016325   -0.013507
0.065929  -0.0054213   -0.010959
0.066196    0.027192   -0.016394
0.065928    0.026439   -0.015907
0.065917    0.026442   -0.015457
0.065816   0.0092734   -0.010821
0.066607  0.00060887   -0.010073
0.066611   0.0093182   -0.010422
0.084351  -0.0018413   -0.016022
0.08306  -0.0056756   -0.015998
0.06661  -0.0054863   -0.010498
0.065966  0.00061621   -0.010447
0.084566   0.0006152   -0.016018
0.084087   0.0070756   -0.016023
0.084967  0.00061155   -0.016511
0.065929  -0.0044565   -0.011175
0.065928  0.00061422   -0.010844
0.081799    0.014817   -0.015993
0.084454   0.0071338   -0.016506
0.0666     0.01559   -0.011307
0.077257    0.021474   -0.016122
0.082125    0.014976   -0.016474
0.066568    0.022885   -0.013328
0.071883    0.025246   -0.015842
0.084931  0.00061352   -0.017521
0.066666    0.026895   -0.015035
0.065928   0.0095583   -0.011224
0.065928   0.0092749   -0.010886
0.065928    0.015499   -0.011768
0.066457   -0.022934   -0.015362
0.065929   -0.022598   -0.015758
0.065929   -0.013689   -0.013095
0.067238    0.027391   -0.015872
0.065928    0.016102   -0.012248
0.083443  -0.0068387   -0.017482
0.065929   -0.017773   -0.014369
0.065863   -0.022615   -0.016176
0.067192   -0.023263   -0.015658
0.072527    -0.01961   -0.015811
0.067458   -0.023516   -0.016133
0.066566   -0.013662   -0.012035
0.066589   -0.013356   -0.012093
0.076321   -0.016163   -0.015883
0.075635   -0.017363   -0.016336
0.067441   -0.023463    -0.01709
0.081075   -0.010117   -0.015963
0.079389   -0.013171   -0.016392
0.065928    0.022715   -0.013777
0.082825  -0.0077811   -0.016468
0.076559    -0.01656   -0.017325
0.065928    0.021374   -0.013689
0.076201    0.022898   -0.017278
0.06723    0.027323   -0.016827
0.080612    0.017697   -0.017418
0.083854   0.0091554   -0.017469
0.036338  -0.0059601   0.0045391
0.03633  -0.0059092   0.0034886
0.036928  -0.0059135   0.0036631
-0.06908   0.0032384  0.00013545
-0.069046   0.0035598  0.00040951
-0.069084   0.0034502 -0.00012669
-0.069569  0.00061285    -0.01141
-0.069222  -0.0037955  -0.0059731
-0.06917  -0.0038646  -0.0046692
-0.069269  5.3583e-05  -0.0016021
-0.069285  0.00019903  -0.0022015
-0.069281  -7.821e-05  -0.0021836
-0.06829   0.0084076   0.0012355
-0.068719    0.008512  -0.0068922
-0.068373   0.0082788  0.00087925
0.04377  -0.0077512 -0.00069276
0.048814  -0.0093596  -0.0042889
-0.069192  -0.0017894  -0.0016079
-0.069245  -0.0016437  -0.0024594
-0.069194  -0.0019664  -0.0018508
0.051609   -0.010384  -0.0057751
0.063449   -0.015857   -0.012885
-0.069313   -0.002747  -0.0058626
-0.069264  -0.0027861  -0.0046743
-0.069286  -0.0027101  -0.0056229
-0.069179   0.0050446  -0.0048142
-0.069323   0.0051468   -0.010212
-0.069223   0.0041673  -0.0039668
0.06345   -0.015855   -0.012624
-0.069088  -0.0033838  -0.0019369
-0.069171  -0.0029034  -0.0012296
-0.069155  -0.0026074  -0.0019378
0.063426   -0.015962   -0.012665
0.06345   -0.015855   -0.012882
0.06473   -0.015576   -0.013257
-0.069391   0.0025902  -0.0059203
-0.069403    0.001889  -0.0059167
-0.068238  -0.0073102    0.002077
-0.068904  -0.0051271  -0.0021016
-0.068797   -0.005706  -0.0019952
-0.068518   0.0076329  0.00066825
-0.068543   0.0051848     0.00541
-0.068414    0.007983   0.0012102
-0.068579  -0.0067828   -0.001608
-0.068603  -0.0067334   -0.001818
-0.068762   0.0065656 -0.00037995
-0.069039   0.0062598  -0.0052083
-0.069005   0.0057641 -0.00065634
-0.069192   0.0052441  -0.0057823
-0.069217   0.0050421  -0.0056088
-0.069127  -0.0021855 -0.00083354
-0.069139  -0.0025048  -0.0014136
-0.069122  -0.0023019 -0.00091073
-0.069324  -0.0039188   -0.010212
-0.068576  -0.0072461  -0.0020241
-0.068612  -0.0067492  -0.0023784
-0.069327  0.00030076  -0.0023229
-0.069233  0.00013946  -0.0010898
0.036327  -0.0056708   0.0047887
0.036366  -0.0061288   0.0045095
0.036721  -0.0057364   0.0047512
-0.069304   -0.002474  -0.0050526
-0.069316  -0.0025028  -0.0054071
-0.068543  -0.0039594   0.0054087
-0.068829  -0.0042427  0.00063386
-0.069147   0.0039905  -0.0017901
-0.069168   0.0030904  -0.0013427
-0.069157   0.0034727  -0.0014804
-0.069264 -0.00092324  -0.0022615
-0.069248 -0.00093671  -0.0019555
-0.069261 -0.00082423  -0.0021473
0.036531  -0.0039087   0.0041144
0.036533  -0.0039146   0.0048903
0.037086   -0.004139   0.0041673
-0.069395   0.0013224  -0.0048797
-0.069245  0.00062479  -0.0014479
-0.069241  0.00070109  -0.0012505
-0.069043  -0.0026869  6.0585e-05
-0.068954  -0.0037113 -8.2406e-05
0.036125  -0.0042802    0.005136
0.036547  -0.0043577   0.0047012
0.03584  -0.0043735   0.0046497
-0.06872  -0.0072839  -0.0068933
-0.06853   -0.007095  -0.0018186
-0.06856  -0.0069918  -0.0019974
-0.068217   0.0045177   0.0064515
-0.068264    0.008552   0.0020929
0.045705  -0.0059793  -0.0016532
0.043754  -0.0056663 -0.00016567
-0.069195  0.00062383 -0.00028423
-0.068695  0.00060918   0.0066267
-0.069176  0.00098404 -0.00014994
-0.069348   0.0026344  -0.0047288
-0.069402   0.0021648  -0.0055527
-0.069402   0.0020711  -0.0054417
0.052877  -0.0087302  -0.0059682
0.053933  -0.0093661   -0.006159
-0.069098  -0.0025911 -0.00070665
0.036629  -0.0038745   0.0048701
0.064407   -0.014099   -0.012477
-0.069096   0.0034125 -0.00031409
-0.069152   0.0034318  -0.0013243
-0.069156   0.0031946  -0.0011226
-0.068767   0.0085437     -0.0069
-0.068803   0.0060169   -0.010226
-0.069354   0.0051601   -0.010223
0.064438   -0.014036   -0.012552
-0.068971  -0.0035701  0.00024274
-0.068936  -0.0038354  0.00020054
-0.069385    0.001465  -0.0056058
-0.069595   0.0006147    -0.01141
-0.069122   0.0030976 -0.00042615
-0.069026    0.004431 -0.00047031
-0.069063   0.0044711 -0.00097946
0.06438   -0.014441   -0.012182
0.064953   -0.015199   -0.012859
0.064941   -0.014771    -0.01306
0.064389   -0.014115   -0.012568
-0.06889  -0.0032628  0.00097301
-0.068871  -0.0034965  0.00095173
-0.068658   0.0067981  0.00056317
-0.068637   0.0068127  0.00088128
-0.069205  -0.0033365  -0.0049187
-0.069001  -0.0023562  0.00090471
-0.069001   -0.002521  0.00085446
0.03633   0.0071374    0.004045
0.036334   0.0071928   0.0050551
0.03705   0.0071112   0.0042376
-0.069221  -0.0022233   -0.002716
-0.069173  -0.0024096  -0.0020197
0.036323   0.0068513   0.0052954
0.036613   0.0068005   0.0050033
0.036335   0.0071701   0.0050476
-0.069131   0.0042991  -0.0021981
-0.069194   0.0041149  -0.0032022
-0.069159   0.0040791  -0.0023989
-0.069242 -8.1883e-05  -0.0014389
-0.069045  -0.0041701  -0.0026999
-0.068909  -0.0043684 -0.00065121
-0.068966  -0.0042807  -0.0014569
0.049679    0.010896    -0.00368
-0.069046   0.0060115  -0.0045117
-0.06907   0.0058512  -0.0046249
-0.068757  -0.0073106  -0.0068933
-0.067773   -0.008949  -0.0024156
-0.068234  -0.0085098  -0.0023896
-0.06921 -0.00091781  -0.0012733
-0.069207 -0.00073858  -0.0010505
0.049854    0.010654  -0.0033387
0.06345    0.017084   -0.011314
0.05038    0.011155  -0.0043295
0.063617    0.016712    -0.01137
-0.069393   0.0016948  -0.0050958
-0.069184   0.0018206  -0.0004761
-0.069248   0.0018108  -0.0017192
0.036513   0.0067319   0.0048648
0.064722    0.016748   -0.011979
0.06345    0.017084   -0.011543
0.063454    0.017173    -0.01135
-0.069029   0.0052819  -0.0021462
-0.069127   0.0055688  -0.0050088
-0.069183   0.0046494  -0.0040062
-0.06914  -0.0044573  -0.0056312
-0.068955  -0.0048163  -0.0026642
-0.069115  -0.0046896  -0.0048425
0.063699    0.016903   -0.011015
-0.069186   0.0039565  -0.0027773
0.036531   0.0051484   0.0052185
0.036531    0.005137   0.0044046
0.037059   0.0051388   0.0044734
-0.069172   -0.004051  -0.0053603
-0.069144  -0.0041558   -0.004929
-0.069367  -0.0039324   -0.010228
-0.069203  0.00061403   -0.011932
-0.068857  -0.0047458   -0.010715
-0.069388   0.0026824   -0.005768
-0.068816  -0.0044024  0.00062677
-0.068834  -0.0046648 -1.7139e-05
0.049119   0.0085778  -0.0029887
0.051066   0.0092719  -0.0043766
0.058152    0.012194  -0.0080745
0.064398    0.015347   -0.011297
-0.067812    0.010146  -0.0024162
-0.068234   0.0097373  -0.0023896
-0.069239  0.00038877  -0.0015137
-0.06925  0.00059733  -0.0014736
-0.069124  -0.0014466   -0.001179
-0.069173  -0.0017414  -0.0012283
0.064846    0.016323   -0.011604
0.064407    0.015328   -0.011295
0.064417    0.015312   -0.011515
-0.068893   0.0056168 -0.00031177
-0.068775   0.0063791 -0.00012145
0.049194   0.0088879  -0.0027024
0.064438    0.015288   -0.011274
0.036605   0.0051522   0.0051812
-0.06911   0.0057433  -0.0049898
-0.069159   0.0029838 -0.00096885
0.036721    0.005466   0.0054386
-0.069024   0.0030218   0.0010987
-0.069025   0.0037141  0.00062415
-0.069042   0.0059991  -0.0056979
-0.068336   0.0082151   0.0013386
0.043824  -0.0060195  8.4427e-05
0.036705  -0.0057156   0.0047261
0.051274  -0.0099403  -0.0052284
-0.068952   0.0047671 -0.00045911
0.036709   -0.004273   0.0050998
-0.069136  -0.0019365 -0.00059358
-0.069089  -0.0022072 -0.00018946
-0.069254  -0.0019775  -0.0030695
-0.069322  -0.0018237  -0.0050416
-0.069249  -0.0018929  -0.0046463
-0.069099  -0.0027947  -0.0011546
-0.069285 -0.00037959  -0.0023716
-0.069291    9.36e-05  -0.0024569
-0.068596   0.0070388  0.00093248
-0.06859   0.0073626  0.00058731
-0.069205  -0.0038081  -0.0056255
0.054184  -0.0095675  -0.0064777
0.036679  -0.0056807   0.0046644
0.047596  -0.0087283  -0.0034135
0.05117  -0.0098813  -0.0051778
-0.069107   -0.002223  -0.0006294
0.064539   -0.014582   -0.012459
-0.069204 -0.00026927 -0.00078383
-0.06933   -0.002561  -0.0059886
-0.0694  -0.0015258   -0.006164
-0.069044   0.0050113  -0.0018767
-0.068941   0.0047844  0.00041237
-0.069016   0.0052299  -0.0017646
0.03671  -0.0042727   0.0050944
0.036541  -0.0042597   0.0052061
0.036709  -0.0042749   0.0050947
0.036577  -0.0039512   0.0048439
-0.069388   0.0019822  -0.0050678
0.063977   -0.015772   -0.012485
0.063522   -0.015625   -0.012676
-0.068498   0.0078185  0.00039223
-0.068565   0.0075002  0.00028982
0.063451   -0.015866   -0.012609
0.06413   -0.015673   -0.012643
0.06369    -0.01568   -0.012354
0.064724   -0.015018   -0.012511
-0.068929  -0.0041069 -0.00041893
-0.069023  -0.0038912   -0.001689
-0.068966  -0.0041528  -0.0011435
0.064524   -0.015585   -0.012611
0.064082   -0.016042    -0.01279
0.064602   -0.015458   -0.012606
0.064861   -0.015599   -0.012883
0.064618   -0.014894   -0.012597
-0.069092  -0.0024776 -0.00057432
0.064925   -0.014619   -0.012707
0.064362   -0.014445   -0.012206
0.064417   -0.014082   -0.012465
0.036709   0.0069093   0.0052556
0.036714   0.0054718   0.0054274
0.049165   0.0088988  -0.0027283
-0.069121   0.0038785  -0.0013451
-0.068771  -0.0059646  -0.0022664
-0.069056  -0.0052381  -0.0060326
-0.068722  -0.0062272  -0.0022673
-0.069002   0.0053526  -0.0013616
-0.068902   0.0052448  0.00021431
-0.06886   0.0054156 -2.9656e-05
0.036546   0.0053911    0.005508
0.036607   0.0050574    0.005188
0.036713   0.0054833   0.0054339
-0.068786  -0.0059487  -0.0026081
-0.069023    0.006193  -0.0047004
0.049922    0.010661  -0.0034201
0.058149    0.012515  -0.0078047
-0.068989   0.0041574  0.00058129
-0.068903   0.0049014   0.0008085
0.064198    0.017021   -0.011133
0.064563     0.01579   -0.011121
0.06437    0.015649    -0.01102
-0.06927 -0.00030556  -0.0020337
0.064404    0.015326   -0.011291
0.064616    0.016001   -0.011312
0.064723     0.01615   -0.011263
-0.068824  -0.0057473  -0.0028323
0.064924    0.015908   -0.011502
0.064661    0.016575   -0.011334
-0.068239   0.0085353   0.0020812
0.064911    0.016707   -0.011627
0.064205    0.016857   -0.011381
0.064228    0.017194   -0.011526
0.063698    0.016886   -0.011041
-0.069296   0.0030562    -0.00385
-0.069214   0.0032932  -0.0023656
-0.069235   0.0034919  -0.0030478
0.063447    0.017053   -0.011316
-0.069282  -0.0023105  -0.0042401
-0.069291  -0.0022985  -0.0044062
-0.069197   0.0006483 -0.00061873
-0.069201   0.0012092 -0.00046745
-0.069113   0.0040773  -0.0014935
-0.068864   0.0055566  0.00037273
-0.069093  -0.0046573  -0.0036497
-0.069096  -0.0042911  -0.0041449
-0.068837   -0.004419  0.00048521
-0.068903  -0.0042031 -0.00016836
-0.068321  0.00061727   0.0071106
-0.069005   0.0043902 -3.9253e-05
-0.068981   0.0045798  6.0764e-05
-0.069208  0.00010213  -0.0007166
-0.069248 -0.00087233  -0.0017007
-0.069295  -0.0019452  -0.0038371
-0.069175   -0.001935  -0.0014448
-0.069105   0.0028649 -0.00027111
-0.068945   0.0048355 -8.7294e-05
-0.069388   0.0025487  -0.0055828
-0.068581  -0.0039763   0.0054265
-0.068079  -0.0029292   0.0063369
-0.068729  0.00061976   0.0066485
-0.069019  -0.0022812  0.00076994
-0.069096   -0.001949 -6.4108e-05
-0.069063  -0.0023336  0.00012508
-0.069201  -0.0011033  -0.0015689
-0.069175  -0.0014205  -0.0009636
-0.069182  -0.0027381  -0.0027016
-0.069149  -0.0028535  -0.0021913
-0.068933   0.0055393  -0.0018913
-0.069059  -0.0050736  -0.0057745
-0.069223 -0.00015103  -0.0010966
-0.06923 -0.00051864  -0.0013743
-0.068885  -0.0054659  -0.0027343
-0.068819  -0.0056487  -0.0022741
0.03632   -0.005919   0.0045305
0.035931  -0.0054195   0.0043753
0.035931  -0.0054195   0.0027977
0.036326  -0.0059138   0.0034892
-0.069154  -0.0029632  -0.0024966
0.036371  -0.0056643   0.0047912
0.036283  -0.0059785   0.0045383
-0.06906   0.0043713 -0.00095967
-0.069061   0.0042699 -0.00031606
-0.069028  -0.0039517  -0.0019098
-0.069108  -0.0035408  -0.0026407
0.036498  -0.0039373   0.0041074
0.035931  -0.0043987   0.0030643
0.035853  -0.0043762   0.0046469
-0.069144   0.0031003 -0.00085166
-0.069191  0.00062647   -0.011984
-0.069592  0.00060772   -0.011425
0.036502   0.0051939   0.0052455
0.035931   0.0056269   0.0049974
0.035931   0.0056269    0.003433
0.036518   0.0051706   0.0044141
-0.069133  -0.0030131  0.00024572
-0.069262  -0.0021441   -0.003554
-0.06922  -0.0013819  -0.0017441
-0.06864  -0.0064737  -0.0016198
0.036321   0.0071442    0.004046
0.035931   0.0066477   0.0033072
0.035931   0.0066477   0.0048703
0.03633   0.0071237   0.0050539
-0.068698  0.00061375   0.0066257
-0.069085   0.0042115  -0.0011954
-0.068994   0.0042533  0.00034889
-0.069105  -0.0043101  -0.0044207
-0.067763    0.010145  -0.0024172
0.036521  -0.0040148   0.0049072
-0.069185   0.0051602  -0.0053749
-0.069161   0.0053457  -0.0052396
-0.069249  -0.0021797  -0.0032569
-0.069167   0.0015557  -0.0001261
-0.069157   0.0018505 -5.4569e-06
-0.068643   0.0071713 -3.8895e-05
0.036605  -0.0057059   0.0047357
0.036402  -0.0042419   0.0051174
0.035832    -0.00544   0.0043972
-0.069251   0.0021215  -0.0019964
-0.069036  -0.0044137  -0.0031399
0.035854  -0.0043915   0.0046608
-0.069076   0.0026731  0.00063637
-0.06862   0.0071931  0.00035557
-0.069382  -0.0016039  -0.0057654
-0.06936  -0.0019536  -0.0056861
0.036528   0.0054269   0.0056055
0.035844   0.0056156   0.0050009
0.036546   0.0051472   0.0052126
-0.069251   0.0037285  -0.0037865
-0.069286   0.0033628  -0.0040286
-0.069023  -0.0027059  0.00035187
-0.069101   -0.003429  -0.0022624
-0.069227   0.0023571  -0.0016701
-0.069174   0.0022288   0.0002338
0.035855   0.0066634   0.0048883
0.035846   0.0056201   0.0050198
0.036659   0.0054356   0.0053463
-0.069431    -0.00137  -0.0060127
0.036721   0.0069173   0.0052858
-0.068866  -0.0045699 -0.00030342
-0.069121  -0.0027383  -0.0014854
-0.069076   0.0043695  -0.0012793
-0.069076   0.0023895  0.00095626
-0.068271  -0.0073352   0.0020839
-0.067785  -0.0089166  -0.0024131
-0.067663  -0.0077066   0.0029299
-0.069113    0.001955  0.00049773
-0.06791   -0.008076  -0.0058577
-0.06908   0.0028803  2.3513e-06
-0.069377   0.0016481   -0.004619
-0.06918  -0.0020923  -0.0017044
-0.067669   0.0087774   0.0032893
-0.069216   0.0035183  -0.0027203
-0.067936    0.009808  -0.0048068
-0.068218   0.0088928  -0.0070753
-0.069231  0.00061373  -0.0011146
-0.0689  -0.0041597 -1.4755e-05
-0.069206  0.00061314 -0.00065872
-0.069231  0.00060966  -0.0011005
-0.06922  0.00032265 -0.00091639
-0.068843  -0.0048343 -0.00011298
-0.069119  -0.0036047    -0.00299
-0.069218  -0.0032882  -0.0045756
-0.069179   -0.003635   -0.004423
-0.069228   0.0021509  -0.0014919
-0.069165   0.0021571 -0.00082287
-0.069089  -0.0041126  -0.0035079
-0.069094  -0.0041836  -0.0038051
-0.069222   0.0028834  -0.0020647
-0.06938   0.0014977  -0.0045503
-0.069251 -0.00055672   -0.001781
-0.068818  -0.0056733  -0.0023656
-0.069146  -0.0031609  -0.0026819
-0.069138  -0.0017353 -0.00074861
-0.069347  -0.0020972  -0.0055316
-0.069159  0.00044194 -0.00039026
-0.068713  0.00060215   0.0066235
-0.069192  -0.0028117  -0.0030282
-0.069266  -0.0024105  -0.0039225
-0.069568  0.00061373    -0.01141
-0.068241  0.00061375    0.007082
-0.069255    -0.00239  -0.0036795
0.035931    0.019706    0.027677
0.035931  0.00061414   0.0085849
0.035931    0.025559    0.018917
0.035931    0.027614   0.0085849
0.035931    0.025559  -0.0017474
0.035931    0.019706   -0.010507
0.035931    0.010946    -0.01636
0.035931  0.00061411   -0.018415
0.035931  -0.0097182    -0.01636
0.035931   -0.018478   -0.010507
0.035931   -0.024331  -0.0017474
0.035931   -0.026386   0.0085849
0.035931   -0.024331    0.018917
0.035931   -0.018478    0.027677
0.035931  -0.0097181     0.03353
0.035931  0.00061416    0.035585
0.035931    0.010946     0.03353
-0.059069  0.00061379   0.0085839
-0.059069    0.019706    0.027676
-0.059069    0.025558    0.018916
-0.059069    0.027614   0.0085839
-0.059069    0.025559  -0.0017485
-0.059069    0.019706   -0.010508
-0.059069    0.010946   -0.016361
-0.059069  0.00061376   -0.018416
-0.059069  -0.0097185   -0.016361
-0.059069   -0.018478   -0.010508
-0.059069   -0.024331  -0.0017485
-0.059069   -0.026386   0.0085839
-0.059069   -0.024331    0.018916
-0.059069   -0.018478    0.027676
-0.059069  -0.0097186    0.033529
-0.059069  0.00061381    0.035584
-0.059069    0.010946    0.033529
0.036395   -0.011501   0.0013975
0.036983  -0.0059984   0.0035164
0.036059  -0.0057815   0.0032567
-0.068578  -0.0031327  0.00042453
-0.068965  -0.0031689  0.00061747
-0.06898  -0.0031327  0.00042453
-0.068686  -0.0033814  -0.0019304
-0.069069  -0.0035566  -0.0018829
-0.069088  -0.0033814  -0.0019304
-0.068819  -0.0012129  -0.0016045
-0.068846 -0.00096353  -0.0019442
-0.068819  -0.0013834  -0.0017481
0.037418   -0.011207   0.0015186
0.037419   -0.011289   0.0014838
0.049305  -0.0095263  -0.0045384
0.037469  -0.0061513   0.0034631
-0.06873   0.0040384  -0.0017898
-0.069132   0.0040384  -0.0017898
-0.069113    0.004275  -0.0018056
-0.068765   0.0035561  -0.0017699
-0.06878   0.0033077  -0.0017462
-0.069167   0.0035561  -0.0017699
0.067227    0.002122   -0.028415
0.068716   -0.002716   -0.028415
0.067109 -0.00056501   -0.028415
-0.068496   0.0052962  0.00016346
-0.068896   0.0054033  9.3847e-06
-0.0689   0.0052962  0.00016346
0.065915   -0.016952    -0.01409
0.060567   -0.014344   -0.011302
0.054643   -0.020118   -0.011343
0.037243   -0.018619  -0.0027176
0.064129   -0.015957   -0.013155
0.062096   -0.012877    -0.01144
0.064407   -0.014099    -0.01267
0.064968   -0.014621   -0.012992
0.065915  -0.0094903   -0.012084
0.050203  -0.0077318  -0.0044613
-0.068754   0.0034974  -0.0014785
-0.068741   0.0037006  -0.0015006
-0.069143   0.0037006  -0.0015006
-0.068785  0.00058789 -0.00027904
-0.068826   0.0001428  -0.0011022
-0.068806  0.00010877 -0.00071106
-0.068654    0.004902  -0.0018766
-0.068687   0.0045549   -0.001841
-0.069057    0.004902  -0.0018766
-0.06878  -0.0036047  -0.0044344
-0.06876  -0.0037506    -0.00431
-0.069162  -0.0037506    -0.00431
0.037483   -0.004108   0.0039867
0.043512  -0.0055981 -0.00021944
-0.068534  -0.0039455 -0.00023374
-0.068545  -0.0037925 -0.00012812
-0.068937  -0.0039455 -0.00023374
0.037495  -0.0014034   0.0044176
0.037498  0.00061414   0.0045196
0.036666  -0.0039186   0.0040461
0.037474  0.00060949   0.0045473
-0.068631   0.0062553  -0.0049789
-0.068628   0.0062162  -0.0047664
-0.069032   0.0062162  -0.0047664
0.036394  0.00061413   0.0045939
0.036197  -0.0039661   0.0038092
-0.068836  -0.0018217  -0.0025454
-0.069229  -0.0020228  -0.0026258
-0.069237  -0.0018217  -0.0025454
0.064164    0.017178   -0.011837
0.065891     0.02112   -0.013711
0.047297    0.016833  -0.0042953
0.050332    0.011128  -0.0042796
-0.068754   0.0031912  -0.0011123
-0.068773   0.0031553   -0.001414
-0.068746   0.0031005 -0.00085143
0.071678  -0.0034571   -0.028415
0.070931  0.00061422   -0.028415
0.074397  -0.0091846   -0.028415
0.037428    0.014552   0.0021684
0.037486   0.0073835   0.0040407
-0.068634  -0.0046098  -0.0037278
-0.069037  -0.0046098  -0.0037278
-0.06903  -0.0046098  -0.0035571
0.036393    0.014503   0.0022452
0.036119   0.0070411   0.0038497
0.037522   0.0073951    0.004234
0.037432    0.014524   0.0021881
-0.068722  -0.0026135  -0.0013463
-0.069106  -0.0027443  -0.0011962
-0.069124  -0.0026135  -0.0013463
0.074892 -0.00044285   -0.028415
0.074887   0.0016732   -0.028415
0.075931 -0.00038575   -0.028415
-0.039569  -0.0086362   -0.026416
-0.037069  -0.0086362   -0.028416
-0.039069  -0.0086362   -0.028416
-0.068687   0.0045549   -0.001841
-0.068711    0.004275  -0.0018056
-0.069089   0.0045549   -0.001841
-0.06878  0.00080163 -0.00020245
-0.068785  0.00062371 -0.00028482
-0.06918  0.00080163 -0.00020245
0.036526  0.00061489   0.0046752
0.037493   0.0053385    0.004295
0.036384   0.0051167   0.0042496
0.05197  0.00061494   -0.004295
0.037637   0.0053472   0.0045662
-0.06879   0.0042451  -0.0033981
-0.069192   0.0042451  -0.0033981
-0.06919    0.004358  -0.0035802
0.037499  0.00061447   0.0045317
0.06593   0.0095359   -0.011221
0.064482    0.015369   -0.011551
-0.068671   0.0061294  -0.0055656
-0.069055   0.0062162  -0.0053563
-0.069075   0.0061294  -0.0055656
-0.068743  -0.0019096 -0.00083492
-0.069169  -0.0019096  -0.0013046
-0.069144  -0.0019096 -0.00083492
-0.068616   0.0037544  0.00062284
-0.068623   0.0035896  0.00070956
-0.069018   0.0037544  0.00062284
-0.068632   0.0030484   0.0010989
-0.06864   0.0036246  0.00039902
-0.06867   0.0029635  0.00059452
-0.068882 -0.00075128  -0.0025537
-0.069283 -0.00075128  -0.0025537
-0.069279  -0.0011093  -0.0027225
-0.068389  -0.0057055  -0.0019954
-0.068359  -0.0059712  -0.0022642
-0.068314  -0.0062207  -0.0022651
-0.068696  -0.0019635 -4.9087e-05
-0.068638  -0.0019477 -0.00059155
-0.068687  -0.0022072 -0.00018946
-0.06883  -0.0025363  -0.0034309
-0.069232  -0.0025363  -0.0034309
-0.069208  -0.0027039  -0.0031764
-0.068752   0.0033834  -0.0012963
-0.068763  -0.0022743  -0.0016471
-0.069164  -0.0022744  -0.0016471
-0.06915  -0.0024467  -0.0016052
0.073429    0.025872   -0.019394
0.074663    0.023795   -0.017197
0.077913    0.021063   -0.017328
0.080646    0.017896   -0.017321
0.069961    0.027751   -0.019153
0.067034    0.027601   -0.016683
-0.06879    0.004033  -0.0030601
-0.068729   0.0040492  -0.0017959
-0.068768   0.0039884   -0.002551
-0.068883 -0.00075128  -0.0025537
-0.068883 -0.00044568  -0.0023969
-0.069283 -0.00075128  -0.0025537
-0.068734    0.004254  -0.0022261
-0.06871     0.00448  -0.0021609
-0.069112     0.00448  -0.0021609
-0.068887 -0.00035446  -0.0023691
-0.068863 -0.00093021   -0.002263
-0.068862 -0.00081933   -0.002137
-0.068519   0.0050005  0.00034091
-0.068907   0.0051818  0.00025811
-0.068922   0.0050005  0.00034091
-0.037069   0.0098638   -0.026416
-0.039569   0.0098638   -0.026416
-0.039069   0.0098638   -0.028416
-0.068824  -0.0037898  -0.0059682
-0.068769  -0.0040528  -0.0053557
-0.068808  -0.0038206  -0.0056063
-0.068689  -0.0037394   -0.002708
-0.068733  -0.0032968  -0.0027337
-0.068685  -0.0041228  -0.0035194
-0.068593   0.0040843  0.00057503
-0.068608   0.0038976  0.00057503
-0.068995   0.0040843  0.00057503
-0.068873 -0.00030784  -0.0020308
-0.06888 -7.8203e-05  -0.0021836
-0.068244     0.00714 -5.9518e-05
-0.068163   0.0073582  0.00058564
-0.068158   0.0075005  0.00028994
0.04906    0.026708   -0.011083
0.066    0.026836   -0.016052
-0.068779   0.0049661  -0.0047359
-0.069171    0.005131  -0.0049181
-0.069181   0.0049661  -0.0047359
-0.068996   0.0016743  -0.0050096
-0.068987   0.0016743  -0.0047884
-0.069388   0.0016743  -0.0047884
0.064802    0.016647   -0.012066
-0.068605   -0.003968  -0.0015607
-0.068986   -0.004071  -0.0013655
-0.069008   -0.003968  -0.0015607
0.064911    0.016022   -0.011851
0.051745  0.00061375  -0.0041817
-0.068214  -0.0065631  -0.0015974
-0.068182  -0.0067273  -0.0015815
-0.06859  -0.0067273  -0.0015815
-0.068993    0.001913  -0.0050876
-0.069393    0.001913  -0.0050876
-0.06938   0.0021092  -0.0049135
-0.068792   0.0041497  -0.0032594
-0.068792   0.0040629  -0.0030946
-0.069193   0.0040629  -0.0030946
0.066565   -0.023339   -0.016666
-0.068584  -0.0046676  -0.0028193
-0.068613  -0.0045088  -0.0030034
-0.068987  -0.0046676  -0.0028193
0.064782   -0.015528   -0.013265
-0.068545  -0.0037925 -0.00012812
-0.068562  -0.0035813 -4.1995e-05
-0.068948  -0.0037925 -0.00012812
-0.068463   0.0059115 -0.00058803
-0.068367   0.0063971 -0.00011638
-0.068357   0.0065657 -0.00037989
-0.068593   0.0053045  -0.0015723
-0.068615   0.0052135   -0.001778
-0.068997   0.0053045  -0.0015723
-0.045161   -0.027053   -0.032416
-0.034069   -0.027946   -0.032421
-0.034069   -0.028892   -0.023493
-0.068692  -0.0043118  -0.0044297
-0.03857   -0.028932   -0.021385
-0.042916   -0.028027   -0.016812
-0.033702   -0.027887    -0.02248
-0.023985   -0.028761   -0.025473
-0.033688   -0.028039   -0.022434
-0.034069   -0.027906   -0.032416
-0.068675   0.0028504  0.00060883
-0.068665   0.0030791   0.0005615
-0.069067   0.0030791   0.0005615
-0.014197   -0.028874   -0.024197
0.0084312   -0.027666   -0.032415
-0.0070743   -0.026386   -0.032416
-0.043225   -0.026026   -0.032416
-0.040194   -0.026377   -0.032416
-0.068772  -0.0019929  -0.0014741
-0.068752  -0.0022911  -0.0014519
-0.069153  -0.0022911  -0.0014519
0.051347    -0.02618   -0.032415
0.050931   -0.027586   -0.032415
0.050263   -0.029413   -0.018239
0.050934   -0.027809   -0.032453
-0.068751  -0.0022911  -0.0014519
-0.068735  -0.0024856  -0.0014074
-0.069137  -0.0024856  -0.0014074
-0.0022096   -0.029342   -0.017221
-0.068832  -0.0032593  -0.0048927
-0.068815  -0.0033011  -0.0045864
-0.068859  -0.0028451  -0.0046872
-0.0073179   -0.029131   -0.021198
0.055489   -0.027156   -0.032415
0.050923   -0.027614   -0.032418
0.053621   -0.026045   -0.032415
-0.068657    0.003292  0.00048664
-0.069047   0.0035129   0.0004315
-0.069058    0.003292  0.00048664
-0.068552   0.0056092  -0.0014919
-0.068515   0.0056092 -0.00080142
-0.068918   0.0056092 -0.00080142
-0.068631  -0.0039139  -0.0019415
-0.068653  -0.0037531  -0.0020259
-0.069034   -0.003914  -0.0019416
-0.06885   0.0019224  -0.0018524
-0.068851   0.0020613  -0.0019608
-0.06925   0.0019224  -0.0018524
-0.068833   0.0034808   -0.003051
-0.068847   0.0034026  -0.0032462
-0.069234   0.0034808   -0.003051
-0.068967   0.0022871  -0.0047487
-0.06898   0.0021092  -0.0049135
-0.069368   0.0022871  -0.0047487
-0.068847   0.0022478  -0.0020172
-0.069236   0.0025779  -0.0020354
-0.069248   0.0022478  -0.0020172
0.049989   -0.028951   -0.016583
-0.068992   0.0024254  -0.0055651
-0.069393   0.0024254  -0.0055652
-0.069388    0.002586  -0.0056129
-0.0031485   -0.028557   -0.017118
-0.068709   -0.001882 -0.00020728
-0.069095  -0.0019745 -4.2471e-05
-0.06911   -0.001882 -0.00020728
-0.06869  -0.0040308  -0.0034176
-0.069093  -0.0040308  -0.0034176
-0.069087  -0.0041364  -0.0035532
-0.068855   0.0035572  -0.0028245
-0.068845   0.0037416  -0.0037785
-0.068564  -0.0041352  -0.0012564
-0.068526  -0.0041311 -0.00011674
-0.068523  -0.0040885 -0.00037715
-0.068741   -0.003878  -0.0041768
-0.069143   -0.003878  -0.0041768
0.083074    0.011263   -0.032415
0.084416  0.00061427   -0.032415
0.083774  -0.0036472   -0.032415
0.082599    0.013171   -0.032411
0.084903    0.010539     -0.0198
0.084834  0.00058242   -0.032479
0.085925  0.00060432   -0.019819
-0.042069  0.00061381   -0.026416
-0.044569   0.0098638   -0.026416
0.084118   0.0094885     -0.0174
0.085075  0.00061179   -0.017498
0.083867  -0.0080353   -0.019745
-0.06841  -0.0058158  -0.0027871
-0.068692   0.0060045  -0.0057003
-0.068672   0.0058458  -0.0046202
-0.068644    0.006022   -0.004516
-0.068789   0.0052441  -0.0057823
-0.068728   0.0057648  -0.0057823
-0.069131   0.0057648  -0.0057823
-0.068783   0.0051602  -0.0053749
-0.068789   0.0052442  -0.0057823
-0.068806   0.0050391  -0.0056281
0.081393  -0.0092477   -0.032412
0.083276  -0.0067831    -0.01742
0.079573   -0.014702   -0.019654
-0.068675   0.0023895  0.00095638
-0.068724   0.0022187  0.00021973
-0.068715   0.0019823  0.00053683
-0.069017  -0.0045088  -0.0030034
0.07203    0.004605   -0.028415
0.073826   0.0035108   -0.028415
0.073563  -0.0025285   -0.028415
0.075383   -0.016728   -0.032414
0.079297   -0.013468   -0.017287
0.070499   -0.022846    -0.01947
-0.068037    0.007875   0.0010481
-0.068065   0.0077796   0.0009093
-0.068446    0.007875   0.0010481
-0.06877   0.0048618  -0.0042582
-0.068777   0.0046968  -0.0040369
-0.069172   0.0048618  -0.0042582
0.075194   -0.018003   -0.017168
0.068595   -0.021892   -0.032415
-0.068267  -0.0065054  -0.0023669
-0.068674  -0.0065054  -0.0023669
-0.068637  -0.0067049  -0.0023669
-0.068674   0.0043697  -0.0012793
-0.068657   0.0043721 -0.00095955
-0.068649   0.0044696 -0.00098023
0.062139   -0.025289   -0.032416
0.060016   -0.027957   -0.019075
-0.068861 -0.00011528  -0.0018049
-0.068854  3.7542e-05  -0.0016321
-0.069255  3.7535e-05  -0.0016321
-0.068804 -0.00022477 -0.00076995
-0.068822 -0.00012469  -0.0010789
-0.06883  -0.0005073  -0.0013668
-0.068892   0.0032632  -0.0041133
-0.068888   0.0031116  -0.0037678
-0.068211   0.0071889  0.00035837
-0.068202   0.0069944   0.0009683
0.056473   -0.025549   -0.032415
0.059924   -0.026015   -0.032415
0.064214   -0.024293   -0.032415
0.064254   -0.022085   -0.032415
0.070498   -0.016292   -0.032415
0.073155   -0.018598   -0.032415
0.074535  -0.0087906   -0.032415
0.077103    -0.01486   -0.032415
0.078581    0.019817   -0.032415
0.079991   -0.011296   -0.032415
0.075235    0.022998   -0.032415
0.075931   0.0016142   -0.032415
0.075931 -0.00038575   -0.032415
0.081222    0.015888   -0.032415
0.082183  -0.0076708   -0.032415
0.062043    0.028461   -0.032415
0.050931    0.029406   -0.032415
0.049592    0.030697   -0.017948
-0.068962   0.0023654  -0.0046749
-0.068955    0.002589  -0.0047695
-0.069002   0.0020786  -0.0054401
0.059879    0.025636   -0.032415
0.050927    0.029416   -0.032415
0.027278    0.030572   -0.017423
0.008431    0.029389   -0.032415
-0.068493   0.0054033  9.3847e-06
0.049931    0.027614   -0.032415
-0.033928    0.029349   -0.032416
-0.068883   0.0033642  -0.0040192
-0.068865   0.0035551  -0.0038935
-0.069267   0.0035551  -0.0038935
-0.068228  -0.0064951  -0.0016101
-0.068258  -0.0065523  -0.0023769
-0.068173  -0.0067891  -0.0016287
0.062978    0.029671   -0.018802
-0.068909  -0.0023579  -0.0042971
-0.068839  -0.0021526  -0.0035532
-0.068889  -0.0019384  -0.0038395
-0.069194  -0.0019061  -0.0017807
-0.068793  -0.0019061  -0.0017807
-0.0685  -0.0039539  0.00031569
-0.068878  -0.0040947  0.00047251
-0.068904  -0.0039539  0.00031569
-0.068529  -0.0040516 -0.00035897
-0.068932  -0.0040516 -0.00035897
-0.068931  -0.0041378 -0.00051466
-0.068575  -0.0042314  -0.0015747
-0.068479    -0.00436  -0.0001435
0.059239    0.029386   -0.016435
0.051011    0.030385   -0.016772
0.071308    0.025445   -0.032415
-0.068585   0.0055216  -0.0019095
-0.068972   0.0055827  -0.0017219
-0.068989   0.0055216  -0.0019095
-0.068694  -0.0019745 -4.2471e-05
-0.069006   0.0024281  -0.0059485
-0.069   0.0021725  -0.0055527
-0.068987   0.0026119  -0.0056278
0.077292    0.021362   -0.032414
0.080482    0.019481   -0.019736
-0.068781  -0.0022726  -0.0019946
-0.06879  -0.0020468  -0.0018974
-0.069182  -0.0022726  -0.0019946
-0.068788   0.0039805  -0.0028646
-0.069177   0.0039805   -0.002608
-0.069189   0.0039805  -0.0028646
-0.06842   0.0061821 -0.00049767
-0.068789   0.0064077 -0.00043264
-0.068825   0.0061821 -0.00049767
-0.068731  -0.0026358  -0.0015415
-0.068748  -0.0024467  -0.0016052
-0.069133  -0.0026358  -0.0015415
-0.069284 -0.00044568  -0.0023969
-0.068005   0.0081441  0.00071403
-0.067967     0.00827  0.00088754
-0.068377     0.00827  0.00088754
0.074777   0.0092751   -0.028415
0.073953    0.011562   -0.032415
0.068316    0.019999   -0.032415
-0.0012698    0.030614   -0.017413
-0.0064995    0.030504   -0.021149
-0.013553    0.030336   -0.024103
-0.068712  -0.0040996  -0.0051043
-0.002173    0.029659   -0.016839
-0.068581   0.0042057  0.00060108
-0.068983   0.0042057  0.00060108
-0.068965   0.0043707  0.00065323
0.049604    0.030451   -0.016869
-0.068748  -0.0026803  -0.0019471
-0.068698  -0.0032758  -0.0019471
-0.0691  -0.0032758  -0.0019471
-0.068821   0.0021325  -0.0014308
-0.069198   0.0021325 -0.00098452
-0.069222   0.0021325  -0.0014308
-0.06883  0.00061221  -0.0011027
-0.06885  0.00060397  -0.0014631
-0.068852  0.00039548  -0.0015244
-0.0689   0.0030031  -0.0039193
-0.069301   0.0030031  -0.0039194
-0.069276   0.0032114  -0.0035985
-0.068728   0.0042994  -0.0021866
-0.068789  0.00047617 -0.00036726
-0.068795  0.00034164 -0.00047574
-0.06919  0.00047617 -0.00036726
-0.034069    0.030209   -0.023669
-0.034069    0.029367   -0.032419
-0.023211    0.030123   -0.025504
-0.013535    0.030289   -0.024127
-0.039353    0.030167   -0.021394
-0.034069    0.030241   -0.023672
-0.034069    0.029337   -0.032416
-0.045112    0.029725    -0.01741
-0.045119    0.028407   -0.032416
-0.068737   0.0053786  -0.0048226
-0.06914   0.0053786  -0.0048226
-0.069128   0.0055262  -0.0049659
-0.040069    0.027614   -0.032416
-0.069004   0.0024601  -0.0059426
-0.069395   0.0026294  -0.0058819
-0.069405   0.0024601  -0.0059426
-0.033711    0.029247    -0.02257
-0.068666  -0.0035566  -0.0018829
-0.068841  -0.0016726  -0.0024698
-0.02297    0.029181   -0.024302
-0.068992   0.0026761  -0.0058447
-0.068476  -0.0045052 -0.00041244
-0.068496  -0.0044167 -0.00055716
-0.06888  -0.0045052 -0.00041244
-0.068817   -0.002256  -0.0027222
-0.068792  -0.0026179  -0.0027222
-0.069193  -0.0026179  -0.0027223
0.025989     0.02807  -0.0081128
0.031379    0.027676  -0.0080592
-0.068698  -0.0034321  -0.0022369
-0.068706  -0.0035028   -0.002586
0.018738    0.028421  -0.0079925
0.0083952    0.028645  -0.0071926
0.025989    0.028144  -0.0080776
0.0084944    0.027715   -0.006275
-0.069194   0.0041497  -0.0032594
-0.068987    0.002586  -0.0056129
-0.068812   0.0032932  -0.0023656
-0.068828   0.0023844  -0.0016837
-0.068798  -0.0034558  -0.0045212
-0.069182  -0.0036047  -0.0044344
-0.068789    0.004358  -0.0035802
0.031948    0.026661  -0.0072016
0.031008    0.027739  -0.0080749
0.030935    0.026804  -0.0073692
0.032241    0.027575  -0.0079127
0.039036     0.02864   -0.012013
0.03224     0.02756  -0.0079208
-0.068795  -0.0020312  -0.0019136
-0.0687  -0.0038651  -0.0032369
-0.069103  -0.0038651  -0.0032369
0.039712     0.02899   -0.012262
0.034736    0.026648  -0.0066884
-0.068775  -0.0044559  -0.0056262
-0.068645  -0.0052167  -0.0060379
-0.068562  -0.0035813 -4.1995e-05
-0.068593  -0.0032365  5.2123e-06
-0.068965  -0.0035813 -4.1995e-05
-0.06867   0.0024778  0.00098762
-0.069071   0.0024778  0.00098762
-0.06906   0.0026383   0.0010439
-0.068835   0.0025779  -0.0020354
-0.069226   0.0028036  -0.0020528
-0.069235   0.0025779  -0.0020354
-0.068875   0.0032114  -0.0035985
-0.068749   0.0037939  -0.0017898
-0.069151   0.0037939  -0.0017898
-0.068449   0.0055754  0.00035044
-0.068498   0.0052626  0.00020203
-0.068498   0.0049228  0.00080093
0.0026616    0.029915   -0.013476
0.0067942      0.0288  -0.0077157
-0.068447  -0.0042458  0.00063923
0.0073846    0.028706  -0.0073406
0.0063687    0.029011  -0.0081582
-0.068783   0.0045449  -0.0038504
-0.069186   0.0045449  -0.0038504
-0.069179   0.0046968  -0.0040369
-0.0017036      0.0296   -0.016537
-0.068954  -0.0022358  -0.0060458
-0.069356  -0.0022358  -0.0060458
-0.069343  -0.0024052  -0.0060177
0.0054928     0.02796  -0.0078466
0.0071482    0.028644  -0.0074866
0.0064227    0.028898  -0.0081916
0.006546    0.027806  -0.0065704
0.0085024    0.027682  -0.0063625
0.037205    0.022672  -0.0026454
0.037305     0.02141  -0.0016622
-0.068402  -0.0056293  -0.0020129
-0.068365  -0.0058295  -0.0019384
-0.068771  -0.0058295  -0.0019384
-0.068611  -0.0040345  -0.0018251
-0.069015  -0.0040345  -0.0018251
-0.068994  -0.0041512  -0.0016883
0.035775    0.025885  -0.0055825
0.037282    0.021512  -0.0015319
0.037165    0.022757  -0.0028006
-0.068384   0.0064077 -0.00043264
-0.068992   0.0013678  -0.0047412
-0.069023   0.0014896  -0.0056346
-0.069009   0.0013355  -0.0051763
-0.068801  0.00022402 -0.00059381
-0.069201  0.00022401 -0.00059381
-0.069195  0.00034164 -0.00047574
-0.068492  -0.0051918  -0.0024622
-0.068522   -0.005019  -0.0025502
-0.068897  -0.0051918  -0.0024622
0.036679    0.024379  -0.0042596
0.036694    0.024352   -0.004244
-0.068793   0.0011435 -0.00047127
-0.068777  0.00094089 -0.00016114
-0.068767   0.0015351 -0.00013081
-0.068126  -0.0071461  -0.0021251
-0.068168  -0.0069785  -0.0022543
-0.068535  -0.0071461  -0.0021251
-0.0687   0.0057321  -0.0049953
0.035776    0.025774  -0.0056632
-0.068348   0.0066116 -0.00035462
-0.068303   0.0068503 -0.00023309
-0.068709   0.0068503 -0.00023309
0.066366    0.027266   -0.016488
0.059473     0.02925   -0.016491
-0.068298   0.0067594   8.848e-05
-0.068704   0.0067594   8.848e-05
-0.068658   0.0069894  0.00021872
0.074305  -0.0015349   -0.028415
-0.068583   -0.004071  -0.0013655
-0.068566  -0.0041378  -0.0011933
-0.068969  -0.0041378  -0.0011933
-0.068479   0.0051829  0.00066635
-0.068882   0.0051829  0.00066635
-0.068872   0.0053217   0.0005708
-0.068627    -0.00384  -0.0017107
0.069015   0.0041248   -0.028415
-0.068677   0.0058212  -0.0046839
-0.068688   0.0057865  -0.0048573
-0.069081   0.0058212  -0.0046839
-0.068788   0.0047969  -0.0045536
-0.069191   0.0047969  -0.0045536
-0.068818   0.0029902  -0.0021265
-0.069215   0.0032071  -0.0022869
-0.06922   0.0029902  -0.0021265
-0.06878   0.0018223  -0.0004851
-0.068821   0.0018008  -0.0012269
-0.069222   0.0018008  -0.0012269
-0.068778  -0.0027749   -0.002694
-0.06883  -0.0025374  -0.0034009
-0.068749  -0.0031213  -0.0027018
-0.069011   0.0013493  -0.0052443
-0.069019   0.0014187  -0.0054915
-0.069411   0.0013493  -0.0052443
0.036347   -0.016848  -0.0017411
0.036625   -0.021239   -0.004447
0.03718   -0.018911  -0.0029342
0.037362   -0.016957   -0.001576
-0.068727   0.0057648  -0.0057823
-0.068688   0.0060339  -0.0056609
-0.069091   0.0060339  -0.0056609
0.036609   -0.021248  -0.0044772
0.043709    -0.02548   -0.010915
-0.068816   0.0042739  -0.0040375
-0.068776   0.0047585  -0.0041331
-0.068758   0.0053592  -0.0052188
-0.068687   0.0026057  0.00060329
0.035566     -0.0234  -0.0058136
-0.068661  -0.0044167  -0.0031504
-0.068697  -0.0042868    -0.00418
-0.068627  -0.0046402  -0.0036685
0.037355   -0.016941  -0.0016095
0.033129   -0.025447  -0.0075319
0.031832   -0.025857  -0.0079455
0.039146   -0.027169   -0.012213
0.021732   -0.029278   -0.016993
0.039105   -0.027242   -0.012129
0.031862   -0.025897  -0.0079692
0.034393   -0.024672  -0.0068366
0.03184   -0.025903  -0.0078808
-0.068807  0.00062831 -0.00063965
-0.068638  -0.0041809   -0.002694
-0.068694  -0.0041746  -0.0038266
-0.06846  -0.0053818  -0.0023793
-0.068865  -0.0053818  -0.0023793
-0.068827  -0.0055987  -0.0022925
0.034415   -0.024625  -0.0068407
-0.068781   0.0033077  -0.0017462
-0.068799   0.0029843  -0.0017304
-0.069182   0.0033077  -0.0017462
-0.068825   0.0028036  -0.0020528
-0.068753   0.0066116 -0.00035462
-0.068152  -0.0069899  -0.0020025
-0.068195  -0.0068615  -0.0023288
-0.068111  -0.0072009  -0.0020517
0.035549   -0.023351  -0.0058891
-0.068659   0.0026383   0.0010439
-0.069049   0.0028076    0.001083
0.05805   -0.027096   -0.016439
0.061976   -0.025542   -0.016499
-0.069025   0.0035896  0.00070956
-0.068473   0.0077796   0.0009093
-0.068857  -0.0021838  -0.0034914
-0.069249  -0.0021838  -0.0032783
-0.069259  -0.0021838  -0.0034914
-0.068885  -0.0021274  -0.0040502
-0.068887  -0.0019826  -0.0038893
-0.069286  -0.0021274  -0.0040502
-0.068622  -0.0028925  4.4373e-05
-0.069024  -0.0028925  4.4373e-05
-0.068996  -0.0032365  5.2123e-06
-0.068662   -0.005125  -0.0060699
-0.069215  -0.0038778  -0.0060217
-0.069066   -0.005125  -0.0060699
-0.068727  -0.0044828   -0.005612
-0.069107  -0.0046979  -0.0056989
-0.069131  -0.0044828   -0.005612
-0.068566  -0.0042638  -0.0014792
-0.068591  -0.0041512  -0.0016883
-0.06897  -0.0042638  -0.0014792
-0.069248   0.0034026  -0.0032462
-0.068483   0.0056219 -0.00031135
-0.06901   0.0038976  0.00057503
-0.069018   0.0052135   -0.001778
-0.068642   0.0051483  -0.0021609
-0.068619   0.0053306  -0.0021175
-0.069022   0.0053306  -0.0021175
0.026005   -0.026439  -0.0080173
0.031011   -0.025961  -0.0080145
0.030933   -0.025065  -0.0073787
0.026001   -0.026387  -0.0080599
-0.068366  -0.0059486  -0.0023412
-0.068379  -0.0059486   -0.002608
-0.068772  -0.0059486  -0.0023412
0.017048   -0.026919  -0.0078671
0.0068502   -0.026305  -0.0060459
0.025932   -0.025472   -0.007376
0.0067486   -0.027225  -0.0069647
0.0056897   -0.027308  -0.0071231
0.0068461    -0.02631  -0.0060653
0.0055144   -0.027171  -0.0072946
0.0050179    -0.02744   -0.007567
-0.068765  -0.0029992  -0.0028218
-0.069167  -0.0029992  -0.0028219
-0.06915  -0.0031327   -0.002701
-0.068846   0.0018269  -0.0017265
-0.069247   0.0018269  -0.0017265
-0.069237   0.0018008  -0.0015227
0.0048138   -0.026397  -0.0064572
-0.068587   0.0041593  0.00058141
-0.068537   0.0047842  0.00041231
-0.068592   0.0042531  0.00034889
0.0046955   -0.027551  -0.0080706
0.0013077   -0.028659   -0.013401
-0.068651  -0.0025494  2.2378e-05
-0.069053  -0.0025494  2.2378e-05
0.0036968   -0.026609  -0.0077972
0.0046582   -0.027609  -0.0080518
-0.068825   0.0023494  -0.0016595
-0.069226   0.0023494  -0.0016595
-0.06922   0.0025308   -0.001695
-0.0026022   -0.028782   -0.016632
-0.069181   0.0018223  -0.0004851
-0.068095    0.010512   -0.017375
-0.069066  0.00061372   -0.017416
-0.069074  0.00061373   -0.012008
-0.069119  -0.0040305  -0.0040053
-0.069005   0.0031002    -0.01168
-0.068938   0.0028037   -0.004584
-0.068922   0.0029728  -0.0043974
-0.069323   0.0029728  -0.0043974
0.035903    0.018398  -0.0024204
0.036025    0.020636  -0.0045098
0.036221    0.018145  -0.0027979
-0.068894  -0.0033266   -0.011159
-0.069084  0.00061373   -0.012008
-0.068427  -0.0044412  0.00056222
-0.067995  -0.0095726   -0.017417
-0.068801   0.0045842   -0.004341
-0.069203   0.0045842  -0.0043411
-0.068785  -0.0028498   -0.002984
-0.069187  -0.0028498   -0.002984
-0.06812  -0.0077306   -0.007128
-0.067801  -0.0086585  -0.0048079
-0.068492  -0.0061554  -0.0092079
-0.063871   -0.017198  -0.0060667
-0.062491   -0.019769   -0.017418
-0.065035   -0.015269  -0.0042596
-0.065717   -0.013787  -0.0019577
-0.068805   0.0006327 -0.00064984
-0.069201  0.00078024 -0.00057182
-0.069206  0.00063269 -0.00064984
-0.067598  -0.0089595  -0.0024218
-0.068994   0.0021347  -0.0053265
-0.068984   0.0022612  -0.0051608
-0.069385   0.0022612  -0.0051609
-0.056959    -0.02358  -0.0083278
-0.053783   -0.026027   -0.017336
-0.068378   0.0063246 -0.00013331
-0.068783   0.0063246 -0.00013331
-0.068755   0.0064903 -6.7565e-05
-0.05976   -0.021569  -0.0080453
-0.062043   -0.019466  -0.0073634
-0.068634   0.0050794  -0.0018568
-0.068654    0.004902  -0.0018766
-0.069037   0.0050794  -0.0018569
0.074395   0.0026141   -0.028415
-0.051214   -0.025982    -0.00859
-0.050464   -0.026297  -0.0093395
-0.052263   -0.025599  -0.0083141
-0.068534   0.0048269  0.00038817
-0.068519   0.0050005  0.00034091
-0.047633   -0.027511   -0.013496
-0.044204   -0.028608   -0.017116
-0.043785   -0.028828   -0.017721
-0.049335   -0.025724  -0.0088535
-0.068957    -0.00416  -0.0010237
-0.043309   -0.027675   -0.016415
-0.044207   -0.028611   -0.017118
-0.043711   -0.028876   -0.017674
-0.043378   -0.027794   -0.016464
-0.052166   -0.025397  -0.0075659
-0.049321   -0.025342  -0.0090015
-0.068848 -0.00058086  -0.0017979
-0.068633   0.0061249  -0.0046015
-0.069037   0.0061249  -0.0046015
-0.055602   -0.024288  -0.0082793
-0.052247   -0.025561  -0.0083581
-0.051937     -0.0247  -0.0073267
-0.068731   0.0037267  -0.0013666
-0.068746   0.0052528  -0.0046882
-0.069148   0.0052528  -0.0046882
-0.062215   -0.019494  -0.0072691
-0.05756   -0.023107  -0.0082825
-0.055606   -0.024295  -0.0082759
-0.068878  -0.0011093  -0.0027225
-0.068945  -0.0019422  -0.0052619
-0.068942  -0.0018217   -0.005024
-0.069343  -0.0018217   -0.005024
-0.068616   0.0045206 -0.00049785
-0.068578   0.0045907  5.7903e-05
-0.068582   0.0048118 -0.00039348
-0.068485    0.005613 -0.00030241
-0.068861    0.005613  0.00016662
-0.068889    0.005613 -0.00030241
-0.068747  -0.0028399  -0.0021754
-0.068693  -0.0033151  -0.0019449
-0.068753  -0.0026074  -0.0019378
-0.063909   -0.017209  -0.0060458
-0.06578   -0.013889  -0.0019824
-0.066413   -0.008595    0.010864
-0.065669   -0.013737  -0.0020339
-0.064856   -0.014408   -0.001583
-0.067539  -0.0088114 -0.00074056
-0.06652   -0.010862   0.0041003
-0.067727  -0.0083597   0.0012966
-0.067721  -0.0089954  -0.0024004
-0.067571  -0.0081348   0.0014742
-0.068625    0.005142  -0.0018604
-0.068613   0.0053897  -0.0021032
-0.068938  -0.0024585   -0.005179
-0.068927   -0.002542  -0.0059945
-0.068914  -0.0025072  -0.0054261
-0.068777  0.00095785 -0.00016341
-0.069177  0.00095785 -0.00016341
-0.069174   0.0011314  -0.0001373
-0.068807  -0.0056293  -0.0020129
-0.068515   0.0047793  0.00077906
-0.068918   0.0047793  0.00077906
-0.068901   0.0049485  0.00077906
-0.068643  -0.0023329    0.000128
-0.068601  -0.0024952  0.00089696
-0.068621  -0.0023154  0.00066063
-0.068584   -0.006101  -0.0091347
-0.069049  -0.0032199    -0.01128
-0.068326  -0.0078066  -0.0071575
-0.068825   0.0028036  -0.0020528
-0.068259   0.0070673 -0.00010732
-0.068214   0.0072719   5.379e-05
-0.068621   0.0072719   5.379e-05
-0.067831  -0.0057556   0.0047434
-0.066872  -0.0077864    0.010488
-0.067109  -0.0043629    0.014284
-0.065937  -0.0085138    0.010824
-0.066168  -0.0048158    0.015123
-0.067261  0.00061376    0.015704
-0.068149  0.00061375    0.007173
-0.067287  0.00061376    0.015708
-0.068087  -0.0022798    0.006725
-0.067987  -0.0039792    0.005999
-0.068819  -0.0037813  -0.0059051
-0.069211  -0.0037974  -0.0056759
-0.069221  -0.0037813  -0.0059051
-0.068078   0.0037016   0.0066611
-0.068176  0.00061343   0.0071758
-0.067972    0.005404   0.0058873
-0.067109    0.005591    0.014284
-0.066274  0.00058715    0.016572
-0.066247  0.00065676     0.01651
-0.069163   0.0050267  -0.0044405
-0.068023   0.0047937    0.006034
-0.068297  0.00063669    0.007279
-0.068091  -0.0025468   0.0064748
-0.068356  0.00059184   0.0072378
-0.068768  -0.0024816  -0.0020349
-0.069169  -0.0024817  -0.0020349
-0.067975  -0.0058325   0.0048359
-0.037069   0.0098638   -0.028416
-0.068099   0.0077796  0.00037482
-0.068472   0.0079272  0.00049284
-0.068508   0.0077796  0.00037482
-0.068632    0.003133   0.0010439
-0.069034    0.003133   0.0010439
-0.06903   0.0032824  0.00095632
-0.068996  -0.0032365  5.2123e-06
-0.068705   0.0020737  0.00065669
-0.069106   0.0020737  0.00065669
-0.069092   0.0022173   0.0008054
-0.043748   -0.028692   -0.017722
-0.068801  0.00078025 -0.00057182
-0.068684   0.0042134  -0.0011958
-0.068848 -0.00040073  -0.0016763
-0.06885 -0.00055761  -0.0017768
-0.069249 -0.00040074  -0.0016763
-0.056087   -0.023387   -0.032413
-0.06886   -0.002381  -0.0038566
-0.069259  -0.0024896  -0.0039808
-0.069261   -0.002381  -0.0038566
-0.063171   -0.017008   -0.032418
-0.069046   0.0051483  -0.0021609
-0.069112     0.00448  -0.0021609
-0.06633   -0.010045   -0.032416
-0.067756  0.00061371   -0.032416
-0.065943    0.013075   -0.032418
-0.068655  -0.0044844  -0.0038585
-0.066341    0.011307   -0.032416
-0.064444    0.015932   -0.032416
-0.064439   -0.014655   -0.032416
-0.061764   -0.018562   -0.032416
-0.061757    0.019854   -0.032416
-0.05839   -0.021712   -0.032416
-0.058363     0.02302   -0.032416
-0.054443   -0.024123   -0.032416
-0.048819   -0.023314   -0.032416
-0.054392    0.025448   -0.032416
-0.054069   -0.012386   -0.032416
-0.052688   -0.018448   -0.032416
-0.06812    0.008958  -0.0071279
-0.067643    0.010161  -0.0031197
-0.068562   0.0048391 -8.7652e-05
-0.068618  -0.0026661  0.00041821
-0.068649  -0.0026371  5.8022e-05
-0.068611  -0.0028631  0.00023898
-0.068715   0.0060613   -0.010309
-0.068819  0.00031707 -0.00090871
-0.068806  0.00061055 -0.00066379
-0.06754    0.010039  -0.0007436
-0.068712  -0.0036766  -0.0030561
-0.068724  -0.0034806  -0.0028903
-0.069114  -0.0036766  -0.0030561
-0.069339   0.0028037   -0.004584
-0.068035   0.0088966  -0.0071171
-0.067952   0.0096875    -0.00523
-0.067761    0.010196  -0.0031578
-0.068809  -0.0037974  -0.0056759
-0.065714     0.01501   -0.001952
-0.06652    0.012089   0.0041002
-0.066872   0.0090139    0.010488
-0.067559   0.0094951   0.0011586
-0.067714   0.0094678    0.001446
-0.06852  -0.0038278  0.00019887
-0.069025   0.0017397  -0.0058429
-0.069425   0.0017397  -0.0058429
-0.069424   0.0015272  -0.0056737
-0.066031    0.015954   -0.017566
-0.065709    0.015095  -0.0019765
-0.065116    0.016338  -0.0040638
-0.06869  -0.0040777  -0.0048178
-0.068763    -0.00386   -0.004673
-0.069067   0.0030791   0.0005615
-0.064125    0.018046  -0.0057718
-0.068882  -0.0026012  -0.0048198
-0.068876  -0.0023731  -0.0038748
-0.064167    0.018071  -0.0057531
-0.065774    0.015103  -0.0019889
-0.060281    0.023299   -0.017348
-0.062714    0.019939   -0.007005
-0.061122     0.02162  -0.0077195
-0.061181    0.021663  -0.0076942
-0.05813    0.023973   -0.008245
-0.044569  -0.0086362   -0.026416
-0.047069  -0.0086362   -0.026416
-0.06862  -0.0042959  -0.0026115
-0.068595  -0.0044579  -0.0025019
-0.068999  -0.0044579  -0.0025019
-0.05404    0.026173  -0.0083287
-0.068848   0.0018109  -0.0017193
-0.068744   0.0018608  2.6493e-06
-0.068118    0.007593  0.00064894
-0.068525    0.007593  0.00064894
-0.068495   0.0077102  0.00077906
-0.068712  -0.0036766  -0.0030561
-0.054509    0.026891   -0.017495
-0.055136    0.024596  -0.0072913
-0.055562    0.025439  -0.0083255
-0.058293    0.023986  -0.0081916
-0.068765   0.0015834 -0.00011984
-0.069166   0.0015834 -0.00011984
-0.069159   0.0017483 -7.2035e-05
-0.068842  0.00030239  -0.0013577
-0.069243  0.00030238  -0.0013577
-0.069234  0.00021559  -0.0011971
-0.053041    0.026567  -0.0085638
-0.053915    0.025913  -0.0075478
-0.054036    0.026139  -0.0083199
-0.06885  -0.0019908  -0.0030644
-0.069251  -0.0019908  -0.0030644
-0.069248  -0.0021355   -0.003193
-0.047069   0.0098638   -0.026416
-0.047069   0.0098638   -0.028416
-0.052283    0.026922  -0.0092593
-0.049414    0.028249   -0.013121
-0.051117    0.026347   -0.008704
-0.0511    0.025991  -0.0088604
-0.044515    0.028823   -0.016451
-0.068643   0.0051483  -0.0021609
-0.068554    -0.00416  -0.0010237
-0.068529    -0.00416 -0.00057856
-0.068932    -0.00416 -0.00057856
-0.068983   0.0053439  -0.0013988
-0.068901   0.0030031  -0.0039193
-0.069334   0.0026777  -0.0043105
-0.069302   0.0030031  -0.0039194
-0.052184    0.025643  -0.0077972
-0.068411  -0.0056985  -0.0023098
-0.068851   0.0021216  -0.0019963
-0.068821   0.0028834  -0.0020647
-0.068568  -0.0046221  -0.0023926
-0.06853   -0.004857  -0.0022542
-0.068934   -0.004857  -0.0022542
-0.067831   0.0069831   0.0047434
-0.068953   0.0024651  -0.0045578
-0.069353   0.0024651  -0.0045578
-0.069334   0.0026777  -0.0043105
-0.068832   -0.002177   -0.003255
-0.068858  -0.0017938   -0.002976
-0.068878  -0.0011093  -0.0027225
-0.069279  -0.0011093  -0.0027225
-0.068038   0.0070404   0.0048036
-0.068757  -0.0029633  -0.0024793
-0.068568   0.0055827  -0.0017219
-0.068956   0.0056092  -0.0014919
-0.066165   0.0061086    0.015092
-0.065917   0.0097002    0.010796
-0.065961   0.0098215    0.010879
-0.060401    0.021446   -0.032416
-0.068651   0.0062162  -0.0053563
-0.069042   0.0062553  -0.0051611
-0.068841  -0.0028844    -0.00431
-0.069233  -0.0030552  -0.0044281
-0.069243  -0.0028844    -0.00431
0.07527  -0.0063366   -0.028415
-0.068848  -0.0021838  -0.0032783
-0.068831  -0.0030552  -0.0044281
-0.068823  -0.0031949  -0.0045212
-0.069225  -0.0031949  -0.0045212
-0.06834  -0.0059518  -0.0018645
-0.068688  -0.0062478  -0.0017293
-0.068746  -0.0059518  -0.0018645
-0.03406    0.030267   -0.023645
-0.039368    0.030162   -0.021391
-0.047067    0.025738   -0.032416
-0.052194    0.020612   -0.032416
-0.054069    0.013614   -0.032416
-0.068819  -0.0022259  -0.0027153
-0.068851   0.0037027   -0.003798
-0.069252   0.0037027   -0.003798
-0.068688  -0.0037393   -0.002708
-0.068649  -0.0040965   -0.002708
-0.069052  -0.0040965   -0.002708
-0.023126   -0.025751   -0.024867
-0.03407    -0.02539   -0.028417
-0.034064   -0.025932   -0.022819
0.0088526   -0.025336   -0.028416
-0.068696  -0.0042875  -0.0042228
-0.069099  -0.0042875  -0.0042228
-0.069083  -0.0043543  -0.0040503
-0.068519   0.0053955  -0.0004243
-0.068544   0.0053599 -0.00079486
-0.068922   0.0053955  -0.0004243
-0.068563   0.0053599  -0.0011307
-0.06858   0.0053439  -0.0013988
-0.068966   0.0053599  -0.0011307
-0.037069   -0.025811   -0.023416
-0.039538   -0.025959   -0.020019
-0.034062   -0.025895   -0.022816
-0.034073   -0.025394   -0.028416
-0.03387   -0.026393    -0.02235
-0.068626  -0.0046098  -0.0035571
-0.012171   -0.025963   -0.022852
-0.068865   -0.000252  -0.0019496
-0.069261 -0.00011528  -0.0018049
-0.022661   -0.026223   -0.024409
-0.012161   -0.025942   -0.022832
-0.0032462   -0.026385   -0.017565
-0.069114  -0.0036766  -0.0030561
-0.068807 -0.00071252  -0.0010308
-0.068814 -0.00092537  -0.0012755
-0.068431  -0.0055428  -0.0023035
-0.068993   0.0018976  -0.0050975
-0.069023   0.0018602  -0.0059048
-0.003524   -0.026887   -0.017231
-0.0032392   -0.026375   -0.017564
0.00085991   -0.025586   -0.013417
-0.0031768   -0.026398   -0.017599
-0.0035173   -0.026702   -0.017217
-0.068254   0.0068722  0.00050935
-0.068175   0.0073973  0.00073042
-0.068132   0.0076278  0.00032285
-0.06854   0.0076278  0.00032279
-0.068716  -0.0040305  -0.0040053
0.00092231   -0.025603   -0.013338
0.021518   -0.026372   -0.017736
-0.003148   -0.026373   -0.017596
0.050935   -0.025328   -0.028415
0.049639   -0.026336   -0.018053
0.017396   -0.023743  -0.0078233
0.049254    -0.02637   -0.018038
-0.068895  9.0419e-05    -0.00246
-0.068884  0.00019365  -0.0022008
-0.068891  0.00029633  -0.0023228
0.0046646   -0.024364  -0.0074907
-0.068715  -0.0017268  -0.0012134
-0.068711  -0.0017243 -0.00075105
-0.068776  -0.0014203  -0.0009636
0.0054481   -0.024211  -0.0069781
0.006742   -0.024106  -0.0068039
-0.068844  -0.0024463   -0.003583
-0.06912  -0.0019931 -0.00048682
0.027335   -0.023077  -0.0081099
0.037385   -0.024176   -0.012544
-0.068612  -0.0026019  0.00060543
-0.069014  -0.0026019  0.00060543
-0.069007  -0.0025576  0.00076624
0.050933   -0.026365    -0.01823
-0.068912   0.0030727  -0.0042976
-0.069295   0.0032644  -0.0041321
-0.069313   0.0030727  -0.0042976
-0.06871   0.0028779    1.04e-06
-0.068724   0.0030277 -0.00039807
-0.068726   0.0028568 -0.00025991
-0.069091  -0.0037393   -0.002708
0.056182   -0.025848   -0.018805
0.050947   -0.025478   -0.028414
0.050932   -0.026415   -0.018235
0.038398   -0.024518   -0.013033
0.05506   -0.025976     -0.0187
0.049298    -0.02651   -0.017967
-0.068721   0.0055625  -0.0050072
0.051348    -0.02618   -0.028415
-0.037066   -0.025359   -0.028416
0.050931   -0.025325   -0.028415
0.053609   -0.026046   -0.028415
0.05488   -0.024967   -0.028415
-0.068827   -0.001002  -0.0016064
-0.069395   0.0021347  -0.0053265
-0.0070743   -0.026386   -0.028416
-0.068942  -0.0024052  -0.0060177
-0.069419   0.0014187  -0.0054915
-0.068435  -0.0054265  -0.0020321
-0.06884  -0.0054265  -0.0020322
-0.068845  -0.0015275  -0.0024284
-0.068839  -0.0016923  -0.0024767
-0.06924  -0.0016923  -0.0024767
-0.06913   0.0057648  -0.0057823
-0.068729  -0.0025584  -0.0013914
-0.068779  -0.0020883  -0.0017014
-0.068724  -0.0027012   -0.001511
-0.068091   0.0078186  0.00039228
-0.068005    0.007983   0.0012102
-0.067966   0.0082795  0.00087955
-0.068702  -0.0035848  -0.0026501
0.071391   -0.017088   -0.028415
0.075937   -0.012649   -0.028415
0.076039   -0.013425   -0.024474
0.076263   -0.013746   -0.019552
0.075853   -0.012857   -0.028416
-0.068652  -0.0023564  0.00023487
-0.068637  -0.0023564  0.00049624
-0.069038  -0.0023564  0.00049624
-0.068761  -0.0024856  -0.0019027
-0.06915  -0.0026803  -0.0019471
-0.069162  -0.0024856  -0.0019027
-0.069182   0.0033077  -0.0017462
0.071064   -0.015532   -0.028415
0.066127   -0.020726   -0.028415
-0.069156   0.0034973  -0.0014785
0.076203   -0.013778   -0.019544
0.069419   -0.018774   -0.028418
0.068076    -0.02088   -0.019338
0.07578   -0.012917   -0.028416
0.060285   -0.023548   -0.028415
0.061553   -0.023644   -0.028415
0.062437   -0.022612   -0.028415
-0.068814   0.0032071  -0.0022869
0.064167   -0.022431   -0.028403
-0.068281  -0.0062478  -0.0017293
0.058734    -0.02402   -0.028415
0.056473   -0.025549   -0.028415
-0.068852  -0.0019712  -0.0030489
0.04584   -0.023146   -0.013679
0.059097   -0.024965   -0.018972
0.063009   -0.023444   -0.019154
-0.068806  -0.0027039  -0.0031764
0.067172   -0.021237   -0.019301
0.056438   -0.016588   -0.013882
0.071667   -0.018076    -0.01943
0.076323   -0.013522   -0.019616
-0.068836   0.0018008  -0.0015227
-0.068705   0.0033337 -0.00039718
-0.06868   0.0032385  0.00013557
-0.068683   0.0034541  -0.0001348
0.064461    0.023175   -0.028415
0.061562    0.026108   -0.028415
0.056455    0.026782   -0.028415
0.053222    0.027405   -0.028415
0.052978     0.02698   -0.028415
0.055648    0.027034   -0.028422
-0.068761   0.0040542  -0.0024432
-0.069148   0.0041584  -0.0023086
-0.069163   0.0040542  -0.0024432
0.062263    0.026841   -0.018803
0.059035    0.026619   -0.028415
0.067176    0.024618   -0.028415
-0.068812  -0.0038778  -0.0060217
0.07456    0.021604   -0.019485
0.073721    0.021156   -0.028415
0.07081    0.017109   -0.028415
0.078868    0.016903   -0.019655
0.078393    0.016077   -0.028415
0.078499    0.015859   -0.028415
0.078407    0.015555   -0.028412
0.07881    0.016794   -0.019648
0.078003    0.016144   -0.028388
-0.068982   0.0016562  -0.0046283
-0.068982   0.0014977  -0.0045502
-0.068628   0.0061946  -0.0047006
-0.068639   0.0062607   -0.005208
-0.068995   0.0013532  -0.0048145
-0.069004   0.0013315   -0.005053
-0.069395   0.0013532  -0.0048145
0.058408    0.020897   -0.014141
0.076272    0.019869   -0.019552
0.078878    0.016546   -0.019714
0.065467    0.010454   -0.014409
0.07291    0.022563   -0.019406
0.065644    0.025802   -0.019009
-0.068718  -0.0019931 -0.00048682
0.047369    0.024855   -0.013301
0.058346    0.027231    -0.01854
0.050931    0.027078   -0.028418
0.050931    0.027624   -0.018066
0.049587    0.027627   -0.018011
-0.06853   -0.004857  -0.0022542
-0.0689  -0.0050661  -0.0021577
-0.034053    0.026923   -0.028428
0.050932    0.027126   -0.028427
0.05093    0.027628   -0.018053
-0.068692  -0.0034676  -0.0022149
-0.069094  -0.0034676  -0.0022149
-0.069073  -0.0036245  -0.0021063
-0.068776   0.0018203 -0.00047639
-0.045069  -0.0086362   -0.028416
0.049931    0.027614   -0.028415
0.0083587    0.026941   -0.028415
0.035774    0.020829  -0.0024117
-0.068771  -0.0036733  -0.0043838
-0.068805  -0.0035274  -0.0048495
-0.068629  -0.0039285  -0.0019325
-0.068641  -0.0037497  -0.0017973
-0.068855   -0.002381  -0.0037511
-0.069257   -0.002381  -0.0037511
-0.069245  -0.0024463   -0.003583
-0.068852  -0.0026479  -0.0041266
-0.069254  -0.0026479  -0.0041266
-0.06877   0.0013751  -0.0001373
-0.069171   0.0013751  -0.0001373
-0.068457  -0.0055447  -0.0028231
-0.068457  -0.0054884  -0.0026533
-0.068813   0.0043579  -0.0041362
-0.069203   0.0045842  -0.0043411
-0.069215   0.0043579  -0.0041363
-0.069346  -0.0019422  -0.0052619
-0.068789    0.001358 -0.00046346
-0.06878    0.001779 -0.00046346
-0.069181    0.001779 -0.00046346
0.038818    0.025811   -0.013048
-0.0022164    0.027625   -0.017629
0.030574    0.024537  -0.0080986
0.022432    0.027617   -0.017772
0.049593    0.027624   -0.018016
0.038894    0.025915   -0.013042
0.0084031    0.025541  -0.0069938
-0.002136    0.027611   -0.017655
0.025946    0.024903  -0.0080734
-0.068508  -0.0043726 -0.00067446
-0.06852  -0.0043564 -0.00084725
-0.068912  -0.0043726 -0.00067446
0.018129    0.025308  -0.0078408
-0.069201  -0.0034558  -0.0045212
-0.0042439    0.027582   -0.019113
0.0071673    0.025618  -0.0071597
0.0063074    0.025796  -0.0076788
-0.068819   0.0025308   -0.001695
0.0029431    0.026692    -0.01266
-0.068252   0.0069894  0.00021872
-0.068625   0.0071456  0.00032714
-0.069189    0.001358 -0.00046346
-0.06908  -0.0021433  2.9948e-05
0.002439     0.02722   -0.012364
-0.0021615    0.027613   -0.017661
0.0030768    0.026831   -0.012526
-0.0025225    0.028086   -0.017192
-0.0069932    0.027515   -0.020785
-0.0022411    0.027565   -0.017613
-0.010817    0.027404   -0.022564
-0.010847    0.027399   -0.022572
-0.016163    0.027265   -0.024157
-0.068953   0.0026214  -0.0047314
-0.068671  -0.0036244  -0.0021063
-0.023675    0.027165   -0.024868
-0.068514   0.0056092 -0.00080142
-0.068477   0.0058262 -0.00063655
-0.068881   0.0058262 -0.00063655
-0.068037   0.0080269  0.00059262
-0.068414   0.0081441  0.00071403
-0.068445   0.0080269  0.00059262
-0.023693    0.027131    -0.02485
-0.068886 -0.00027286  -0.0023728
-0.068892 -5.1015e-05  -0.0024126
-0.069287 -0.00027286  -0.0023728
-0.06876   0.0050267  -0.0044405
-0.034049    0.027261   -0.023026
-0.068894   0.0032644  -0.0041321
-0.037069    0.026696   -0.028416
-0.034049    0.027255   -0.023026
-0.037073    0.027232    -0.02341
-0.039722    0.027187   -0.020425
-0.043984    0.026957    -0.01744
-0.034012    0.027835   -0.022825
-0.068259   0.0070673 -0.00010732
-0.068665   0.0070673 -0.00010732
-0.033881    0.027739   -0.022576
-0.034051     0.02725   -0.023025
-0.034052    0.026765   -0.028416
-0.040069    0.027614   -0.028416
-0.037067    0.026712   -0.028416
-0.068533  -0.0043564  -0.0010845
-0.068924  -0.0043564 -0.00084725
0.034727    0.026696  -0.0066688
0.032242    0.027581  -0.0079087
0.031952     0.02665  -0.0072643
-0.06873    0.003739  -0.0013534
-0.069132    0.003739  -0.0013534
-0.069117   0.0039183  -0.0013314
0.034281    0.023334  -0.0069715
0.033156    0.023987  -0.0076486
0.03064    0.024571  -0.0080992
-0.068506  -0.0043748 -0.00063834
-0.068427  -0.0046946 -1.0344e-05
0.030614    0.024992  -0.0073892
0.025896    0.024878  -0.0080675
-0.069186  0.00062371 -0.00028482
-0.068639  -0.0026786  4.4373e-05
0.025891    0.024855  -0.0080551
0.0084305    0.025813  -0.0069374
0.0084905    0.026023  -0.0063973
0.0071379    0.025508  -0.0071335
0.0059502    0.025862  -0.0082226
0.0064951     0.02572  -0.0075676
0.0054983    0.026334  -0.0078693
0.0054631    0.026321  -0.0078554
-0.068666  -0.0035566  -0.0018829
-0.068643  -0.0037345  -0.0017969
-0.069046  -0.0037345  -0.0017969
-0.068784   -0.001504  -0.0011978
-0.069185   -0.001504  -0.0011978
-0.069175   -0.001701  -0.0011978
-0.068504   0.0051818  0.00025811
-0.06879  -0.0017894  -0.0016079
-0.068646   0.0035129   0.0004315
-0.068724  -0.0034806  -0.0028903
-0.068734  -0.0033149  -0.0027623
-0.069126  -0.0034806  -0.0028903
-0.068698   -0.004572   -0.005145
-0.068715  -0.0045079  -0.0053603
-0.069102   -0.004572   -0.005145
-0.068716   0.0040225  -0.0015006
-0.069118   0.0040225  -0.0015006
-0.045069   0.0098638   -0.028416
-0.068833   0.0002156  -0.0011971
0.071662   0.0045468   -0.028415
0.06934   0.0042842    -0.01545
0.071662   0.0045468   -0.016297
0.071668   0.0045085   -0.028415
0.072198   0.0047739    -0.01649
-0.068743  -0.0019406  -0.0014612
0.067601   0.0028299   -0.014757
-0.068462  -0.0045696  -0.0003039
-0.068418  -0.0048258 -0.00013659
-0.068685  -0.0025804 -0.00062409
-0.068722   -0.002295 -0.00090859
-0.068699  -0.0025236 -0.00078842
0.066766  0.00077212   -0.028414
0.066931  0.00061331   -0.014475
0.06693  0.00061342   -0.014477
0.067481  -0.0014093   -0.014744
0.064406  -0.0073395   -0.014203
0.066929  0.00061344   -0.014481
0.067532  -0.0017656   -0.014814
-0.068828  -0.0020228  -0.0026257
-0.068793   0.0011101 -0.00048068
0.049104    0.012678  -0.0072376
0.072067   0.0046826   -0.016547
0.050957   0.0006126   -0.007154
0.036099    0.019947  -0.0040314
0.035227    0.022324  -0.0059899
0.078736    0.016561   -0.019616
0.078701    0.016073   -0.023658
0.075504    0.010535   -0.017929
0.078814    0.016268   -0.019563
0.078401    0.015553   -0.028415
0.072186   0.0047884   -0.016488
-0.068803   0.0050791  -0.0056783
-0.069191   0.0052441  -0.0057823
-0.068775   0.0039805   -0.002608
0.072187   0.0047883   -0.028415
0.049425  -0.0057234   -0.007016
0.050944  0.00061265  -0.0071472
-0.068702  -0.0023187 -0.00057605
-0.068721  -0.0021688 -0.00073681
-0.068965  -0.0020986  -0.0055315
-0.068959  -0.0019536  -0.0056861
-0.068638   0.0062553  -0.0051611
-0.069035   0.0062553  -0.0049789
0.036148  0.00061244   0.0018074
0.036155   0.0073976   0.0012871
0.036173    0.012247  9.1639e-05
-0.068563   0.0043707  0.00065323
-0.068842 -7.4716e-05  -0.0014414
-0.068853  5.1847e-05  -0.0015956
-0.068701  -0.0043077  -0.0044124
-0.068693  -0.0044149  -0.0045399
-0.069097  -0.0044149  -0.0045399
-0.068746   0.0041584  -0.0023086
-0.068593   0.0055986  -0.0016697
-0.068847  -0.0021355   -0.003193
0.033098    0.023941  -0.0076613
0.035252    0.022249  -0.0059593
0.030984    0.025007  -0.0075162
0.030886     0.02451  -0.0081036
0.036151  -0.0017841   0.0016402
-0.068948   0.0053599 -0.00079486
0.035931  -0.0018392   0.0020508
0.035897  0.00061308   0.0022109
0.035931   0.0074649   0.0016986
0.035931  0.00061272   0.0022198
0.036123  0.00061134   0.0017852
0.035931    0.012383  0.00049773
0.036218    0.018145  -0.0027965
-0.069194   0.0011101 -0.00048068
0.035821    0.021069  -0.0049336
-0.068402  -0.0056293  -0.0020129
0.076286   -0.013236   -0.019449
0.073993  -0.0083182   -0.017839
0.071818  -0.0036535   -0.016503
-0.068803   0.0021424  -0.0014829
0.07612    -0.01288    -0.02444
-0.068477   0.0058262 -0.00063655
-0.068854   0.0059954 -0.00055847
-0.068771  -0.0022994  -0.0018388
0.075867   -0.012336   -0.028415
0.071818  -0.0036535   -0.028415
0.071703  -0.0034579   -0.016392
-0.068999  -0.0015286  -0.0061667
-0.068981  -0.0016039  -0.0057655
-0.069001    -0.00137  -0.0060132
-0.068844 -0.00020776  -0.0015155
-0.069245 -0.00020777  -0.0015155
-0.06878   0.0021797 -0.00069675
-0.069165   0.0021797 -0.00040111
-0.069181   0.0021797 -0.00069675
0.03083   -0.022705   -0.008169
0.029877   -0.022814  -0.0081223
-0.068898  -0.0022046  -0.0044734
-0.06893  -0.0018417  -0.0047086
0.03222   -0.022286  -0.0080304
0.033932   -0.020984  -0.0072638
0.035728    -0.01738  -0.0051554
0.034919   -0.019521  -0.0063745
-0.068178   0.0074194  0.00020566
-0.068585   0.0074194  0.00020566
0.036139   -0.014872  -0.0036726
-0.068457  -0.0052924   -0.002056
-0.068559  -0.0047973    -0.00268
-0.068858  -0.0024896  -0.0039808
0.069067  -0.0029248   -0.015452
-0.068696  -0.0028054  -0.0011525
-0.068696  -0.0028904  -0.0012732
-0.068087   0.0077102  0.00077906
0.071317  -0.0033671   -0.016302
0.071317  -0.0033671   -0.028415
0.071851  -0.0036208   -0.016505
0.071846  -0.0036265   -0.028415
-0.068882  -0.0022562  -0.0041707
-0.069283  -0.0022562  -0.0041707
-0.069173   -0.001993  -0.0014741
0.03095   -0.023123  -0.0074216
0.030855   -0.022699  -0.0081666
-0.069404   0.0013315   -0.005053
0.033926   -0.020959  -0.0072584
-0.068545  -0.0047669  -0.0022993
-0.069022   0.0019351   -0.005921
-0.069015   0.0021651  -0.0059426
-0.069416   0.0021651  -0.0059426
-0.06903    -0.00384  -0.0017107
-0.069405   0.0024601  -0.0059426
-0.068972  -0.0046221  -0.0023926
-0.069045   0.0051483  -0.0021609
0.036156  -0.0072418  0.00025609
-0.068618   0.0037241  0.00062039
-0.068945  -0.0020347  -0.0054106
-0.068791  -0.0017894  -0.0016079
-0.069183  -0.0017532  -0.0013908
-0.068686   0.0026374  0.00060883
-0.069076   0.0028504  0.00060883
-0.069087   0.0026374  0.00060883
0.035931  -0.0094264 -0.00020853
0.036166  -0.0060275  0.00064656
0.036182  -0.0092504 -0.00060484
0.035931   -0.013707  -0.0024151
0.036179   -0.013466  -0.0028307
0.035931   -0.006158   0.0010497
-0.06845   0.0059954 -0.00055847
-0.06868  -0.0043543  -0.0040503
-0.068574   0.0044286   0.0003843
-0.068552   0.0046455  0.00040397
-0.068955   0.0046455  0.00040397
-0.068712   0.0023452  0.00038019
-0.0691   0.0024753  0.00051424
-0.069113   0.0023452  0.00038019
-0.069172  -0.0022994  -0.0018388
-0.068607   0.0040777  0.00035277
-0.06859   0.0042788  0.00035277
-0.068992   0.0042788  0.00035277
-0.068498   0.0054191 -0.00011686
-0.068902   0.0054191 -0.00011686
-0.069136    0.004254  -0.0022261
-0.068229  -0.0067049  -0.0023669
-0.068063   0.0079272  0.00049284
-0.069104  -0.0035848  -0.0026501
-0.068841  -0.0028844    -0.00431
0.0037028   -0.024945  -0.0078115
0.0047459   -0.024342  -0.0074274
0.0041939    -0.02452   -0.008155
0.0037028   -0.024982  -0.0078065
-0.068835   0.0025779  -0.0020354
0.0054295   -0.024111  -0.0069465
0.025879   -0.023145  -0.0080919
0.0068357   -0.024584  -0.0061905
0.0068504   -0.024607  -0.0062386
-0.068495  -0.0050661  -0.0021577
-0.068865  -0.0052721  -0.0020644
0.025885   -0.023122  -0.0080916
0.029919    -0.02324  -0.0073599
0.029878   -0.022818   -0.008122
-0.065309  -0.0079178    -0.01728
-0.06607  0.00061373   -0.017268
-0.065697  0.00061375 -0.00059137
-0.064014   0.0092214    0.010481
-0.06404  -0.0083696   -0.028416
-0.065333   -0.008028   -0.017284
-0.065095   0.0006156   -0.028416
-0.065621    0.006796   -0.017275
-0.065068    0.010163   -0.017285
-0.063954  -0.0079635    0.010495
-0.064199  0.00061377    0.016022
-0.06402   0.0056442    0.014537
-0.062411   -0.013512  -0.0018228
-0.063397   -0.010356   0.0050903
-0.068976   0.0044286   0.0003843
-0.064011  -0.0045323    0.014461
0.075491   0.0065199   -0.028415
-0.061746   -0.016029   -0.017329
-0.062773   -0.014293  -0.0016154
-0.06242   -0.013546  -0.0018928
-0.063689  -0.0078165    0.010526
-0.061795   -0.014699  -0.0038332
-0.069059  -0.0044844  -0.0038585
-0.060797   -0.016177  -0.0054314
-0.062293   -0.013564  -0.0018845
-0.060691   -0.016244  -0.0054797
-0.059297   -0.017882  -0.0066445
-0.055544   -0.021755   -0.017397
-0.057218    -0.01965   -0.007436
-0.069023   0.0015272  -0.0056737
-0.057331   -0.019547  -0.0073905
-0.054537   -0.021305  -0.0078412
-0.068785  0.00062027 -0.00028655
-0.051138   -0.022772  -0.0080242
-0.0689  -0.0044167 -0.00055716
-0.048761   -0.024554   -0.017452
-0.068547  -0.0048716   -0.002635
-0.068951  -0.0048716  -0.0026351
-0.068927   -0.005019  -0.0025502
-0.068631   0.0037534  0.00038024
-0.068607   0.0040777  0.00035277
-0.069009   0.0040777  0.00035277
-0.068652  -0.0050786  -0.0057715
-0.049603   -0.023396  -0.0092575
-0.05016   -0.023149  -0.0085669
-0.050929   -0.022848   -0.008114
-0.050046   -0.023155  -0.0086491
-0.049408   -0.024022  -0.0090285
-0.05089    -0.02329  -0.0075327
-0.068942  -0.0018065  -0.0049848
-0.047188   -0.024457   -0.012996
-0.043003   -0.025793   -0.017488
-0.042801   -0.026064   -0.017213
-0.049282    -0.02386  -0.0089571
-0.043025   -0.025775   -0.017482
-0.068556  -0.0036501 -5.8386e-05
-0.047111   -0.024633   -0.023415
-0.051394   -0.023775   -0.017436
-0.042947   -0.025788   -0.017466
-0.069422   0.0019351   -0.005921
-0.04708   -0.024041   -0.028416
-0.068812     0.00332  -0.0023998
-0.068813   0.0034545  -0.0025993
-0.069214     0.00332  -0.0023998
-0.069192  -0.0020468  -0.0018974
-0.056478   -0.019985   -0.028415
-0.059093   -0.019089   -0.017359
-0.060663    -0.01569   -0.028416
-0.062831   -0.014111   -0.017313
-0.064677   0.0006216    0.016626
-0.064475   0.0060207    0.015098
-0.064684   0.0006039    0.016604
-0.064473  -0.0048941     0.01502
-0.063723  -0.0078577    0.010547
-0.068918   0.0056092 -0.00080142
-0.06421  -0.0084317    0.010783
-0.044569   -0.024733   -0.026416
-0.045069   -0.024438   -0.028416
-0.043225   -0.026026   -0.028416
-0.042082   -0.024914   -0.028416
-0.045932   -0.025099   -0.028416
-0.047069  -0.0086362   -0.028416
-0.044565   -0.024773   -0.026416
-0.045074   -0.024484   -0.028415
-0.044572   -0.024761   -0.026415
-0.039569   -0.025377   -0.026416
-0.039069   -0.025212   -0.028416
-0.040194   -0.026377   -0.028416
-0.06846  -0.0052721  -0.0020644
-0.069396   0.0016743  -0.0050096
-0.06858  -0.0032591  0.00097403
-0.068509  -0.0035026  0.00095322
-0.064776    0.005854   -0.028416
-0.065095  0.00061651   -0.028416
-0.064193   0.0095351   -0.028416
-0.034061   -0.025874    -0.02277
-0.042929   -0.025867   -0.017446
-0.06876   0.0029772 -0.00098333
-0.037069   -0.025332   -0.028417
-0.037069  -0.0086362   -0.026416
-0.037069   -0.025818   -0.023416
-0.037069   -0.025324   -0.028416
-0.069004   0.0024601  -0.0059426
-0.037069    0.027139   -0.023416
-0.047069   -0.024477   -0.023416
-0.042267   -0.025368   -0.023416
-0.042069  0.00061381   -0.023416
-0.042268    0.026672   -0.023416
-0.047069   -0.023998   -0.028416
-0.047069   -0.024482   -0.023416
-0.047069    0.025761   -0.023416
-0.047069    0.025309   -0.028416
-0.047069   -0.024003   -0.028416
-0.048389   -0.023645   -0.028416
-0.052567   -0.018693   -0.028416
-0.054941   -0.020857   -0.028416
-0.04776   -0.024121   -0.028424
-0.068576  -0.0069785  -0.0022543
-0.055164    0.021997   -0.028416
-0.058091   -0.018538   -0.028416
-0.054069    0.013614   -0.028416
-0.054069   -0.012386   -0.028416
-0.058476    0.019447   -0.028416
-0.060992    0.016491   -0.028416
-0.063662    0.010964   -0.028416
-0.05944    0.018965  -0.0065599
-0.059553     0.01999    -0.01736
-0.058656    0.019821  -0.0086807
-0.068768  -0.0019096  -0.0013046
-0.059414    0.019864   -0.017359
-0.063383      0.0144   -0.017302
-0.059354    0.019864   -0.017863
-0.05616    0.019864   -0.018333
-0.059431    0.019864   -0.017169
-0.053348    0.019864   -0.016755
-0.068629   0.0032815  0.00095692
-0.069027   0.0034854  0.00079199
-0.052896    0.019864   -0.010663
-0.05867    0.019864  -0.0086795
-0.052083    0.019864   -0.013785
-0.057379    0.020759  -0.0073964
-0.0556    0.022033  -0.0086368
-0.055444    0.019864   -0.008688
-0.053481    0.023049  -0.0079114
-0.053259    0.023383   -0.010178
-0.052253    0.023605  -0.0082684
-0.052131    0.024113   -0.012634
-0.051355    0.024039  -0.0091473
-0.052444    0.024255   -0.015316
-0.069104  -0.0043077  -0.0044124
-0.054072    0.023692   -0.017418
-0.054205    0.023979   -0.017426
-0.068683  -0.0045447  -0.0046675
-0.069086  -0.0045447  -0.0046675
-0.056524    0.021236   -0.028416
-0.054107     0.02386    -0.01742
-0.056874    0.021888   -0.018412
-0.048609    0.025326   -0.012994
-0.044089    0.026839   -0.017496
-0.044013    0.026858   -0.017481
-0.047075    0.025332   -0.028415
-0.068842   0.0038242   -0.003798
-0.069233   0.0040021  -0.0038804
-0.069243   0.0038242   -0.003798
-0.044065     0.02686   -0.017501
-0.069251 -0.00055762  -0.0017768
-0.052169    0.024066  -0.0077452
-0.052252    0.023623  -0.0082731
-0.043754     0.02731   -0.017042
-0.051122    0.024434  -0.0088808
-0.051097    0.024508   -0.008839
-0.053433    0.022932  -0.0078661
-0.068774   0.0011314  -0.0001373
-0.068727  -0.0017933 -0.00044534
-0.069129  -0.0017933 -0.00044534
-0.061004    0.017127  -0.0051786
-0.068519  -0.0035598  0.00070163
-0.068546  -0.0035598  0.00027153
-0.068948  -0.0035598  0.00027153
-0.057269     0.02075  -0.0073811
-0.06098    0.017085  -0.0051282
-0.062401    0.014757  -0.0018626
-0.068674  -0.0046737  -0.0048493
-0.0628    0.015495  -0.0016221
-0.064203   0.0096232    0.010779
-0.062361    0.014711  -0.0019125
-0.062858    0.015405   -0.001746
-0.062389    0.014772  -0.0018874
-0.06329    0.012063    0.004041
-0.064125   0.0090313    0.010495
-0.068922  -0.0035598  0.00070163
-0.068528  -0.0041378 -0.00051466
-0.064195   0.0096788    0.010801
-0.063723   0.0090853    0.010547
-0.068349   0.0064903 -6.7565e-05
-0.045069    0.025755   -0.028416
-0.044569    0.026038   -0.026416
-0.068552   0.0046455  0.00040397
-0.068937   0.0048269  0.00038817
-0.044565     0.02608   -0.026416
-0.039569    0.026711   -0.026416
-0.068799   0.0029843  -0.0017304
-0.068814   0.0026649  -0.0017107
-0.0692   0.0029843  -0.0017304
-0.04457    0.026055   -0.026414
-0.045069    0.025754   -0.028416
-0.039073    0.026589   -0.028413
-0.044352    0.026942   -0.028416
-0.042081    0.026246   -0.028416
-0.047069    0.025305   -0.028416
-0.068933   0.0026777  -0.0043105
-0.039069    0.026561   -0.028416
-0.068491   0.0054198 -3.9312e-05
-0.039069    0.026563   -0.028416
-0.068797  0.00096251 -0.00051537
-0.069197  0.00096251 -0.00051537
-0.048204    0.025003   -0.028416
-0.068787   0.0021684 -0.00075469
-0.069215   0.0034545  -0.0025993
-0.068965   0.0024912  -0.0049007
-0.069353   0.0026214  -0.0047314
-0.037069    0.026687   -0.028416
-0.068819   0.0029902  -0.0021265
-0.05252    0.020013   -0.028416
-0.048222    0.024994   -0.028416
-0.068699   0.0024753  0.00051424
-0.046648    0.026377     -0.0284
-0.068474  -0.0040947  0.00047251
-0.039915   -0.026399   -0.028416
-0.039913   -0.026386   -0.032416
-0.043226   -0.026038   -0.032416
-0.039913   -0.026386   -0.028416
0.050931   -0.026187   -0.028415
0.050931   -0.026208   -0.032415
-0.0070744   -0.026365   -0.032416
-0.068648   0.0028076    0.001083
-0.068468   0.0053217   0.0005708
0.056487   -0.025629   -0.028415
0.050936   -0.026283   -0.032415
0.050931   -0.026208   -0.028415
-0.068785  -0.0014348  -0.0011515
0.074773  -0.0081979   -0.028414
-0.068823 -0.00072605  -0.0013446
-0.068829 -0.00055678   -0.001375
-0.069223 -0.00072606  -0.0013446
0.075931   0.0016142   -0.028415
-0.068645   0.0035129   0.0004315
-0.069033   0.0037534  0.00038024
0.076075 -0.00039433   -0.028409
0.075892   0.0016072   -0.028386
0.075165   0.0082628   -0.028419
-0.068545  -0.0035652  0.00024214
-0.069252   0.0020613  -0.0019608
0.025931    0.027119  -0.0074152
0.025931    0.025382  -0.0074152
0.030931    0.026785  -0.0074151
0.018179    0.025791  -0.0072149
0.025931    0.025375  -0.0074152
-0.068421  -0.0055987  -0.0022925
0.030931    0.024971  -0.0074151
0.03089    0.024553  -0.0078723
0.030931    0.024971  -0.0074151
0.030615       0.025  -0.0074151
0.030576     0.02457  -0.0079168
-0.068745   0.0022032 -8.4969e-05
-0.068732   0.0022032  0.00013581
-0.069133   0.0022032  0.00013581
0.031874    0.026656  -0.0073153
0.030931    0.026779  -0.0074151
0.030931    0.024971  -0.0074151
0.033024     0.02442  -0.0069561
-0.069057    0.004902  -0.0018766
0.031003    0.027727  -0.0079921
0.02599    0.028092  -0.0079049
0.030931    0.026786  -0.0074129
0.018741    0.027453   -0.007243
-0.068764   0.0021797 -0.00040111
0.025941    0.027372   -0.007607
-0.068907  -0.0026714  -0.0055872
-0.068622  -0.0065631  -0.0015974
0.030843   -0.022642  -0.0081666
0.029923   -0.023267  -0.0074151
0.030932   -0.023131  -0.0074145
0.032203   -0.022674  -0.0072508
0.030931   -0.023125  -0.0074151
0.030932   -0.025077  -0.0073163
0.030932   -0.025054  -0.0074151
0.030929   -0.023142  -0.0074151
0.025931   -0.023648  -0.0074152
0.029871   -0.022764  -0.0081214
-0.068774   -0.001701  -0.0011978
0.025931   -0.025455  -0.0074152
0.01705   -0.025962  -0.0071522
0.025931   -0.023644  -0.0074152
0.017456   -0.024219  -0.0071758
-0.068457    0.005613  0.00016662
0.025932   -0.023654  -0.0074075
-0.068563  -0.0031689  0.00061747
-0.068768    0.005131  -0.0049181
-0.06876   0.0052744  -0.0051186
-0.069163   0.0052744  -0.0051186
-0.069056  -0.0037531   -0.002026
0.031019   -0.026001  -0.0079987
0.031608   -0.024964  -0.0073241
0.030933    -0.02505  -0.0074321
0.033973    0.025789  -0.0063835
0.034105    0.023707  -0.0062787
-0.068748  -0.0031327   -0.002701
0.033297    0.024315  -0.0068488
0.034795    0.024971  -0.0055878
0.034991    0.022613  -0.0053336
0.035471    0.021636  -0.0045509
0.035525    0.023479  -0.0042943
0.035638    0.021024  -0.0041104
-0.068108   0.0076326  0.00066808
-0.0692   0.0029843  -0.0017304
0.035931    0.020804  -0.0024151
0.035931    0.018399  -0.0024151
0.035931    0.014462   0.0012886
-0.069146   0.0022032 -8.4969e-05
-0.068498   0.0049485  0.00077906
-0.068716   0.0039183  -0.0013314
-0.068815   0.0035198  -0.0027343
-0.068823   0.0035198  -0.0029035
-0.069217   0.0035198  -0.0027343
-0.068625   0.0034854  0.00079199
-0.069346  -0.0020347  -0.0054106
0.035413    0.023697   -0.004376
0.035862    0.020811  -0.0023978
0.035931   -0.016415  -0.0024151
0.035504   -0.017675  -0.0045192
0.035931    -0.01087  0.00072172
-0.069205   0.0050791  -0.0056783
0.036098   -0.015864  -0.0041531
0.035576   -0.017355   -0.004349
0.036   -0.013712  -0.0024113
0.035415   -0.020549  -0.0046462
-0.068798   0.0021325 -0.00098452
0.036198   -0.013472  -0.0028234
-0.068725   0.0055262  -0.0049659
0.033946   -0.021122  -0.0063374
0.034055   -0.021059  -0.0063742
-0.069092   0.0057865  -0.0048574
0.034542   -0.022672  -0.0058737
0.035186   -0.018834  -0.0060468
0.032629   -0.024612  -0.0071183
0.033643    -0.02387  -0.0066159
-0.068805  -0.0003705 -0.00083247
-0.068806  -0.0006308 -0.00097987
-0.069205 -0.00037051 -0.00083247
0.031613    -0.02495  -0.0073684
-0.068704  -0.0027443  -0.0011962
0.035255   -0.021025  -0.0049265
0.035793    -0.01897  -0.0038339
-0.069284   0.0033642  -0.0040192
-0.068713   0.0040559  -0.0015037
0.035885     0.01839  -0.0024266
0.035931   0.0014444    0.003717
-0.069167   0.0035561  -0.0017699
0.035931   -0.001795   0.0035426
-0.069366   0.0024912  -0.0049007
0.035926    -0.01088  0.00072643
0.03572   -0.016454  -0.0023655
0.035931  -0.0043988   0.0046424
0.035931  0.00061357   0.0036962
0.036083   0.0055933   0.0034296
0.035931   0.0066477   0.0048718
0.036021    0.014569   0.0012356
0.0084793     0.02603  -0.0063968
0.025931    0.025598  -0.0078393
0.0084793    0.027665  -0.0063968
0.0067347    0.026129  -0.0066783
0.0065626    0.026105  -0.0066465
-0.069219   -0.002256  -0.0027223
-0.068556   0.0053344  -0.0014317
0.0066088    0.027749  -0.0067337
0.0068309   -0.026251  -0.0061945
0.0068309   -0.024593  -0.0061945
0.0048985    -0.02636  -0.0065248
0.0050081   -0.024725   -0.006498
-0.068909  -0.0027671  -0.0058351
0.0037655   -0.026573  -0.0078287
0.0037655   -0.025009  -0.0078287
0.00052841   -0.026098   -0.012957
0.0047745     -0.0247  -0.0064645
-0.068605  -0.0025576  0.00076624
-0.068708   0.0068503 -0.00023309
-0.069207  -0.0006308 -0.00097987
0.00051151   -0.027675   -0.012962
0.00044891   -0.026111   -0.013043
-0.0030272   -0.028378   -0.016697
-0.0035371   -0.026875   -0.017187
-0.069009   0.0040777  0.00035277
-0.0078246   -0.028135   -0.020254
-0.011534   -0.026493    -0.02211
-0.014471   -0.027846   -0.023157
-0.02166   -0.026258   -0.024477
-0.016986   -0.026318   -0.023793
-0.023925   -0.027708   -0.024404
-0.036165   -0.027958   -0.021639
-0.037142   -0.026486   -0.021039
-0.069047   0.0035129   0.0004315
-0.068679  -0.0021433  2.9948e-05
-0.038509   -0.026474   -0.020138
-0.068684  -0.0048489  -0.0057195
-0.069064  -0.0050367  -0.0057603
-0.069088  -0.0048489  -0.0057195
-0.068832   0.0040021  -0.0038804
-0.043341   -0.027658   -0.016559
-0.04271   -0.026281   -0.017093
-0.046886   -0.024947   -0.012657
-0.049307   -0.025344  -0.0089615
-0.049307   -0.023872  -0.0089615
-0.068937  -0.0043564  -0.0010845
-0.068618  -0.0026623  0.00043264
-0.068261   0.0067513  0.00071147
-0.046627   -0.026542    -0.01299
-0.042933   -0.027717   -0.016887
-0.038009   -0.027938   -0.020431
-0.068638   0.0029942    0.001083
-0.069039   0.0029942    0.001083
-0.068534  -0.0043554  -0.0011019
-0.0028162   -0.028372   -0.016479
-0.0032658    -0.02837   -0.016951
-0.067942   0.0082411   0.0013483
-0.068824    0.004128  -0.0039498
-0.068813   0.0043579  -0.0041362
-0.069292 -5.1015e-05  -0.0024126
-0.023199    0.029127   -0.024416
-0.03389    0.027748   -0.022592
-0.023006    0.027666   -0.024416
-0.037615    0.029226   -0.021195
-0.039543    0.027682    -0.02001
-0.011615    0.029378   -0.022599
-0.012146     0.02787   -0.022555
-0.0025028    0.028111   -0.017223
-0.067936   0.0083654   0.0010481
-0.068346   0.0083654   0.0010481
0.0018975     0.02893   -0.012995
0.0025656     0.02722   -0.012245
-0.068857  -0.0017938   -0.002976
-0.069258  -0.0017938   -0.002976
-0.001887    0.029609   -0.016732
-0.069246  -0.0015275  -0.0024284
-0.068996   0.0017044  -0.0051003
-0.069226    0.004128  -0.0039498
0.0055308    0.027916  -0.0078791
0.031833    -0.02587  -0.0079379
0.0055304    0.026353  -0.0078796
-0.068977   0.0023479  -0.0050568
-0.069377   0.0023479  -0.0050568
-0.0021135    0.029612   -0.016908
-0.001742    0.029618     -0.0165
-0.068691   0.0022173   0.0008054
-0.01381    0.029292    -0.02309
-0.0069835    0.029505    -0.02023
-0.068603   0.0043911 -3.7584e-05
-0.03883    0.029185   -0.020401
-0.033706    0.029248    -0.02256
-0.043798    0.027344   -0.017093
-0.044279    0.028732   -0.016656
-0.044081    0.028757   -0.016862
-0.069225   0.0035198  -0.0029035
-0.048339    0.025813   -0.012639
-0.044469    0.028705   -0.016425
-0.044082    0.028763   -0.016861
-0.048384    0.027291   -0.012586
-0.068681  -0.0046549  -0.0049697
-0.069084  -0.0046549  -0.0049697
-0.068995   0.0026294  -0.0058819
-0.051099    0.024507  -0.0088327
-0.051099    0.025986  -0.0088328
-0.06862   0.0072719   5.379e-05
-0.053492    0.024546  -0.0073065
-0.053338    0.023672  -0.0071102
-0.051106    0.024528  -0.0088435
-0.069118  -0.0045079  -0.0053603
-0.069019  -0.0026623  0.00043264
-0.068965  -0.0035813 -4.1995e-05
-0.069054  -0.0023564  0.00023487
-0.043991    0.027448   -0.017368
-0.057042   -0.022353  -0.0073694
-0.05512   -0.023319  -0.0074161
-0.05193   -0.023319  -0.0074167
-0.055146   -0.023383  -0.0073358
-0.051931   -0.023319  -0.0074161
-0.055172   -0.023329  -0.0074161
-0.051931   -0.024662  -0.0074161
-0.069288  -0.0019826  -0.0038893
-0.051928   -0.023318   -0.007382
-0.05092   -0.023319  -0.0075913
-0.049115   -0.025359  -0.0087993
-0.050419   -0.025031   -0.007825
-0.068219   0.0071456  0.00032714
-0.051933   -0.023017  -0.0073938
-0.050915   -0.023319  -0.0075628
-0.062204    -0.01538  -0.0034968
-0.064805   -0.014256  -0.0016424
-0.06418   -0.015533  -0.0036915
-0.062816   -0.014256  -0.0016424
-0.065586   -0.011418   0.0044431
-0.067913   0.0084168   0.0012262
-0.06118   -0.016822  -0.0050184
-0.06307   -0.017212  -0.0053349
-0.059638   -0.018487  -0.0061714
-0.061326   -0.019183  -0.0065206
-0.057504   -0.020212  -0.0069213
-0.059149   -0.021012  -0.0071465
-0.054761   -0.021821  -0.0073034
-0.051934   -0.023016  -0.0074115
-0.05173   -0.022459  -0.0079501
-0.051722   -0.022428  -0.0079301
-0.050937   -0.023345  -0.0076245
-0.054368   -0.021367  -0.0078427
-0.060533   -0.017553  -0.0053816
-0.06282   -0.014267  -0.0016378
-0.063858   -0.010998   0.0053441
-0.065908  -0.0084493     0.01081
-0.064201  -0.0084495     0.01081
-0.064502  -0.0048836    0.014937
-0.068571  -0.0030667  0.00030544
-0.066124  -0.0047679    0.015012
-0.069024   -0.004296  -0.0026115
-0.066268  0.00061376    0.016584
-0.064696  0.00061377    0.016584
-0.066124   0.0059961    0.015012
-0.064511   0.0059873    0.015017
-0.06866  -0.0050367  -0.0057603
-0.065908   0.0096768     0.01081
-0.064201   0.0096768     0.01081
-0.065586    0.012646   0.0044428
-0.063747    0.012716   0.0042932
-0.069136  -0.0033149  -0.0027623
-0.069259  -0.0017938   -0.002976
-0.068781  -0.0017532  -0.0013908
-0.069266   -0.000252  -0.0019496
-0.06862  -0.0022845  0.00084826
-0.064805    0.015483  -0.0016424
-0.062816    0.015483  -0.0016423
-0.06863   0.0042682 -0.00031773
-0.064257    0.016621  -0.0035143
-0.061392    0.017778  -0.0047779
-0.06375     0.01792  -0.0044169
-0.065305    0.015652  -0.0016411
-0.063313    0.018108  -0.0050679
-0.059785    0.019573  -0.0060919
-0.060449    0.021216  -0.0068453
-0.057671    0.021325  -0.0068831
-0.061967    0.019753  -0.0061926
-0.057588    0.023265  -0.0073337
-0.053687    0.023552  -0.0073666
-0.05512    0.024546  -0.0074161
-0.05364    0.024546  -0.0074302
-0.068758   0.0017483 -7.2035e-05
-0.05346    0.022987  -0.0078875
-0.053647    0.025223  -0.0074161
-0.055136    0.024548  -0.0074161
-0.053647    0.024547  -0.0074161
-0.050972       0.026  -0.0086916
-0.06923 -0.00055679   -0.001375
-0.050984    0.024546  -0.0087085
-0.068703  -0.0046979  -0.0056989
-0.055621    0.025559  -0.0082587
-0.055122    0.024552  -0.0074217
-0.05407    0.026219  -0.0082704
-0.068684  -0.0041364  -0.0035532
-0.068252   0.0069894  0.00021872
-0.049262   -0.023888  -0.0089214
-0.069215   0.0026649  -0.0017107
-0.050873   -0.022758  -0.0080624
-0.069041  -0.0026786  4.4373e-05
0.069033   0.0043471   -0.015608
F
10   14  510
10  16  14
10   36  830
10  50  36
10  509   50
10  510  509
10  825   16
10  830  825
14   15  510
14  16  15
15  16  20
15   19  511
15  20  19
15  511  510
16  825   20
19  20  23
19   22  495
19  23  22
19  495  511
20  823   23
20  825  823
22   23  672
22   25  495
22  53  25
22  672  939
22  939   53
23  823  939
23  939  672
25   53  669
25  497  495
25  669  673
25  673  497
36   50  830
40   41  853
40   45  508
40  507   41
40  508  507
40  853   45
41  507  869
41  869  853
44  45  48
44   48  508
44  508   45
45  843   48
45  853  860
45  860  843
47  48  50
47   50  509
47  508   48
47  509  508
48  830   50
48  843  830
53  939  669
98  104  446
98  143  104
98   373  1378
98  446  373
98  1378   143
104  106  442
104  143  160
104  160  162
104  162  106
104  442  446
106  162  442
111  200  202
111  202  456
111  357  200
111  408  357
111  456  408
113  167  450
113  408  446
113  446  714
113  450  408
113   714  2147
113  1455  1650
113  1650   167
113  2147  1455
143  240  160
143   514  1448
143  1378  1449
143  1448   240
143  1449   514
151  725  726
151   726  1277
151   803  2008
151  1277   803
151  1454  2147
151  2006  2117
151  2008  2006
151  2117  1454
151  2147   725
160   240  1456
160  1245   162
160  1456  1245
162   167  2008
162  998  442
162  1245  1414
162  1414   167
162  2008   998
167  229  450
167  1414   229
167  1454  2117
167  1455  1454
167  1650  1455
167  2006  2008
167  2117  2006
200   229  1259
200  357  229
200  1259   202
202   524  1336
202  1259  1331
202  1331   524
202  1336   456
229  357  408
229  408  450
229  1414  1259
240   514  1466
240  1448   514
240  1466  1456
371  373  408
371  408  456
371   456  1363
371  1363  1364
371  1364  1369
371  1369   373
373  446  408
373  1369  1378
442   998  1629
442  1514   446
442  1629  1514
446  725  714
446  726  725
446  797  726
446  1252  1442
446  1442  1525
446  1514  1629
446  1524   797
446  1525  2278
446  1629  1252
446  2278  1524
456   524  1363
456  1336   524
495  497  513
495  513  511
497  498  514
497  514  513
497  673  914
497  914  498
498  515  514
498  897  515
498  914  929
498  929  897
506  507  523
506  523  772
506  767  507
506  772  767
507  508  525
507  524  523
507  525  524
507  767  869
508  509  525
509  510  526
509  526  525
510  511  527
510  527  526
511  513  528
511  528  527
513   514  1449
513  1378   528
513  1449  1378
514   515  1466
515  897  959
515  959  988
515  988  991
515   991  1484
515  1421  1456
515  1423  1537
515  1426  1423
515  1456  1466
515  1467  1421
515  1484  1426
515  1537  1467
523   524  1331
523  1268  1420
523  1269  1268
523  1279  1301
523  1301   772
523  1331  1269
523  1406  1279
523  1420  1422
523  1422  1406
524   525  1363
525   526  1364
525  1364  1363
526   527  1369
526  1369  1364
527   528  1369
528  1378  1369
669  890  930
669  930  673
669  938  890
669  939  938
673  895  914
673  930  895
714   725  2147
726   797  1277
744  745  748
744   748  1301
744  1279  1424
744  1301  1279
744  1424   745
745  746  748
745  751  746
745  768  751
745  1424   768
746  751  776
746  772  748
746  776  772
748   772  1301
751  757  776
751  767  757
751  768  767
757  767  776
767  768  869
767  772  776
768  777  869
768  824  861
768  861  882
768  868  881
768  881  777
768  882  868
768  1410   824
768  1424  1410
777  881  869
797  1524  2418
797  2418  2508
797  2508  1277
803   804  2008
803  1277  2508
803  2508   804
804   998  2008
804  1442   998
804  2278  1442
804  2418  2278
804  2508  2418
819  822  823
819  823  824
819  824  822
821  824  830
821  830  894
821  894  824
822  824  893
822  893  939
822  939  823
823  825  824
824  825  830
824  841  889
824  851  885
824  885  861
824  887  851
824  888  893
824  889  887
824  890  938
824  894  841
824  895  930
824  902  895
824  930  890
824  938  888
824  985  902
824  1410  1415
824  1415  1423
824  1423  1426
824  1426   985
830  841  894
830  843  841
841  843  889
843  851  887
843  853  851
843  860  853
843  887  889
851  853  885
853  861  885
853  869  882
853  882  861
868  869  881
868  882  869
888  938  939
888  939  893
895  902  914
897  902  961
897  914  902
897  929  914
897  960  959
897  961  960
902  985  961
959   960  1551
959  1551   988
960   961  1551
961   985  1551
985   988  1551
985  992  988
985  1426   992
988  992  991
991   992  1484
992  1426  1484
998  1252  1629
998  1442  1252
1245  1415  1417
1245  1417  1414
1245  1456  1415
1259  1268  1269
1259  1269  1331
1259  1410  1268
1259  1413  1419
1259  1414  1413
1259  1419  1410
1268  1410  1420
1279  1406  1424
1406  1422  1424
1410  1413  1414
1410  1414  1415
1410  1419  1413
1410  1422  1420
1410  1424  1422
1414  1417  1415
1415  1418  1421
1415  1421  1423
1415  1456  1418
1418  1456  1421
1421  1467  1537
1421  1537  1423
1442  2278  1525
1454  1455  2147
1524  2278  2418
