24 
l_shoulder_2 
V
-0.033387   -0.014713    0.037813
-0.027896   0.0057777      0.0166
-0.03507   -0.020994     0.02808
-0.035661     -0.0232      0.0166
-0.03507   -0.020994   0.0051193
-0.033386   -0.014713  -0.0046135
-0.030867  -0.0053117   -0.011117
-0.027896   0.0057775     -0.0134
-0.024925    0.016867   -0.011117
-0.022406    0.026268  -0.0046135
-0.020723     0.03255   0.0051193
-0.020132    0.034755      0.0166
-0.020723     0.03255     0.02808
-0.022406    0.026268    0.037813
-0.024925    0.016867    0.044316
-0.027896   0.0057778      0.0466
-0.030868  -0.0053115    0.044316
0.029093  -0.0094926      0.0166
0.023603   -0.029983    0.037814
0.02192   -0.036264    0.028081
0.021329    -0.03847      0.0166
0.02192   -0.036265   0.0051199
0.023603   -0.029983  -0.0046128
0.026122   -0.020582   -0.011116
0.029094  -0.0094927     -0.0134
0.032065   0.0015965   -0.011116
0.034584    0.010998  -0.0046129
0.036267    0.017279   0.0051198
0.036858    0.019485      0.0166
0.036267    0.017279    0.028081
0.034583    0.010998    0.037814
0.032064   0.0015968    0.044317
0.029093  -0.0094925      0.0466
0.026122   -0.020582    0.044317
F
1   3  20
1  4  3
1  14   4
1  17  14
1  19  34
1  20  19
1  34  17
3   4  21
3  21  20
4   5  21
4  6  5
4  14   6
5   6  22
5  22  21
6   7  24
6  8  7
6  11   8
6  14  11
6  23  22
6  24  23
7   8  24
8   9  25
8  10   9
8  11  10
8  25  24
9  10  26
9  26  25
10  11  28
10  27  26
10  28  27
11  12  28
11  14  12
12  13  30
12  14  13
12  29  28
12  30  29
13  14  30
14  15  31
14  17  15
14  31  30
15  16  33
15  17  16
15  32  31
15  33  32
16  17  33
17  34  33
19  20  32
19  32  34
20  21  22
20  22  23
20  23  27
20  27  29
20  29  32
23  24  26
23  26  27
24  25  26
27  28  29
29  30  31
29  31  32
32  33  34
