5 
neck_2 
V
-0.022   -0.010607    0.034106
-0.022  -7.753e-08      0.0235
-0.022   -0.013858     0.02924
-0.022      -0.015      0.0235
-0.022   -0.013858     0.01776
-0.022   -0.010607    0.012893
-0.022  -0.0057403   0.0096417
-0.022 -1.3263e-07   0.0084998
-0.022   0.0057401   0.0096416
-0.022    0.010606    0.012893
-0.022    0.013858    0.017759
-0.022       0.015      0.0235
-0.022001    0.013858     0.02924
-0.022001    0.010606    0.034106
-0.022001   0.0057402    0.037358
-0.022001 -2.2432e-08      0.0385
-0.022  -0.0057402    0.037358
0.011  1.9855e-07      0.0235
0.011   -0.010606    0.034107
0.011   -0.013858     0.02924
0.011      -0.015      0.0235
0.011   -0.013858     0.01776
0.011   -0.010606    0.012894
0.011  -0.0057401    0.009642
0.011  1.4345e-07   0.0085002
0.011   0.0057403    0.009642
0.011    0.010607    0.012894
0.011    0.013858     0.01776
0.011       0.015      0.0235
0.010999    0.013858     0.02924
0.010999    0.010607    0.034107
0.010999   0.0057405    0.037358
0.010999  2.5365e-07      0.0385
0.011    -0.00574    0.037358
F
1   3  19
1  4  3
1  14   4
1  17  14
1  19  17
3   4  21
3  20  19
3  21  20
4   5  21
4  7  5
4  14   7
5   6  23
5  7  6
5  22  21
5  23  22
6   7  23
7   8  25
7  9  8
7  14   9
7  24  23
7  25  24
8   9  25
9  10  27
9  11  10
9  14  11
9  26  25
9  27  26
10  11  28
10  28  27
11  12  28
11  13  12
11  14  13
12  13  30
12  29  28
12  30  29
13  14  30
14  15  32
14  16  15
14  17  16
14  31  30
14  32  31
15  16  32
16  17  33
16  33  32
17  19  34
17  34  33
19  20  34
20  21  22
20  22  25
20  25  33
20  33  34
22  23  25
23  24  25
25  26  27
25  27  32
25  32  33
27  28  29
27  29  32
29  30  31
29  31  32
