32 
r_shoulder_2 
V
0.023651    0.029801    0.037814
0.029142   0.0093111      0.0166
0.021968    0.036083    0.028081
0.021377    0.038289      0.0166
0.021968    0.036083   0.0051199
0.023652    0.029802  -0.0046129
0.026171      0.0204   -0.011116
0.029142   0.0093112     -0.0134
0.032114  -0.0017781   -0.011116
0.034633   -0.011179  -0.0046129
0.036316   -0.017461   0.0051199
0.036907   -0.019667      0.0166
0.036315   -0.017461    0.028081
0.034632   -0.011179    0.037814
0.032113  -0.0017783    0.044317
0.029142    0.009311      0.0466
0.02617      0.0204    0.044317
-0.027848  -0.0059593      0.0166
-0.033338    0.014531    0.037813
-0.035021    0.020813     0.02808
-0.035612    0.023018      0.0166
-0.035021    0.020813   0.0051193
-0.033338    0.014531  -0.0046134
-0.030819   0.0051301   -0.011117
-0.027847  -0.0059592     -0.0134
-0.024876   -0.017048   -0.011117
-0.022357   -0.026449  -0.0046135
-0.020674   -0.032731   0.0051192
-0.020083   -0.034937      0.0166
-0.020674   -0.032731     0.02808
-0.022357    -0.02645    0.037813
-0.024876   -0.017049    0.044316
-0.027848  -0.0059594      0.0466
-0.030819   0.0051298    0.044316
F
1   3  20
1  4  3
1  16   4
1  17  16
1  19  34
1  20  19
1  34  17
2   7  16
2  8  7
2  9  8
2  16   9
3   4  20
4   5  22
4  7  5
4  16   7
4  21  20
4  22  21
5   6  22
5  7  6
6   7  24
6  23  22
6  24  23
7   8  24
8   9  25
8  25  24
9  10  26
9  11  10
9  12  11
9  13  12
9  16  13
9  26  25
10  11  28
10  27  26
10  28  27
11  12  28
12  13  30
12  29  28
12  30  29
13  14  30
13  15  14
13  16  15
14  15  32
14  31  30
14  32  31
15  16  32
16  17  33
16  33  32
17  34  33
19  20  34
20  21  34
21  22  24
21  24  34
22  23  24
24  25  26
24  26  28
24  28  33
24  33  34
26  27  28
28  29  30
28  30  32
28  32  33
30  31  32
